Nucleotide	Sequence	Modified_mutations	Modified_read_depth	Modified_effective_depth	Modified_rate	Modified_off_target_mapped_depth	Modified_low_mapq_mapped_depth	Modified_mapped_depth	Untreated_mutations	Untreated_read_depth	Untreated_effective_depth	Untreated_rate	Untreated_off_target_mapped_depth	Untreated_low_mapq_mapped_depth	Untreated_mapped_depth	Denatured_mutations	Denatured_read_depth	Denatured_effective_depth	Denatured_rate	Denatured_off_target_mapped_depth	Denatured_low_mapq_mapped_depth	Denatured_mapped_depth	Reactivity_profile	Std_err	HQ_profile	HQ_stderr	Norm_profile	Norm_stderr
1	C	0	10365	10131	0.000000	0	325	10365	0	6507	6362	0.000000	0	171	6507	0	0	0	nan	0	0	0	0.000000	0.000000	0.000000	0.000000	0.000000	0.000000
2	G	0	11249	10939	0.000000	0	361	11249	0	6602	6425	0.000000	0	174	6602	0	0	0	nan	0	0	0	0.000000	0.000000	0.000000	0.000000	0.000000	0.000000
3	C	197	11959	11433	0.017231	0	383	11959	80	6691	6385	0.012529	0	176	6691	0	0	0	nan	0	0	0	0.004701	0.001863	0.004701	0.001863	0.100450	0.039808
4	G	341	12020	11381	0.029962	0	385	12020	78	6699	6324	0.012334	0	176	6699	0	0	0	nan	0	0	0	0.017628	0.002141	0.017628	0.002141	0.376672	0.045749
5	G	285	12117	11274	0.025279	0	388	12117	82	6709	6234	0.013154	0	176	6709	0	0	0	nan	0	0	0	0.012126	0.002086	0.012126	0.002086	0.259107	0.044573
6	G	436	12161	11289	0.038622	0	389	12161	71	6722	6249	0.011362	0	177	6722	0	0	0	nan	0	0	0	0.027260	0.002289	0.027260	0.002289	0.582488	0.048911
7	G	599	12214	11317	0.052929	0	390	12214	88	6742	6269	0.014037	0	177	6742	0	0	0	nan	0	0	0	0.038892	0.002630	0.038892	0.002630	0.831038	0.056197
8	U	2251	12430	11569	0.194572	0	397	12430	1047	6831	6344	0.165038	0	179	6831	0	0	0	nan	0	0	0	0.029534	0.006545	nan	nan	nan	nan
9	G	184	12746	11881	0.015487	0	403	12746	80	6938	6477	0.012351	0	182	6938	0	0	0	nan	0	0	0	0.003136	0.001792	0.003136	0.001792	0.067010	0.038291
10	G	165	12872	11902	0.013863	0	406	12872	26	6972	6471	0.004018	0	182	6972	0	0	0	nan	0	0	0	0.009845	0.001336	0.009845	0.001336	0.210366	0.028547
11	A	179	12946	12084	0.014813	0	408	12946	22	7005	6590	0.003338	0	182	7005	0	0	0	nan	0	0	0	0.011475	0.001316	0.011475	0.001316	0.245196	0.028120
12	G	208	12975	12258	0.016969	0	408	12975	60	7014	6680	0.008982	0	182	7014	0	0	0	nan	0	0	0	0.007986	0.001652	0.007986	0.001652	0.170644	0.035300
13	C	91	13020	12248	0.007430	0	408	13020	29	7029	6561	0.004420	0	182	7029	0	0	0	nan	0	0	0	0.003010	0.001132	0.003010	0.001132	0.064317	0.024188
14	A	450	13048	12281	0.036642	0	408	13048	21	7041	6567	0.003198	0	182	7041	0	0	0	nan	0	0	0	0.033444	0.001863	0.033444	0.001863	0.714626	0.039808
15	G	205	13130	12312	0.016650	0	408	13130	88	7048	6547	0.013441	0	182	7048	0	0	0	nan	0	0	0	0.003209	0.001845	0.003209	0.001845	0.068569	0.039424
16	C	349	13164	12625	0.027644	0	409	13164	67	7057	6797	0.009857	0	183	7057	0	0	0	nan	0	0	0	0.017786	0.001908	0.017786	0.001908	0.380049	0.040770
17	C	1760	13187	12716	0.138408	0	410	13187	62	7066	6841	0.009063	0	183	7066	0	0	0	nan	0	0	0	0.129345	0.003494	0.129345	0.003494	2.763824	0.074659
18	U	175	13266	12749	0.013727	0	411	13266	66	7105	6853	0.009631	0	183	7105	0	0	0	nan	0	0	0	0.004096	0.001575	0.004096	0.001575	0.087523	0.033654
19	G	448	13296	12638	0.035449	0	414	13296	86	7126	6827	0.012597	0	184	7126	0	0	0	nan	0	0	0	0.022852	0.002156	0.022852	0.002156	0.488298	0.046069
20	G	785	13344	12783	0.061410	0	414	13344	60	7131	6826	0.008790	0	185	7131	0	0	0	nan	0	0	0	0.052620	0.002468	0.052620	0.002468	1.124376	0.052736
21	U	149	13402	12864	0.011583	0	416	13402	83	7144	6856	0.012106	0	186	7144	0	0	0	nan	0	0	0	-0.000523	0.001633	-0.000523	0.001633	-0.011175	0.034894
22	A	43	13411	12967	0.003316	0	416	13411	5	7148	6912	0.000723	0	187	7148	0	0	0	nan	0	0	0	0.002593	0.000600	0.002593	0.000600	0.055407	0.012821
23	G	260	13423	12954	0.020071	0	416	13423	113	7155	6913	0.016346	0	187	7155	0	0	0	nan	0	0	0	0.003725	0.001978	0.003725	0.001978	0.079595	0.042266
24	C	135	13430	13001	0.010384	0	413	13430	50	7167	6933	0.007212	0	185	7167	0	0	0	nan	0	0	0	0.003172	0.001356	0.003172	0.001356	0.067779	0.028975
25	U	126	13470	12865	0.009794	0	411	13470	82	7199	6854	0.011964	0	183	7199	0	0	0	nan	0	0	0	-0.002170	0.001583	-0.002170	0.001583	-0.046368	0.033825
26	C	118	13480	12752	0.009253	0	403	13480	62	7208	6786	0.009136	0	178	7208	0	0	0	nan	0	0	0	0.000117	0.001439	0.000117	0.001439	0.002500	0.030748
27	G	332	13488	12538	0.026480	0	394	13488	57	7217	6706	0.008500	0	177	7217	0	0	0	nan	0	0	0	0.017980	0.001838	0.017980	0.001838	0.384194	0.039274
28	U	319	13529	12702	0.025114	0	385	13529	166	7248	6810	0.024376	0	177	7248	0	0	0	nan	0	0	0	0.000738	0.002357	0.000738	0.002357	0.015769	0.050364
29	C	115	13543	12600	0.009127	0	386	13543	52	7252	6778	0.007672	0	173	7252	0	0	0	nan	0	0	0	0.001455	0.001362	0.001455	0.001362	0.031090	0.029103
30	G	290	13547	12494	0.023211	0	382	13547	100	7258	6707	0.014910	0	168	7258	0	0	0	nan	0	0	0	0.008301	0.002020	0.008301	0.002020	0.177375	0.043163
31	G	282	13551	12345	0.022843	0	380	13551	44	7258	6636	0.006631	0	166	7258	0	0	0	nan	0	0	0	0.016213	0.001688	0.016213	0.001688	0.346437	0.036069
32	G	341	13553	12471	0.027343	0	378	13553	98	7260	6666	0.014701	0	161	7260	0	0	0	nan	0	0	0	0.012642	0.002097	0.012642	0.002097	0.270132	0.044808
33	C	772	13557	12644	0.061057	0	374	13557	450	7260	6749	0.066677	0	160	7260	0	0	0	nan	0	0	0	-0.005620	0.003835	nan	nan	nan	nan
34	U	197	13651	12848	0.015333	0	370	13651	124	7285	6838	0.018134	0	159	7285	0	0	0	nan	0	0	0	-0.002801	0.001961	-0.002801	0.001961	-0.059851	0.041902
35	C	1024	13670	12696	0.080655	0	368	13670	17	7287	6748	0.002519	0	158	7287	0	0	0	nan	0	0	0	0.078136	0.002593	0.078136	0.002593	1.669598	0.055407
36	A	354	13710	12635	0.028017	0	368	13710	22	7293	6725	0.003271	0	157	7293	0	0	0	nan	0	0	0	0.024746	0.001644	0.024746	0.001644	0.528769	0.035129
37	U	172	13719	12458	0.013806	0	364	13719	43	7294	6612	0.006503	0	155	7294	0	0	0	nan	0	0	0	0.007303	0.001446	0.007303	0.001446	0.156049	0.030898
38	A	443	13728	11358	0.039003	0	357	13728	7	7297	6015	0.001164	0	150	7297	0	0	0	nan	0	0	0	0.037840	0.001905	0.037840	0.001905	0.808559	0.040706
39	A	1095	13730	11336	0.096595	0	346	13730	43	7298	6038	0.007122	0	145	7298	0	0	0	nan	0	0	0	0.089473	0.003115	0.089473	0.003115	1.911845	0.066561
40	C	116	13737	11384	0.010190	0	343	13737	55	7298	6073	0.009056	0	144	7298	0	0	0	nan	0	0	0	0.001133	0.001545	0.001133	0.001545	0.024210	0.033013
41	C	90	13737	12589	0.007149	0	342	13737	55	7298	6774	0.008119	0	142	7298	0	0	0	nan	0	0	0	-0.000970	0.001329	-0.000970	0.001329	-0.020727	0.028398
42	C	69	13739	12527	0.005508	0	333	13739	39	7300	6679	0.005839	0	140	7300	0	0	0	nan	0	0	0	-0.000331	0.001146	-0.000331	0.001146	-0.007073	0.024488
43	G	391	13740	12658	0.030890	0	325	13740	21	7300	6727	0.003122	0	134	7300	0	0	0	nan	0	0	0	0.027768	0.001704	0.027768	0.001704	0.593342	0.036411
44	A	108	13740	12850	0.008405	0	323	13740	24	7300	6794	0.003533	0	133	7300	0	0	0	nan	0	0	0	0.004872	0.001084	0.004872	0.001084	0.104104	0.023163
45	A	55	13743	12795	0.004299	0	313	13743	21	7301	6786	0.003095	0	120	7301	0	0	0	nan	0	0	0	0.001204	0.000890	0.001204	0.000890	0.025727	0.019017
46	G	546	13747	12361	0.044171	0	282	13747	128	7301	6512	0.019656	0	100	7301	0	0	0	nan	0	0	0	0.024515	0.002567	0.024515	0.002567	0.523833	0.054851
47	A	4	13750	11948	0.000335	0	264	13750	3	7302	6235	0.000481	0	89	7302	0	0	0	nan	0	0	0	-0.000146	0.000324	-0.000146	0.000324	-0.003120	0.006923
48	U	204	13739	11688	0.017454	0	277	13739	105	7289	6089	0.017244	0	94	7289	0	0	0	nan	0	0	0	0.000210	0.002080	0.000210	0.002080	0.004487	0.044445
49	C	119	13727	11731	0.010144	0	279	13727	58	7283	6127	0.009466	0	94	7283	0	0	0	nan	0	0	0	0.000678	0.001552	0.000678	0.001552	0.014487	0.033163
50	G	517	13716	11724	0.044098	0	284	13716	54	7275	6185	0.008731	0	96	7275	0	0	0	nan	0	0	0	0.035367	0.002274	0.035367	0.002274	0.755717	0.048590
51	U	280	13710	12079	0.023181	0	293	13710	156	7271	6394	0.024398	0	100	7271	0	0	0	nan	0	0	0	-0.001217	0.002395	-0.001217	0.002395	-0.026005	0.051176
52	C	134	13701	12379	0.010825	0	296	13701	68	7262	6628	0.010260	0	101	7262	0	0	0	nan	0	0	0	0.000565	0.001556	0.000565	0.001556	0.012073	0.033248
53	G	394	13680	12529	0.031447	0	298	13680	83	7250	6679	0.012427	0	104	7250	0	0	0	nan	0	0	0	0.019020	0.002091	0.019020	0.002091	0.406416	0.044680
54	G	328	13676	12177	0.026936	0	299	13676	70	7249	6403	0.010932	0	104	7249	0	0	0	nan	0	0	0	0.016004	0.001980	0.016004	0.001980	0.341971	0.042308
55	U	220	13674	12188	0.018051	0	299	13674	119	7248	6392	0.018617	0	105	7248	0	0	0	nan	0	0	0	-0.000566	0.002096	-0.000566	0.002096	-0.012094	0.044787
56	U	237	13670	11924	0.019876	0	299	13670	122	7251	6288	0.019402	0	105	7251	0	0	0	nan	0	0	0	0.000474	0.002180	0.000474	0.002180	0.010128	0.046582
57	C	192	13663	12197	0.015742	0	299	13663	85	7246	6516	0.013045	0	105	7246	0	0	0	nan	0	0	0	0.002697	0.001815	0.002697	0.001815	0.057629	0.038783
58	A	242	13658	12271	0.019721	0	299	13658	20	7241	6561	0.003048	0	105	7241	0	0	0	nan	0	0	0	0.016673	0.001439	0.016673	0.001439	0.356266	0.030748
59	A	1206	13645	12432	0.097008	0	299	13645	11	7237	6596	0.001668	0	105	7237	0	0	0	nan	0	0	0	0.095340	0.002838	0.095340	0.002838	2.037211	0.060642
60	A	180	13617	11885	0.015145	0	298	13617	75	7221	6275	0.011952	0	105	7221	0	0	0	nan	0	0	0	0.003193	0.001783	0.003193	0.001783	0.068228	0.038099
61	U	127	13559	11121	0.011420	0	296	13559	66	7188	5891	0.011204	0	105	7188	0	0	0	nan	0	0	0	0.000216	0.001711	0.000216	0.001711	0.004615	0.036560
62	C	139	13537	10885	0.012770	0	296	13537	66	7179	5777	0.011425	0	105	7179	0	0	0	nan	0	0	0	0.001345	0.001775	0.001345	0.001775	0.028740	0.037928
63	C	74	13526	10391	0.007122	0	295	13526	34	7173	5582	0.006091	0	105	7173	0	0	0	nan	0	0	0	0.001031	0.001333	0.001031	0.001333	0.022030	0.028483
64	G	194	13505	10355	0.018735	0	295	13505	53	7157	5539	0.009569	0	104	7157	0	0	0	nan	0	0	0	0.009166	0.001881	0.009166	0.001881	0.195858	0.040193
65	G	194	13500	10509	0.018460	0	295	13500	60	7150	5666	0.010589	0	104	7150	0	0	0	nan	0	0	0	0.007871	0.001904	0.007871	0.001904	0.168186	0.040684
66	C	150	13499	11202	0.013390	0	295	13499	65	7148	6014	0.010808	0	104	7148	0	0	0	nan	0	0	0	0.002582	0.001730	0.002582	0.001730	0.055172	0.036966
67	C	78	13488	11739	0.006645	0	294	13488	46	7145	6292	0.007311	0	104	7145	0	0	0	nan	0	0	0	-0.000666	0.001315	-0.000666	0.001315	-0.014231	0.028099
68	C	64	13481	11942	0.005359	0	294	13481	23	7141	6381	0.003604	0	104	7141	0	0	0	nan	0	0	0	0.001755	0.001007	0.001755	0.001007	0.037501	0.021517
69	C	64	13477	12120	0.005281	0	294	13477	32	7139	6426	0.004980	0	104	7139	0	0	0	nan	0	0	0	0.000301	0.001100	0.000301	0.001100	0.006432	0.023505
70	C	75	13467	11480	0.006533	0	294	13467	27	7130	6071	0.004447	0	104	7130	0	0	0	nan	0	0	0	0.002086	0.001141	0.002086	0.001141	0.044573	0.024381
71	G	710	13445	11497	0.061755	0	293	13445	61	7122	6074	0.010043	0	104	7122	0	0	0	nan	0	0	0	0.051712	0.002650	0.051712	0.002650	1.104974	0.056625
72	C	70	13443	10792	0.006486	0	293	13443	28	7119	5643	0.004962	0	104	7119	0	0	0	nan	0	0	0	0.001524	0.001217	0.001524	0.001217	0.032565	0.026005
73	A	172	13442	10053	0.017109	0	293	13442	15	7118	5151	0.002912	0	104	7118	0	0	0	nan	0	0	0	0.014197	0.001506	0.014197	0.001506	0.303359	0.032180
74	A	72	13395	9975	0.007218	0	291	13395	4	7109	5121	0.000781	0	103	7109	0	0	0	nan	0	0	0	0.006437	0.000936	0.006437	0.000936	0.137545	0.020000
75	C	787	13372	10338	0.076127	0	291	13372	42	7108	5384	0.007801	0	103	7108	0	0	0	nan	0	0	0	0.068326	0.002969	0.068326	0.002969	1.459980	0.063441
76	C	480	13317	10907	0.044008	0	289	13317	7	7089	5983	0.001170	0	103	7089	0	0	0	nan	0	0	0	0.042838	0.002057	0.042838	0.002057	0.915356	0.043954
77	A	0	12497	0	nan	0	269	12497	0	6900	0	nan	0	101	6900	0	0	0	nan	0	0	0	nan	nan	nan	nan	nan	nan