Nucleotide	Sequence	Modified_mutations	Modified_read_depth	Modified_effective_depth	Modified_rate	Modified_off_target_mapped_depth	Modified_low_mapq_mapped_depth	Modified_mapped_depth	Untreated_mutations	Untreated_read_depth	Untreated_effective_depth	Untreated_rate	Untreated_off_target_mapped_depth	Untreated_low_mapq_mapped_depth	Untreated_mapped_depth	Denatured_mutations	Denatured_read_depth	Denatured_effective_depth	Denatured_rate	Denatured_off_target_mapped_depth	Denatured_low_mapq_mapped_depth	Denatured_mapped_depth	Reactivity_profile	Std_err	HQ_profile	HQ_stderr	Norm_profile	Norm_stderr
1	G	0	69221	67741	0.000000	0	0	69221	0	109808	107436	0.000000	0	0	109808	0	0	0	nan	0	0	0	0.000000	0.000000	0.000000	0.000000	0.000000	0.000000
2	U	0	73033	71107	0.000000	0	0	73033	0	111769	108767	0.000000	0	0	111769	0	0	0	nan	0	0	0	0.000000	0.000000	0.000000	0.000000	0.000000	0.000000
3	C	233	74057	71939	0.003239	0	0	74057	318	112851	109510	0.002904	0	0	112851	0	0	0	nan	0	0	0	0.000335	0.000267	0.000335	0.000267	0.007901	0.006297
4	C	346	74579	72190	0.004793	0	0	74579	375	113288	109432	0.003427	0	0	113288	0	0	0	nan	0	0	0	0.001366	0.000313	0.001366	0.000313	0.032216	0.007382
5	C	338	74899	71931	0.004699	0	0	74899	407	113581	108833	0.003740	0	0	113581	0	0	0	nan	0	0	0	0.000959	0.000316	0.000959	0.000316	0.022617	0.007453
6	C	645	75167	70632	0.009132	0	0	75167	768	113822	106571	0.007206	0	0	113822	0	0	0	nan	0	0	0	0.001925	0.000444	0.001925	0.000444	0.045399	0.010471
7	U	972	76335	71154	0.013661	0	0	76335	1190	115074	106640	0.011159	0	0	115074	0	0	0	nan	0	0	0	0.002501	0.000545	0.002501	0.000545	0.058983	0.012853
8	U	1072	79811	74708	0.014349	0	0	79811	1360	118861	110611	0.012295	0	0	118861	0	0	0	nan	0	0	0	0.002054	0.000551	0.002054	0.000551	0.048441	0.012995
9	C	726	80839	76881	0.009443	0	0	80839	815	120024	113698	0.007168	0	0	120024	0	0	0	nan	0	0	0	0.002275	0.000431	0.002275	0.000431	0.053653	0.010165
10	G	995	81519	77588	0.012824	0	0	81519	746	120930	114683	0.006505	0	0	120930	0	0	0	nan	0	0	0	0.006319	0.000471	0.006319	0.000471	0.149027	0.011108
11	U	1606	82569	78319	0.020506	0	0	82569	2195	122159	115296	0.019038	0	0	122159	0	0	0	nan	0	0	0	0.001468	0.000653	0.001468	0.000653	0.034621	0.015400
12	C	967	82936	78753	0.012279	0	0	82936	1213	122772	116089	0.010449	0	0	122772	0	0	0	nan	0	0	0	0.001830	0.000496	0.001830	0.000496	0.043159	0.011698
13	U	632	85749	82146	0.007694	0	0	85749	909	127350	121553	0.007478	0	0	127350	0	0	0	nan	0	0	0	0.000215	0.000394	0.000215	0.000394	0.005071	0.009292
14	A	654	87225	82362	0.007941	0	0	87225	460	130030	122376	0.003759	0	0	130030	0	0	0	nan	0	0	0	0.004182	0.000357	0.004182	0.000357	0.098628	0.008419
15	G	914	87502	83432	0.010955	0	0	87502	600	130253	124145	0.004833	0	0	130253	0	0	0	nan	0	0	0	0.006122	0.000413	0.006122	0.000413	0.144381	0.009740
16	A	3164	87666	81885	0.038640	0	0	87666	484	130550	121733	0.003976	0	0	130550	0	0	0	nan	0	0	0	0.034664	0.000710	0.034664	0.000710	0.817514	0.016745
17	G	2889	87898	82178	0.035155	0	0	87898	1371	130643	122345	0.011206	0	0	130643	0	0	0	nan	0	0	0	0.023949	0.000721	0.023949	0.000721	0.564812	0.017004
18	G	1935	87992	82588	0.023430	0	0	87992	1489	130718	123269	0.012079	0	0	130718	0	0	0	nan	0	0	0	0.011350	0.000618	0.011350	0.000618	0.267678	0.014575
19	C	5743	88161	84171	0.068230	0	0	88161	1152	130835	125539	0.009176	0	0	130835	0	0	0	nan	0	0	0	0.059054	0.000940	0.059054	0.000940	1.392727	0.022169
20	C	790	88299	84750	0.009322	0	0	88299	967	131070	126308	0.007656	0	0	131070	0	0	0	nan	0	0	0	0.001666	0.000413	0.001666	0.000413	0.039291	0.009740
21	C	4192	88420	83468	0.050223	0	0	88420	653	131352	123933	0.005269	0	0	131352	0	0	0	nan	0	0	0	0.044954	0.000803	0.044954	0.000803	1.060193	0.018938
22	A	362	88590	82048	0.004412	0	0	88590	316	131568	121689	0.002597	0	0	131568	0	0	0	nan	0	0	0	0.001815	0.000274	0.001815	0.000274	0.042805	0.006462
23	G	1380	88605	80787	0.017082	0	0	88605	1939	131577	119564	0.016217	0	0	131577	0	0	0	nan	0	0	0	0.000865	0.000589	0.000865	0.000589	0.020400	0.013891
24	G	581	88614	81295	0.007147	0	0	88614	589	131603	121167	0.004861	0	0	131603	0	0	0	nan	0	0	0	0.002286	0.000358	0.002286	0.000358	0.053913	0.008443
25	A	1398	88647	83167	0.016810	0	0	88647	929	131670	124218	0.007479	0	0	131670	0	0	0	nan	0	0	0	0.009331	0.000512	0.009331	0.000512	0.220062	0.012075
26	C	476	88644	85028	0.005598	0	0	88644	477	131658	127735	0.003734	0	0	131658	0	0	0	nan	0	0	0	0.001864	0.000308	0.001864	0.000308	0.043960	0.007264
27	A	4082	88634	85041	0.048000	0	0	88634	1173	131706	127092	0.009230	0	0	131706	0	0	0	nan	0	0	0	0.038771	0.000798	0.038771	0.000798	0.914373	0.018820
28	C	947	88627	80808	0.011719	0	0	88627	1263	131665	120082	0.010518	0	0	131665	0	0	0	nan	0	0	0	0.001201	0.000482	0.001201	0.000482	0.028324	0.011367
29	C	572	88592	76669	0.007461	0	0	88592	586	131593	114121	0.005135	0	0	131593	0	0	0	nan	0	0	0	0.002326	0.000377	0.002326	0.000377	0.054856	0.008891
30	G	2841	88506	76303	0.037233	0	0	88506	1478	131492	113486	0.013024	0	0	131492	0	0	0	nan	0	0	0	0.024210	0.000776	0.024210	0.000776	0.570967	0.018301
31	C	876	88480	78823	0.011114	0	0	88480	1160	131417	117672	0.009858	0	0	131417	0	0	0	nan	0	0	0	0.001256	0.000474	0.001256	0.000474	0.029621	0.011179
32	C	427	88405	82488	0.005177	0	0	88405	580	131301	123047	0.004714	0	0	131301	0	0	0	nan	0	0	0	0.000463	0.000318	0.000463	0.000318	0.010919	0.007500
33	C	2665	88189	75444	0.035324	0	0	88189	1308	131054	112640	0.011612	0	0	131054	0	0	0	nan	0	0	0	0.023712	0.000756	0.023712	0.000756	0.559223	0.017829
34	U	881	88042	73608	0.011969	0	0	88042	1572	130868	109532	0.014352	0	1	130868	0	0	0	nan	0	0	0	-0.002383	0.000542	-0.002383	0.000542	-0.056201	0.012783
35	U	11124	88124	73693	0.150951	0	0	88124	5344	130896	109061	0.049000	0	5	130896	0	0	0	nan	0	0	0	0.101950	0.001580	0.101950	0.001580	2.404384	0.037263
36	U	1297	88805	75687	0.017136	0	2	88805	2427	131127	111478	0.021771	0	12	131127	0	0	0	nan	0	0	0	-0.004635	0.000649	-0.004635	0.000649	-0.109312	0.015306
37	C	4777	88730	70432	0.067824	0	2	88730	1402	130815	102206	0.013717	0	15	130815	0	0	0	nan	0	0	0	0.054107	0.001047	0.054107	0.001047	1.276057	0.024692
38	A	964	88902	69180	0.013935	0	2	88902	1463	130887	101213	0.014455	0	16	130887	0	0	0	nan	0	0	0	-0.000520	0.000587	-0.000520	0.000587	-0.012264	0.013844
39	C	5151	88828	70238	0.073336	0	2	88828	1142	130737	101765	0.011222	0	16	130737	0	0	0	nan	0	0	0	0.062114	0.001074	0.062114	0.001074	1.464894	0.025329
40	G	1465	88795	75705	0.019351	0	2	88795	1045	130531	112159	0.009317	0	16	130531	0	0	0	nan	0	0	0	0.010034	0.000582	0.010034	0.000582	0.236641	0.013726
41	G	2557	88744	76856	0.033270	0	2	88744	964	130450	113544	0.008490	0	16	130450	0	0	0	nan	0	0	0	0.024780	0.000713	0.024780	0.000713	0.584410	0.016815
42	C	751	88714	79375	0.009461	0	2	88714	984	130425	117336	0.008386	0	16	130425	0	0	0	nan	0	0	0	0.001075	0.000437	0.001075	0.000437	0.025353	0.010306
43	G	1194	88707	81252	0.014695	0	2	88707	919	130413	119534	0.007688	0	16	130413	0	0	0	nan	0	0	0	0.007007	0.000495	0.007007	0.000495	0.165253	0.011674
44	G	1294	88705	79930	0.016189	0	2	88705	536	130400	117677	0.004555	0	16	130400	0	0	0	nan	0	0	0	0.011634	0.000491	0.011634	0.000491	0.274376	0.011580
45	U	787	88712	81610	0.009643	0	2	88712	1193	130406	120371	0.009911	0	16	130406	0	0	0	nan	0	0	0	-0.000268	0.000448	-0.000268	0.000448	-0.006320	0.010566
46	A	106	88711	83228	0.001274	0	2	88711	65	130417	122840	0.000529	0	16	130417	0	0	0	nan	0	0	0	0.000744	0.000140	0.000744	0.000140	0.017546	0.003302
47	A	240	88691	83557	0.002872	0	2	88691	289	130402	123070	0.002348	0	16	130402	0	0	0	nan	0	0	0	0.000524	0.000231	0.000524	0.000231	0.012358	0.005448
48	C	529	88586	83301	0.006350	0	2	88586	591	130198	122511	0.004824	0	16	130198	0	0	0	nan	0	0	0	0.001526	0.000340	0.001526	0.000340	0.035989	0.008019
49	A	582	88441	74845	0.007776	0	2	88441	399	129969	109004	0.003660	0	16	129969	0	0	0	nan	0	0	0	0.004116	0.000371	0.004116	0.000371	0.097072	0.008750
50	G	1462	88212	73021	0.020022	0	2	88212	1812	129589	106012	0.017092	0	16	129589	0	0	0	nan	0	0	0	0.002929	0.000660	0.002929	0.000660	0.069077	0.015565
51	G	1417	88160	72366	0.019581	0	2	88160	1532	129486	105022	0.014587	0	17	129486	0	0	0	nan	0	0	0	0.004994	0.000640	0.004994	0.000640	0.117778	0.015094
52	G	1720	88098	78273	0.021974	0	2	88098	1426	129441	114739	0.012428	0	18	129441	0	0	0	nan	0	0	0	0.009546	0.000624	0.009546	0.000624	0.225132	0.014716
53	G	2470	88015	80566	0.030658	0	2	88015	1135	129282	117681	0.009645	0	18	129282	0	0	0	nan	0	0	0	0.021013	0.000680	0.021013	0.000680	0.495570	0.016037
54	U	1323	87944	81515	0.016230	0	2	87944	1944	129218	118885	0.016352	0	18	129218	0	0	0	nan	0	0	0	-0.000122	0.000580	-0.000122	0.000580	-0.002877	0.013679
55	U	1025	87912	79117	0.012955	0	2	87912	2248	129215	116547	0.019288	0	18	129215	0	0	0	nan	0	0	0	-0.006333	0.000574	-0.006333	0.000574	-0.149357	0.013537
56	C	645	87802	77835	0.008287	0	2	87802	576	129150	115598	0.004983	0	18	129150	0	0	0	nan	0	0	0	0.003304	0.000387	0.003304	0.000387	0.077921	0.009127
57	G	167	87746	76432	0.002185	0	2	87746	530	129089	115654	0.004583	0	18	129089	0	0	0	nan	0	0	0	-0.002398	0.000261	-0.002398	0.000261	-0.056554	0.006155
58	A	51869	87665	77954	0.665380	0	2	87665	278	129053	117639	0.002363	0	18	129053	0	0	0	nan	0	0	0	0.663016	0.002925	0.663016	0.002925	15.636538	0.068983
59	A	795	87648	78473	0.010131	0	2	87648	1120	128968	114927	0.009745	0	18	128968	0	0	0	nan	0	0	0	0.000386	0.000462	0.000386	0.000462	0.009103	0.010896
60	U	726	87577	74154	0.009790	0	2	87577	1775	128840	107240	0.016552	0	18	128840	0	0	0	nan	0	0	0	-0.006761	0.000535	-0.006761	0.000535	-0.159451	0.012617
61	C	320	87472	70616	0.004532	0	2	87472	954	128696	101548	0.009395	0	18	128696	0	0	0	nan	0	0	0	-0.004863	0.000396	-0.004863	0.000396	-0.114689	0.009339
62	C	405	87449	69833	0.005800	0	2	87449	694	128677	102359	0.006780	0	18	128677	0	0	0	nan	0	0	0	-0.000981	0.000386	-0.000981	0.000386	-0.023136	0.009103
63	C	443	87392	73686	0.006012	0	2	87392	682	128500	107925	0.006319	0	15	128500	0	0	0	nan	0	0	0	-0.000307	0.000374	-0.000307	0.000374	-0.007240	0.008820
64	C	715	87250	71128	0.010052	0	2	87250	1104	128207	103321	0.010685	0	15	128207	0	0	0	nan	0	0	0	-0.000633	0.000495	-0.000633	0.000495	-0.014929	0.011674
65	U	1059	87028	74080	0.014295	0	1	87028	1386	127639	106939	0.012961	0	11	127639	0	0	0	nan	0	0	0	0.001335	0.000561	0.001335	0.000561	0.031485	0.013231
66	A	372	86911	71757	0.005184	0	1	86911	396	127439	103168	0.003838	0	10	127439	0	0	0	nan	0	0	0	0.001346	0.000331	0.001346	0.000331	0.031744	0.007806
67	G	1591	86667	73504	0.021645	0	1	86667	1681	127027	106804	0.015739	0	10	127027	0	0	0	nan	0	0	0	0.005906	0.000665	0.005906	0.000665	0.139287	0.015683
68	G	1624	86613	71510	0.022710	0	1	86613	1321	126944	104112	0.012688	0	10	126944	0	0	0	nan	0	0	0	0.010022	0.000663	0.010022	0.000663	0.236358	0.015636
69	G	2711	86540	73292	0.036989	0	1	86540	1609	126843	107582	0.014956	0	10	126843	0	0	0	nan	0	0	0	0.022033	0.000802	0.022033	0.000802	0.519625	0.018914
70	G	4253	86491	69179	0.061478	0	1	86491	585	126779	100608	0.005815	0	10	126779	0	0	0	nan	0	0	0	0.055664	0.000973	0.055664	0.000973	1.312777	0.022947
71	A	1041	86466	71254	0.014610	0	1	86466	911	126738	103699	0.008785	0	10	126738	0	0	0	nan	0	0	0	0.005825	0.000538	0.005825	0.000538	0.137377	0.012688
72	C	990	86455	70187	0.014105	0	1	86455	930	126730	102258	0.009095	0	10	126730	0	0	0	nan	0	0	0	0.005011	0.000538	0.005011	0.000538	0.118179	0.012688
73	G	3746	86420	77207	0.048519	0	1	86420	983	126697	113647	0.008650	0	10	126697	0	0	0	nan	0	0	0	0.039869	0.000839	0.039869	0.000839	0.940269	0.019787
74	C	2625	86312	76128	0.034481	0	1	86312	641	126592	112490	0.005698	0	10	126592	0	0	0	nan	0	0	0	0.028783	0.000710	0.028783	0.000710	0.678817	0.016745
75	C	1386	86215	73254	0.018920	0	1	86215	178	126469	110765	0.001607	0	10	126469	0	0	0	nan	0	0	0	0.017313	0.000522	0.017313	0.000522	0.408309	0.012311
76	A	0	82998	0	nan	0	0	82998	0	125030	0	nan	0	10	125030	0	0	0	nan	0	0	0	nan	nan	nan	nan	nan	nan