Nucleotide	Sequence	Modified_mutations	Modified_read_depth	Modified_effective_depth	Modified_rate	Modified_off_target_mapped_depth	Modified_low_mapq_mapped_depth	Modified_mapped_depth	Untreated_mutations	Untreated_read_depth	Untreated_effective_depth	Untreated_rate	Untreated_off_target_mapped_depth	Untreated_low_mapq_mapped_depth	Untreated_mapped_depth	Denatured_mutations	Denatured_read_depth	Denatured_effective_depth	Denatured_rate	Denatured_off_target_mapped_depth	Denatured_low_mapq_mapped_depth	Denatured_mapped_depth	Reactivity_profile	Std_err	HQ_profile	HQ_stderr	Norm_profile	Norm_stderr
1	G	0	516	498	0.000000	0	0	516	0	595	576	0.000000	0	0	595	0	0	0	nan	0	0	0	0.000000	0.000000	nan	nan	nan	nan
2	U	0	561	538	0.000000	0	0	561	0	619	594	0.000000	0	0	619	0	0	0	nan	0	0	0	0.000000	0.000000	0.000000	0.000000	0.000000	0.000000
3	C	5	571	552	0.009058	0	0	571	2	629	613	0.003263	0	0	629	0	0	0	nan	0	0	0	0.005795	0.004662	0.005795	0.004662	0.237289	0.190896
4	C	11	582	557	0.019749	0	0	582	1	642	618	0.001618	0	0	642	0	0	0	nan	0	0	0	0.018131	0.006170	0.018131	0.006170	0.742413	0.252644
5	U	5	618	591	0.008460	0	0	618	4	668	645	0.006202	0	0	668	0	0	0	nan	0	0	0	0.002259	0.004892	0.002259	0.004892	0.092500	0.200314
6	C	7	623	587	0.011925	0	0	623	5	674	640	0.007812	0	0	674	0	0	0	nan	0	0	0	0.004113	0.005703	0.004113	0.005703	0.168416	0.233522
7	U	3	675	631	0.004754	0	0	675	6	734	690	0.008696	0	0	734	0	0	0	nan	0	0	0	-0.003941	0.004487	-0.003941	0.004487	-0.161373	0.183730
8	U	104	744	694	0.149856	0	0	744	130	818	768	0.169271	0	0	818	0	0	0	nan	0	0	0	-0.019415	0.020889	nan	nan	nan	nan
9	A	9	811	761	0.011827	0	0	811	1	902	849	0.001178	0	0	902	0	0	0	nan	0	0	0	0.010649	0.004114	0.010649	0.004114	0.436046	0.168457
10	G	17	823	769	0.022107	0	0	823	6	903	851	0.007051	0	0	903	0	0	0	nan	0	0	0	0.015056	0.006085	0.015056	0.006085	0.616501	0.249164
11	U	7	849	795	0.008805	0	0	849	10	930	881	0.011351	0	0	930	0	0	0	nan	0	0	0	-0.002546	0.004895	-0.002546	0.004895	-0.104251	0.200436
12	U	5	882	753	0.006640	0	0	882	6	988	868	0.006912	0	0	988	0	0	0	nan	0	0	0	-0.000272	0.004097	-0.000272	0.004097	-0.011138	0.167761
13	A	5	902	788	0.006345	0	0	902	0	1040	928	0.000000	0	0	1040	0	0	0	nan	0	0	0	0.006345	0.002838	0.006345	0.002838	0.259810	0.116208
14	A	8	905	794	0.010076	0	0	905	2	1045	945	0.002116	0	0	1045	0	0	0	nan	0	0	0	0.007959	0.003864	0.007959	0.003864	0.325898	0.158220
15	A	12	912	883	0.013590	0	0	912	11	1050	1014	0.010848	0	0	1050	0	0	0	nan	0	0	0	0.002742	0.005108	0.002742	0.005108	0.112277	0.209158
16	U	10	916	871	0.011481	0	0	916	17	1054	994	0.017103	0	0	1054	0	0	0	nan	0	0	0	-0.005622	0.005512	-0.005622	0.005512	-0.230205	0.225701
17	G	25	919	864	0.028935	0	0	919	16	1056	978	0.016360	0	0	1056	0	0	0	nan	0	0	0	0.012575	0.007086	0.012575	0.007086	0.514911	0.290152
18	G	13	921	874	0.014874	0	0	921	2	1062	999	0.002002	0	0	1062	0	0	0	nan	0	0	0	0.012872	0.004361	0.012872	0.004361	0.527072	0.178571
19	A	46	931	889	0.051744	0	0	931	6	1068	1016	0.005906	0	0	1068	0	0	0	nan	0	0	0	0.045838	0.008001	0.045838	0.008001	1.876936	0.327618
20	U	4	937	905	0.004420	0	0	937	7	1071	1041	0.006724	0	0	1071	0	0	0	nan	0	0	0	-0.002304	0.003368	-0.002304	0.003368	-0.094342	0.137910
21	A	2	939	904	0.002212	0	0	939	0	1078	1042	0.000000	0	0	1078	0	0	0	nan	0	0	0	0.002212	0.001564	0.002212	0.001564	0.090575	0.064041
22	U	8	941	910	0.008791	0	0	941	11	1082	1050	0.010476	0	0	1082	0	0	0	nan	0	0	0	-0.001685	0.004431	-0.001685	0.004431	-0.068996	0.181437
23	A	3	942	906	0.003311	0	0	942	1	1083	1038	0.000963	0	0	1083	0	0	0	nan	0	0	0	0.002348	0.002141	0.002348	0.002141	0.096144	0.087668
24	A	14	942	907	0.015436	0	0	942	6	1088	1042	0.005758	0	0	1088	0	0	0	nan	0	0	0	0.009677	0.004748	0.009677	0.004748	0.396246	0.194417
25	C	14	942	888	0.015766	0	0	942	14	1087	1024	0.013672	0	0	1087	0	0	0	nan	0	0	0	0.002094	0.005577	0.002094	0.005577	0.085743	0.228362
26	G	19	941	872	0.021789	0	0	941	6	1087	1003	0.005982	0	0	1087	0	0	0	nan	0	0	0	0.015807	0.005563	0.015807	0.005563	0.647252	0.227789
27	A	15	941	861	0.017422	0	0	941	9	1087	978	0.009202	0	0	1087	0	0	0	nan	0	0	0	0.008219	0.005445	0.008219	0.005445	0.336545	0.222957
28	G	23	941	871	0.026406	0	0	941	16	1087	989	0.016178	0	0	1087	0	0	0	nan	0	0	0	0.010228	0.006832	0.010228	0.006832	0.418808	0.279751
29	C	23	941	865	0.026590	0	0	941	22	1087	1006	0.021869	0	0	1087	0	0	0	nan	0	0	0	0.004721	0.007244	0.004721	0.007244	0.193312	0.296621
30	C	11	941	817	0.013464	0	0	941	11	1088	935	0.011765	0	0	1088	0	0	0	nan	0	0	0	0.001699	0.005391	0.001699	0.005391	0.069569	0.220746
31	C	1	941	804	0.001244	0	0	941	1	1089	938	0.001066	0	0	1089	0	0	0	nan	0	0	0	0.000178	0.001638	0.000178	0.001638	0.007289	0.067071
32	C	638	940	804	0.793532	0	0	940	59	1090	944	0.062500	0	0	1090	0	0	0	nan	0	0	0	0.731032	0.032453	nan	nan	nan	nan
33	U	11	944	865	0.012717	0	0	944	7	1098	1036	0.006757	0	0	1098	0	0	0	nan	0	0	0	0.005960	0.004607	0.005960	0.004607	0.244045	0.188644
34	C	24	945	863	0.027810	0	0	945	6	1098	1026	0.005848	0	0	1098	0	0	0	nan	0	0	0	0.021962	0.006158	0.021962	0.006158	0.899282	0.252153
35	C	30	948	866	0.034642	0	0	948	5	1102	1016	0.004921	0	0	1102	0	0	0	nan	0	0	0	0.029721	0.006697	0.029721	0.006697	1.216991	0.274223
36	U	8	953	885	0.009040	0	0	953	6	1107	1029	0.005831	0	0	1107	0	0	0	nan	0	0	0	0.003209	0.003985	0.003209	0.003985	0.131399	0.163174
37	A	30	957	911	0.032931	0	0	957	41	1107	1043	0.039310	0	0	1107	0	0	0	nan	0	0	0	-0.006379	0.008593	-0.006379	0.008593	-0.261202	0.351859
38	A	10	959	918	0.010893	0	0	959	3	1106	1051	0.002854	0	0	1106	0	0	0	nan	0	0	0	0.008039	0.003819	0.008039	0.003819	0.329174	0.156377
39	G	17	960	890	0.019101	0	0	960	14	1106	1024	0.013672	0	0	1106	0	0	0	nan	0	0	0	0.005429	0.005900	0.005429	0.005900	0.222302	0.241588
40	G	22	960	867	0.025375	0	0	960	11	1106	997	0.011033	0	0	1106	0	0	0	nan	0	0	0	0.014342	0.006351	0.014342	0.006351	0.587264	0.260055
41	G	20	960	879	0.022753	0	0	960	11	1106	1003	0.010967	0	0	1106	0	0	0	nan	0	0	0	0.011786	0.006068	0.011786	0.006068	0.482603	0.248467
42	C	1	960	895	0.001117	0	0	960	4	1106	1028	0.003891	0	0	1106	0	0	0	nan	0	0	0	-0.002774	0.002244	-0.002774	0.002244	-0.113587	0.091885
43	U	5	961	908	0.005507	0	0	961	9	1107	1067	0.008435	0	0	1107	0	0	0	nan	0	0	0	-0.002928	0.003738	-0.002928	0.003738	-0.119893	0.153061
44	A	1	960	920	0.001087	0	0	960	0	1107	1079	0.000000	0	0	1107	0	0	0	nan	0	0	0	0.001087	0.001087	0.001087	0.001087	0.044510	0.044510
45	A	6	959	911	0.006586	0	0	959	5	1106	1068	0.004682	0	0	1106	0	0	0	nan	0	0	0	0.001905	0.003408	0.001905	0.003408	0.078004	0.139548
46	U	19	961	889	0.021372	0	0	961	16	1107	1038	0.015414	0	0	1107	0	0	0	nan	0	0	0	0.005958	0.006236	0.005958	0.006236	0.243963	0.255347
47	U	8	962	849	0.009423	0	0	962	8	1107	981	0.008155	0	0	1107	0	0	0	nan	0	0	0	0.001268	0.004406	0.001268	0.004406	0.051921	0.180413
48	G	22	962	839	0.026222	0	0	962	12	1106	975	0.012308	0	0	1106	0	0	0	nan	0	0	0	0.013914	0.006624	0.013914	0.006624	0.569739	0.271234
49	C	6	962	871	0.006889	0	0	962	4	1106	993	0.004028	0	0	1106	0	0	0	nan	0	0	0	0.002860	0.003459	0.002860	0.003459	0.117109	0.141636
50	A	2	962	893	0.002240	0	0	962	0	1106	1026	0.000000	0	0	1106	0	0	0	nan	0	0	0	0.002240	0.001584	0.002240	0.001584	0.091722	0.064860
51	G	16	962	895	0.017877	0	0	962	12	1106	1025	0.011707	0	0	1106	0	0	0	nan	0	0	0	0.006170	0.005603	0.006170	0.005603	0.252644	0.229427
52	G	19	961	881	0.021566	0	0	961	8	1106	1017	0.007866	0	0	1106	0	0	0	nan	0	0	0	0.013700	0.005676	0.013700	0.005676	0.560976	0.232416
53	U	16	960	891	0.017957	0	0	960	17	1107	1032	0.016473	0	0	1107	0	0	0	nan	0	0	0	0.001484	0.006010	0.001484	0.006010	0.060766	0.246092
54	U	15	959	892	0.016816	0	0	959	17	1107	1033	0.016457	0	0	1107	0	0	0	nan	0	0	0	0.000359	0.005898	0.000359	0.005898	0.014700	0.241506
55	C	17	958	895	0.018994	0	0	958	12	1106	1024	0.011719	0	0	1106	0	0	0	nan	0	0	0	0.007276	0.005715	0.007276	0.005715	0.297932	0.234013
56	G	1	957	882	0.001134	0	0	957	5	1105	1034	0.004836	0	0	1105	0	0	0	nan	0	0	0	-0.003702	0.002442	-0.003702	0.002442	-0.151586	0.099993
57	A	574	957	875	0.656000	0	0	957	11	1105	1026	0.010721	0	0	1105	0	0	0	nan	0	0	0	0.645279	0.027571	0.645279	0.027571	26.422347	1.128954
58	U	10	957	877	0.011403	0	0	957	19	1104	1031	0.018429	0	0	1104	0	0	0	nan	0	0	0	-0.007026	0.005557	-0.007026	0.005557	-0.287695	0.227543
59	U	9	955	882	0.010204	0	0	955	13	1103	1001	0.012987	0	0	1103	0	0	0	nan	0	0	0	-0.002783	0.004954	-0.002783	0.004954	-0.113956	0.202852
60	C	1	955	870	0.001149	0	0	955	5	1102	997	0.005015	0	0	1102	0	0	0	nan	0	0	0	-0.003866	0.002520	-0.003866	0.002520	-0.158302	0.103187
61	C	6	954	865	0.006936	0	0	954	3	1102	991	0.003027	0	0	1102	0	0	0	nan	0	0	0	0.003909	0.003328	0.003909	0.003328	0.160062	0.136272
62	U	5	954	863	0.005794	0	0	954	10	1099	992	0.010081	0	0	1099	0	0	0	nan	0	0	0	-0.004287	0.004108	-0.004287	0.004108	-0.175541	0.168211
63	G	18	953	861	0.020906	0	0	953	7	1097	991	0.007064	0	0	1097	0	0	0	nan	0	0	0	0.013842	0.005604	0.013842	0.005604	0.566791	0.229468
64	C	9	950	879	0.010239	0	0	950	13	1097	1005	0.012935	0	0	1097	0	0	0	nan	0	0	0	-0.002696	0.004952	-0.002696	0.004952	-0.110394	0.202770
65	A	7	950	890	0.007865	0	0	950	1	1095	1016	0.000984	0	0	1095	0	0	0	nan	0	0	0	0.006881	0.003131	0.006881	0.003131	0.281757	0.128206
66	G	19	948	864	0.021991	0	0	948	15	1084	978	0.015337	0	0	1084	0	0	0	nan	0	0	0	0.006653	0.006414	0.006653	0.006414	0.272421	0.262635
67	G	17	946	839	0.020262	0	0	946	8	1082	955	0.008377	0	0	1082	0	0	0	nan	0	0	0	0.011885	0.005738	0.011885	0.005738	0.486657	0.234955
68	G	20	946	832	0.024038	0	0	946	12	1080	943	0.012725	0	0	1080	0	0	0	nan	0	0	0	0.011313	0.006511	0.011313	0.006511	0.463235	0.266607
69	G	35	946	832	0.042067	0	0	946	8	1079	962	0.008316	0	0	1079	0	0	0	nan	0	0	0	0.033751	0.007695	0.033751	0.007695	1.382008	0.315088
70	A	16	946	840	0.019048	0	0	946	14	1079	989	0.014156	0	0	1079	0	0	0	nan	0	0	0	0.004892	0.006082	0.004892	0.006082	0.200314	0.249041
71	C	8	946	841	0.009512	0	0	946	8	1078	982	0.008147	0	0	1078	0	0	0	nan	0	0	0	0.001366	0.004428	0.001366	0.004428	0.055934	0.181314
72	A	56	945	862	0.064965	0	0	945	16	1078	983	0.016277	0	0	1078	0	0	0	nan	0	0	0	0.048688	0.009588	0.048688	0.009588	1.993636	0.392601
73	C	55	941	820	0.067073	0	0	941	3	1069	943	0.003181	0	0	1069	0	0	0	nan	0	0	0	0.063892	0.009229	0.063892	0.009229	2.616196	0.377901
74	C	29	935	794	0.036524	0	0	935	0	1068	960	0.000000	0	0	1068	0	0	0	nan	0	0	0	0.036524	0.006782	0.036524	0.006782	1.495554	0.277704
75	A	0	895	0	nan	0	0	895	0	1055	0	nan	0	0	1055	0	0	0	nan	0	0	0	nan	nan	nan	nan	nan	nan