0.000000
0.000000
0.169789
0.478848
0.850000
0.001386
0.055042
0.000000
0.850000
0.260745
0.113689
0.138211
0.529102
0.837530
0.313343
0.850000
0.352986
0.361883
0.487417
0.015827
0.850000
0.113764
0.850000
0.072281
0.850000
0.004108
0.014038
0.322088
0.385120
0.000000
0.000000
0.000000
0.000000
0.000000
0.436356
0.046574
0.000000
0.000000
0.000000
0.000000
0.166967
0.222463
0.176871
0.091989
0.000000
0.000000
0.036544
0.000000
0.005242
0.033494
0.142772
0.426905
0.000000
0.000000
0.043071
0.000000
0.850000
0.000000
0.000000
0.000000
0.018196
0.610581
0.139849
0.850000
0.011039
0.018524
0.019557
0.024900
0.030520
0.021548
0.198419
0.662977
0.835690
0.369570
0.000000
