Nucleotide	Sequence	Modified_mutations	Modified_read_depth	Modified_effective_depth	Modified_rate	Modified_off_target_mapped_depth	Modified_low_mapq_mapped_depth	Modified_mapped_depth	Untreated_mutations	Untreated_read_depth	Untreated_effective_depth	Untreated_rate	Untreated_off_target_mapped_depth	Untreated_low_mapq_mapped_depth	Untreated_mapped_depth	Denatured_mutations	Denatured_read_depth	Denatured_effective_depth	Denatured_rate	Denatured_off_target_mapped_depth	Denatured_low_mapq_mapped_depth	Denatured_mapped_depth	Reactivity_profile	Std_err	HQ_profile	HQ_stderr	Norm_profile	Norm_stderr
1	G	0	5619	5378	0.000000	0	0	5619	0	8589	8209	0.000000	0	0	8589	0	0	0	nan	0	0	0	0.000000	0.000000	0.000000	0.000000	0.000000	0.000000
2	G	0	5847	5546	0.000000	0	0	5847	0	8778	8321	0.000000	0	0	8778	0	0	0	nan	0	0	0	0.000000	0.000000	0.000000	0.000000	0.000000	0.000000
3	U	91	6121	5782	0.015738	0	0	6121	87	8882	8415	0.010339	0	0	8882	0	0	0	nan	0	0	0	0.005400	0.001988	0.005400	0.001988	0.125472	0.046192
4	G	125	6160	5889	0.021226	0	0	6160	24	8912	8541	0.002810	0	0	8912	0	0	0	nan	0	0	0	0.018416	0.001983	0.018416	0.001983	0.427906	0.046076
5	A	48	6230	5927	0.008099	0	0	6230	34	8937	8475	0.004012	0	0	8937	0	0	0	nan	0	0	0	0.004087	0.001356	0.004087	0.001356	0.094964	0.031507
6	G	185	6266	5946	0.031113	0	0	6266	78	8950	8476	0.009202	0	0	8950	0	0	0	nan	0	0	0	0.021911	0.002514	0.021911	0.002514	0.509114	0.058414
7	G	213	6316	5895	0.036132	0	0	6316	64	8987	8430	0.007592	0	0	8987	0	0	0	nan	0	0	0	0.028540	0.002651	0.028540	0.002651	0.663143	0.061597
8	U	1676	6434	6029	0.277990	0	0	6434	2012	9118	8601	0.233926	0	0	9118	0	0	0	nan	0	0	0	0.044063	0.008562	nan	nan	nan	nan
9	G	120	6664	6289	0.019081	0	0	6664	69	9321	8837	0.007808	0	0	9321	0	0	0	nan	0	0	0	0.011273	0.001979	0.011273	0.001979	0.261934	0.045983
10	G	409	6743	6402	0.063886	0	0	6743	141	9361	8932	0.015786	0	0	9361	0	0	0	nan	0	0	0	0.048100	0.003427	0.048100	0.003427	1.117630	0.079628
11	C	88	6842	6534	0.013468	0	0	6842	105	9394	9029	0.011629	0	0	9394	0	0	0	nan	0	0	0	0.001839	0.001830	0.001839	0.001830	0.042730	0.042521
12	C	91	6900	6666	0.013651	0	0	6900	77	9424	9136	0.008428	0	0	9424	0	0	0	nan	0	0	0	0.005223	0.001723	0.005223	0.001723	0.121359	0.040035
13	G	78	6941	6681	0.011675	0	0	6941	34	9459	9116	0.003730	0	0	9459	0	0	0	nan	0	0	0	0.007945	0.001469	0.007945	0.001469	0.184606	0.034133
14	A	192	6995	6775	0.028339	0	0	6995	60	9493	9184	0.006533	0	0	9493	0	0	0	nan	0	0	0	0.021806	0.002212	0.021806	0.002212	0.506674	0.051397
15	G	145	7091	6837	0.021208	0	0	7091	39	9518	9148	0.004263	0	0	9518	0	0	0	nan	0	0	0	0.016945	0.001889	0.016945	0.001889	0.393726	0.043892
16	A	313	7174	6930	0.045166	0	0	7174	40	9544	9180	0.004357	0	0	9544	0	0	0	nan	0	0	0	0.040809	0.002644	0.040809	0.002644	0.948220	0.061435
17	G	273	7271	6985	0.039084	0	0	7271	128	9561	9186	0.013934	0	0	9561	0	0	0	nan	0	0	0	0.025150	0.002667	0.025150	0.002667	0.584374	0.061969
18	G	237	7357	7152	0.033138	0	0	7357	89	9591	9323	0.009546	0	0	9591	0	0	0	nan	0	0	0	0.023591	0.002379	0.023591	0.002379	0.548150	0.055277
19	C	493	7522	7321	0.067341	0	0	7522	103	9644	9402	0.010955	0	0	9644	0	0	0	nan	0	0	0	0.056385	0.003219	0.056385	0.003219	1.310137	0.074795
20	U	76	7989	7747	0.009810	0	0	7989	133	9724	9480	0.014030	0	0	9724	0	0	0	nan	0	0	0	-0.004219	0.001657	-0.004219	0.001657	-0.098031	0.038501
21	G	151	8130	7774	0.019424	0	0	8130	32	9797	9360	0.003419	0	0	9797	0	0	0	nan	0	0	0	0.016005	0.001692	0.016005	0.001692	0.371885	0.039315
22	A	165	8720	8227	0.020056	0	0	8720	18	9928	9280	0.001940	0	0	9928	0	0	0	nan	0	0	0	0.018116	0.001627	0.018116	0.001627	0.420935	0.037804
23	A	978	8915	8379	0.116720	0	0	8915	34	9965	9283	0.003663	0	0	9965	0	0	0	nan	0	0	0	0.113058	0.003785	0.113058	0.003785	2.626965	0.087947
24	G	166	9849	9254	0.017938	0	0	9849	115	10009	9419	0.012209	0	0	10009	0	0	0	nan	0	0	0	0.005729	0.001799	0.005729	0.001799	0.133116	0.041801
25	G	341	9967	9497	0.035906	0	0	9967	86	10029	9614	0.008945	0	0	10029	0	0	0	nan	0	0	0	0.026961	0.002171	0.026961	0.002171	0.626454	0.050444
26	C	164	10135	9674	0.016953	0	0	10135	63	10049	9633	0.006540	0	0	10049	0	0	0	nan	0	0	0	0.010413	0.001559	0.010413	0.001559	0.241952	0.036224
27	G	330	10155	9796	0.033687	0	0	10155	136	10064	9712	0.014003	0	0	10064	0	0	0	nan	0	0	0	0.019684	0.002209	0.019684	0.002209	0.457369	0.051327
28	C	95	10182	9787	0.009707	0	0	10182	70	10080	9694	0.007221	0	0	10080	0	0	0	nan	0	0	0	0.002486	0.001318	0.002486	0.001318	0.057764	0.030624
29	U	113	10286	9885	0.011431	0	0	10286	104	10187	9806	0.010606	0	0	10187	0	0	0	nan	0	0	0	0.000826	0.001496	0.000826	0.001496	0.019193	0.034760
30	C	244	10336	9747	0.025033	0	0	10336	107	10269	9792	0.010927	0	0	10269	0	0	0	nan	0	0	0	0.014106	0.001919	0.014106	0.001919	0.327761	0.044589
31	C	131	10469	9832	0.013324	0	0	10469	116	10481	9938	0.011672	0	0	10481	0	0	0	nan	0	0	0	0.001651	0.001590	0.001651	0.001590	0.038362	0.036945
32	C	26	10501	9785	0.002657	0	0	10501	100	10632	10094	0.009907	0	0	10632	0	0	0	nan	0	0	0	-0.007250	0.001119	-0.007250	0.001119	-0.168458	0.026001
33	C	7625	10530	9872	0.772387	0	0	10530	874	10710	10208	0.085619	0	0	10710	0	0	0	nan	0	0	0	0.686767	0.009307	nan	nan	nan	nan
34	U	48	11097	10431	0.004602	0	0	11097	52	11025	10525	0.004941	0	0	11025	0	0	0	nan	0	0	0	-0.000339	0.000954	-0.000339	0.000954	-0.007877	0.022167
35	G	201	11140	10481	0.019178	0	0	11140	117	11094	10520	0.011122	0	0	11094	0	0	0	nan	0	0	0	0.008056	0.001699	0.008056	0.001699	0.187186	0.039477
36	C	510	11464	10817	0.047148	0	0	11464	109	11234	10591	0.010292	0	0	11234	0	0	0	nan	0	0	0	0.036856	0.002309	0.036856	0.002309	0.856369	0.053651
37	U	108	11809	11084	0.009744	0	0	11809	84	11486	10735	0.007825	0	0	11486	0	0	0	nan	0	0	0	0.001919	0.001268	0.001919	0.001268	0.044589	0.029463
38	A	477	11915	11299	0.042216	0	0	11915	559	11600	10943	0.051083	0	0	11600	0	0	0	nan	0	0	0	-0.008867	0.002899	nan	nan	nan	nan
39	A	293	12180	11583	0.025296	0	0	12180	52	11949	11373	0.004572	0	0	11949	0	0	0	nan	0	0	0	0.020723	0.001608	0.020723	0.001608	0.481510	0.037363
40	G	386	12309	11656	0.033116	0	0	12309	136	11971	11451	0.011877	0	0	11971	0	0	0	nan	0	0	0	0.021239	0.001969	0.021239	0.001969	0.493500	0.045751
41	G	394	12344	11565	0.034068	0	0	12344	170	11981	11376	0.014944	0	0	11981	0	0	0	nan	0	0	0	0.019125	0.002064	0.019125	0.002064	0.444380	0.047958
42	G	411	12362	11683	0.035179	0	0	12362	36	11983	11434	0.003149	0	0	11983	0	0	0	nan	0	0	0	0.032031	0.001813	0.032031	0.001813	0.744258	0.042126
43	A	105	12365	11816	0.008886	0	0	12365	36	11984	11536	0.003121	0	0	11984	0	0	0	nan	0	0	0	0.005766	0.001011	0.005766	0.001011	0.133976	0.023491
44	G	785	12368	11912	0.065900	0	0	12368	77	11981	11607	0.006634	0	0	11981	0	0	0	nan	0	0	0	0.059266	0.002471	0.059266	0.002471	1.377078	0.057415
45	U	74	12392	11946	0.006195	0	0	12392	65	11997	11623	0.005592	0	0	11997	0	0	0	nan	0	0	0	0.000602	0.001000	0.000602	0.001000	0.013988	0.023236
46	A	76	12399	11927	0.006372	0	0	12399	49	12008	11600	0.004224	0	0	12008	0	0	0	nan	0	0	0	0.002148	0.000948	0.002148	0.000948	0.049910	0.022027
47	U	101	12416	11795	0.008563	0	0	12416	106	12022	11539	0.009186	0	0	12022	0	0	0	nan	0	0	0	-0.000623	0.001234	-0.000623	0.001234	-0.014476	0.028673
48	G	538	12424	11621	0.046295	0	0	12424	125	12036	11422	0.010944	0	0	12036	0	0	0	nan	0	0	0	0.035352	0.002223	0.035352	0.002223	0.821423	0.051653
49	C	167	12444	11580	0.014421	0	0	12444	153	12048	11371	0.013455	0	0	12048	0	0	0	nan	0	0	0	0.000966	0.001558	0.000966	0.001558	0.022446	0.036201
50	G	311	12446	11538	0.026954	0	0	12446	135	12051	11359	0.011885	0	0	12051	0	0	0	nan	0	0	0	0.015070	0.001839	0.015070	0.001839	0.350160	0.042730
51	G	622	12450	11612	0.053565	0	0	12450	120	12056	11357	0.010566	0	0	12056	0	0	0	nan	0	0	0	0.042999	0.002354	0.042999	0.002354	0.999105	0.054696
52	U	173	12492	11853	0.014595	0	0	12492	193	12086	11565	0.016688	0	0	12086	0	0	0	nan	0	0	0	-0.002093	0.001635	-0.002093	0.001635	-0.048632	0.037990
53	C	200	12499	12096	0.016534	0	0	12499	70	12088	11787	0.005939	0	0	12088	0	0	0	nan	0	0	0	0.010596	0.001368	0.010596	0.001368	0.246204	0.031786
54	A	543	12535	12307	0.044121	0	0	12535	23	12110	11953	0.001924	0	0	12110	0	0	0	nan	0	0	0	0.042197	0.001935	0.042197	0.001935	0.980471	0.044961
55	A	269	12541	12244	0.021970	0	0	12541	25	12118	11902	0.002100	0	0	12118	0	0	0	nan	0	0	0	0.019869	0.001404	0.019869	0.001404	0.461667	0.032623
56	A	546	12548	12028	0.045394	0	1	12548	23	12122	11731	0.001961	0	0	12122	0	0	0	nan	0	0	0	0.043433	0.001985	0.043433	0.001985	1.009190	0.046123
57	A	693	12552	11897	0.058250	0	1	12552	33	12118	11628	0.002838	0	0	12118	0	0	0	nan	0	0	0	0.055412	0.002267	0.055412	0.002267	1.287528	0.052675
58	G	243	12557	11823	0.020553	0	1	12557	126	12118	11538	0.010920	0	1	12118	0	0	0	nan	0	0	0	0.009633	0.001639	0.009633	0.001639	0.223828	0.038083
59	C	146	12561	11866	0.012304	0	1	12561	108	12119	11562	0.009341	0	1	12119	0	0	0	nan	0	0	0	0.002963	0.001358	0.002963	0.001358	0.068847	0.031554
60	U	77	12569	11754	0.006551	0	1	12569	86	12124	11441	0.007517	0	1	12124	0	0	0	nan	0	0	0	-0.000966	0.001102	-0.000966	0.001102	-0.022446	0.025606
61	G	369	12579	11741	0.031428	0	1	12579	122	12129	11393	0.010708	0	1	12129	0	0	0	nan	0	0	0	0.020720	0.001902	0.020720	0.001902	0.481441	0.044194
62	C	72	12583	11753	0.006126	0	1	12583	41	12132	11372	0.003605	0	1	12132	0	0	0	nan	0	0	0	0.002521	0.000916	0.002521	0.000916	0.058577	0.021284
63	A	162	12586	11954	0.013552	0	1	12586	80	12135	11552	0.006925	0	1	12135	0	0	0	nan	0	0	0	0.006627	0.001316	0.006627	0.001316	0.153982	0.030578
64	U	213	12595	11977	0.017784	0	1	12595	225	12137	11605	0.019388	0	1	12137	0	0	0	nan	0	0	0	-0.001604	0.001776	-0.001604	0.001776	-0.037270	0.041266
65	C	257	12589	11590	0.022174	0	1	12589	151	12125	11064	0.013648	0	1	12125	0	0	0	nan	0	0	0	0.008526	0.001774	0.008526	0.001774	0.198106	0.041220
66	C	174	12587	11385	0.015283	0	1	12587	132	12133	10818	0.012202	0	1	12133	0	0	0	nan	0	0	0	0.003081	0.001572	0.003081	0.001572	0.071589	0.036526
67	G	223	12577	11141	0.020016	0	1	12577	133	12122	10577	0.012574	0	1	12122	0	0	0	nan	0	0	0	0.007442	0.001728	0.007442	0.001728	0.172919	0.040151
68	G	252	12565	11293	0.022315	0	1	12565	170	12118	10859	0.015655	0	1	12118	0	0	0	nan	0	0	0	0.006659	0.001849	0.006659	0.001849	0.154726	0.042963
69	G	219	12558	11277	0.019420	0	1	12558	142	12120	10948	0.012970	0	1	12120	0	0	0	nan	0	0	0	0.006450	0.001705	0.006450	0.001705	0.149869	0.039617
70	G	383	12553	11341	0.033771	0	1	12553	111	12118	11038	0.010056	0	1	12118	0	0	0	nan	0	0	0	0.023715	0.001972	0.023715	0.001972	0.551031	0.045821
71	U	192	12552	11515	0.016674	0	1	12552	272	12116	11205	0.024275	0	1	12116	0	0	0	nan	0	0	0	-0.007601	0.001901	-0.007601	0.001901	-0.176613	0.044171
72	U	194	12550	11691	0.016594	0	1	12550	215	12114	11385	0.018884	0	1	12114	0	0	0	nan	0	0	0	-0.002291	0.001754	-0.002291	0.001754	-0.053233	0.040755
73	C	247	12544	11774	0.020978	0	1	12544	130	12112	11490	0.011314	0	1	12112	0	0	0	nan	0	0	0	0.009664	0.001663	0.009664	0.001663	0.224548	0.038641
74	G	50	12542	11571	0.004321	0	1	12542	68	12101	11365	0.005983	0	1	12101	0	0	0	nan	0	0	0	-0.001662	0.000949	-0.001662	0.000949	-0.038617	0.022051
75	A	6710	12534	11174	0.600501	0	1	12534	56	12098	10651	0.005258	0	1	12098	0	0	0	nan	0	0	0	0.595243	0.007364	0.595243	0.007364	13.830799	0.171107
76	A	184	12531	11289	0.016299	0	1	12531	204	12095	10691	0.019081	0	1	12095	0	0	0	nan	0	0	0	-0.002782	0.001797	-0.002782	0.001797	-0.064641	0.041754
77	U	73	12521	11307	0.006456	0	1	12521	108	12093	10760	0.010037	0	1	12093	0	0	0	nan	0	0	0	-0.003581	0.001226	-0.003581	0.001226	-0.083207	0.028487
78	C	55	12512	11274	0.004878	0	1	12512	88	12089	11000	0.008000	0	1	12089	0	0	0	nan	0	0	0	-0.003122	0.001077	-0.003122	0.001077	-0.072541	0.025025
79	C	61	12507	11019	0.005536	0	1	12507	52	12085	10765	0.004830	0	1	12085	0	0	0	nan	0	0	0	0.000705	0.000975	0.000705	0.000975	0.016381	0.022655
80	C	77	12504	10582	0.007277	0	1	12504	84	12084	10319	0.008140	0	1	12084	0	0	0	nan	0	0	0	-0.000864	0.001215	-0.000864	0.001215	-0.020076	0.028231
81	C	114	12499	10681	0.010673	0	1	12499	111	12078	10477	0.010595	0	1	12078	0	0	0	nan	0	0	0	0.000079	0.001418	0.000079	0.001418	0.001836	0.032948
82	G	342	12488	10909	0.031350	0	1	12488	152	12035	10707	0.014196	0	1	12035	0	0	0	nan	0	0	0	0.017154	0.002049	0.017154	0.002049	0.398583	0.047610
83	C	49	12485	11492	0.004264	0	1	12485	38	12034	11278	0.003369	0	1	12034	0	0	0	nan	0	0	0	0.000894	0.000818	0.000894	0.000818	0.020773	0.019007
84	C	47	12483	11683	0.004023	0	1	12483	44	12033	11408	0.003857	0	1	12033	0	0	0	nan	0	0	0	0.000166	0.000826	0.000166	0.000826	0.003857	0.019193
85	U	119	12472	11669	0.010198	0	1	12472	108	12024	11422	0.009455	0	1	12024	0	0	0	nan	0	0	0	0.000743	0.001305	0.000743	0.001305	0.017264	0.030322
86	C	48	12462	10543	0.004553	0	1	12462	26	12023	10478	0.002481	0	1	12023	0	0	0	nan	0	0	0	0.002071	0.000818	0.002071	0.000818	0.048121	0.019007
87	A	97	12448	10586	0.009163	0	1	12448	76	12017	10458	0.007267	0	1	12017	0	0	0	nan	0	0	0	0.001896	0.001249	0.001896	0.001249	0.044055	0.029021
88	C	119	12443	9389	0.012674	0	1	12443	54	12006	9094	0.005938	0	1	12006	0	0	0	nan	0	0	0	0.006736	0.001415	0.006736	0.001415	0.156515	0.032878
89	C	370	12440	9448	0.039162	0	1	12440	232	12003	8429	0.027524	0	1	12003	0	0	0	nan	0	0	0	0.011638	0.002722	0.011638	0.002722	0.270415	0.063247
90	G	543	12407	9294	0.058425	0	1	12407	103	11986	8249	0.012486	0	1	11986	0	0	0	nan	0	0	0	0.045938	0.002793	0.045938	0.002793	1.067395	0.064897
91	C	328	12396	10068	0.032578	0	1	12396	57	11983	9128	0.006245	0	1	11983	0	0	0	nan	0	0	0	0.026334	0.001980	0.026334	0.001980	0.611885	0.046006
92	C	475	12377	10595	0.044832	0	1	12377	9	11975	10415	0.000864	0	1	11975	0	0	0	nan	0	0	0	0.043968	0.002077	0.043968	0.002077	1.021621	0.048260
93	A	0	12023	0	nan	0	1	12023	0	11832	0	nan	0	1	11832	0	0	0	nan	0	0	0	nan	nan	nan	nan	nan	nan