0.000000
0.000000
0.068010
0.452664
0.319493
0.646692
0.850000
0.000000
0.151278
0.166978
0.285311
0.127850
0.010533
0.850000
0.081502
0.413713
0.850000
0.128667
0.480928
0.850000
0.000000
0.022722
0.244969
0.015678
0.003798
0.070527
0.358024
0.018129
0.015832
0.161899
0.266476
0.299531
0.000000
0.000000
0.850000
0.517163
0.162915
0.787128
0.850000
0.000000
0.010930
0.000000
0.560178
0.101573
0.058846
0.152228
0.000000
0.000000
0.019100
0.736739
0.032746
0.021176
0.333271
0.335325
0.000000
0.000110
0.099630
0.352659
0.850000
0.062799
0.000000
0.011924
0.051736
0.133790
0.168259
0.054982
0.032327
0.000000
0.008038
0.071477
0.850000
0.015192
0.211538
0.140878
0.850000
0.850000
0.000000
