Nucleotide	Sequence	Modified_mutations	Modified_read_depth	Modified_effective_depth	Modified_rate	Modified_off_target_mapped_depth	Modified_low_mapq_mapped_depth	Modified_mapped_depth	Untreated_mutations	Untreated_read_depth	Untreated_effective_depth	Untreated_rate	Untreated_off_target_mapped_depth	Untreated_low_mapq_mapped_depth	Untreated_mapped_depth	Denatured_mutations	Denatured_read_depth	Denatured_effective_depth	Denatured_rate	Denatured_off_target_mapped_depth	Denatured_low_mapq_mapped_depth	Denatured_mapped_depth	Reactivity_profile	Std_err	HQ_profile	HQ_stderr	Norm_profile	Norm_stderr
1	G	0	3440	3365	0.000000	0	0	3440	0	4278	4183	0.000000	0	0	4278	0	0	0	nan	0	0	0	0.000000	0.000000	0.000000	0.000000	0.000000	0.000000
2	C	0	3731	3604	0.000000	0	0	3731	0	4377	4209	0.000000	0	0	4377	0	0	0	nan	0	0	0	0.000000	0.000000	0.000000	0.000000	0.000000	0.000000
3	G	81	3778	3614	0.022413	0	0	3778	19	4416	4234	0.004487	0	0	4416	0	0	0	nan	0	0	0	0.017925	0.002695	0.017925	0.002695	0.427038	0.064205
4	G	82	3823	3594	0.022816	0	0	3823	42	4429	4187	0.010031	0	0	4429	0	0	0	nan	0	0	0	0.012785	0.002957	0.012785	0.002957	0.304585	0.070446
5	G	327	3840	3624	0.090232	0	0	3840	53	4440	4196	0.012631	0	0	4440	0	0	0	nan	0	0	0	0.077601	0.005283	0.077601	0.005283	1.848737	0.125860
6	C	31	3889	3692	0.008397	0	0	3889	18	4449	4228	0.004257	0	0	4449	0	0	0	nan	0	0	0	0.004139	0.001811	0.004139	0.001811	0.098606	0.043145
7	G	128	3903	3683	0.034754	0	0	3903	25	4468	4213	0.005934	0	0	4468	0	0	0	nan	0	0	0	0.028820	0.003293	0.028820	0.003293	0.686597	0.078451
8	U	434	4092	3910	0.110997	0	0	4092	413	4639	4412	0.093608	0	0	4639	0	0	0	nan	0	0	0	0.017389	0.007043	nan	nan	nan	nan
9	A	27	4230	4067	0.006639	0	0	4230	9	4748	4525	0.001989	0	0	4748	0	0	0	nan	0	0	0	0.004650	0.001439	0.004650	0.001439	0.110780	0.034282
10	G	71	4283	4079	0.017406	0	0	4283	47	4758	4498	0.010449	0	0	4758	0	0	0	nan	0	0	0	0.006957	0.002567	0.006957	0.002567	0.165741	0.061155
11	U	67	4353	4123	0.016250	0	0	4353	72	4854	4556	0.015803	0	0	4854	0	0	0	nan	0	0	0	0.000447	0.002722	0.000447	0.002722	0.010649	0.064848
12	U	37	4499	4229	0.008749	0	0	4499	57	5114	4775	0.011937	0	0	5114	0	0	0	nan	0	0	0	-0.003188	0.002137	-0.003188	0.002137	-0.075950	0.050911
13	C	26	4566	4368	0.005952	0	0	4566	32	5238	4977	0.006430	0	0	5238	0	0	0	nan	0	0	0	-0.000477	0.001629	-0.000477	0.001629	-0.011364	0.038809
14	A	16	4620	4389	0.003645	0	0	4620	10	5336	5034	0.001986	0	0	5336	0	0	0	nan	0	0	0	0.001659	0.001107	0.001659	0.001107	0.039523	0.026373
15	A	60	4631	4449	0.013486	0	0	4631	38	5357	5100	0.007451	0	0	5357	0	0	0	nan	0	0	0	0.006035	0.002119	0.006035	0.002119	0.143776	0.050482
16	U	44	4645	4408	0.009982	0	0	4645	45	5366	5042	0.008925	0	0	5366	0	0	0	nan	0	0	0	0.001057	0.002009	0.001057	0.002009	0.025182	0.047862
17	G	92	4650	4410	0.020862	0	0	4650	42	5370	5049	0.008318	0	0	5370	0	0	0	nan	0	0	0	0.012543	0.002525	0.012543	0.002525	0.298820	0.060155
18	G	122	4658	4443	0.027459	0	0	4658	48	5382	5078	0.009453	0	0	5382	0	0	0	nan	0	0	0	0.018006	0.002836	0.018006	0.002836	0.428968	0.067564
19	U	55	4687	4534	0.012131	0	0	4687	90	5405	5175	0.017391	0	0	5405	0	0	0	nan	0	0	0	-0.005261	0.002457	-0.005261	0.002457	-0.125336	0.058535
20	A	11	4691	4548	0.002419	0	0	4691	14	5410	5207	0.002689	0	0	5410	0	0	0	nan	0	0	0	-0.000270	0.001024	-0.000270	0.001024	-0.006432	0.024395
21	G	33	4696	4444	0.007426	0	0	4696	16	5418	5045	0.003171	0	0	5418	0	0	0	nan	0	0	0	0.004254	0.001516	0.004254	0.001516	0.101346	0.036117
22	A	34	4696	4253	0.007994	0	0	4696	11	5424	4879	0.002255	0	0	5424	0	0	0	nan	0	0	0	0.005740	0.001530	0.005740	0.001530	0.136748	0.036450
23	A	40	4701	4273	0.009361	0	0	4701	26	5428	4905	0.005301	0	0	5428	0	0	0	nan	0	0	0	0.004060	0.001809	0.004060	0.001809	0.096724	0.043097
24	C	42	4700	4325	0.009711	0	0	4700	59	5428	5011	0.011774	0	0	5428	0	0	0	nan	0	0	0	-0.002063	0.002144	-0.002063	0.002144	-0.049148	0.051078
25	G	94	4697	4482	0.020973	0	0	4697	21	5430	5158	0.004071	0	0	5430	0	0	0	nan	0	0	0	0.016901	0.002339	0.016901	0.002339	0.402643	0.055723
26	A	63	4697	4447	0.014167	0	0	4697	21	5428	5121	0.004101	0	0	5428	0	0	0	nan	0	0	0	0.010066	0.001997	0.010066	0.001997	0.239809	0.047576
27	G	69	4694	4460	0.015471	0	0	4694	22	5427	5162	0.004262	0	0	5427	0	0	0	nan	0	0	0	0.011209	0.002072	0.011209	0.002072	0.267039	0.049363
28	A	36	4695	4445	0.008099	0	0	4695	8	5428	5119	0.001563	0	0	5428	0	0	0	nan	0	0	0	0.006536	0.001459	0.006536	0.001459	0.155711	0.034759
29	G	271	4693	4413	0.061409	0	0	4693	58	5426	5076	0.011426	0	0	5426	0	0	0	nan	0	0	0	0.049983	0.004021	0.049983	0.004021	1.190776	0.095795
30	C	46	4692	4435	0.010372	0	0	4692	47	5424	5083	0.009247	0	0	5424	0	0	0	nan	0	0	0	0.001126	0.002039	0.001126	0.002039	0.026825	0.048576
31	U	39	4691	4455	0.008754	0	0	4691	59	5423	5110	0.011546	0	0	5423	0	0	0	nan	0	0	0	-0.002792	0.002055	-0.002792	0.002055	-0.066516	0.048958
32	U	58	4694	4507	0.012869	0	0	4694	64	5432	5194	0.012322	0	0	5432	0	0	0	nan	0	0	0	0.000547	0.002286	0.000547	0.002286	0.013032	0.054461
33	C	267	4699	4510	0.059202	0	0	4699	45	5440	5175	0.008696	0	0	5440	0	0	0	nan	0	0	0	0.050506	0.003848	0.050506	0.003848	1.203236	0.091673
34	C	265	4702	4487	0.059060	0	0	4702	28	5445	5166	0.005420	0	0	5445	0	0	0	nan	0	0	0	0.053639	0.003770	0.053639	0.003770	1.277875	0.089815
35	C	324	4708	4435	0.073055	0	0	4708	20	5444	5098	0.003923	0	0	5444	0	0	0	nan	0	0	0	0.069132	0.004152	0.069132	0.004152	1.646975	0.098916
36	A	205	4708	4353	0.047094	0	0	4708	10	5446	4963	0.002015	0	0	5446	0	0	0	nan	0	0	0	0.045079	0.003350	0.045079	0.003350	1.073945	0.079809
37	A	81	4702	4332	0.018698	0	0	4702	18	5442	4957	0.003631	0	0	5442	0	0	0	nan	0	0	0	0.015067	0.002247	0.015067	0.002247	0.358951	0.053532
38	G	204	4702	4333	0.047081	0	0	4702	52	5436	4970	0.010463	0	0	5436	0	0	0	nan	0	0	0	0.036618	0.003601	0.036618	0.003601	0.872373	0.085789
39	C	24	4702	4403	0.005451	0	0	4702	20	5436	5104	0.003918	0	0	5436	0	0	0	nan	0	0	0	0.001532	0.001416	0.001532	0.001416	0.036498	0.033734
40	U	48	4704	4412	0.010879	0	0	4704	41	5439	5096	0.008046	0	0	5439	0	0	0	nan	0	0	0	0.002834	0.002011	0.002834	0.002011	0.067516	0.047909
41	C	35	4706	4427	0.007906	0	0	4706	25	5439	5096	0.004906	0	0	5439	0	0	0	nan	0	0	0	0.003000	0.001658	0.003000	0.001658	0.071471	0.039500
42	U	17	4708	4485	0.003790	0	0	4708	15	5439	5143	0.002917	0	0	5439	0	0	0	nan	0	0	0	0.000874	0.001188	0.000874	0.001188	0.020822	0.028302
43	A	29	4706	4476	0.006479	0	0	4706	20	5441	5153	0.003881	0	0	5441	0	0	0	nan	0	0	0	0.002598	0.001483	0.002598	0.001483	0.061894	0.035330
44	U	38	4708	4501	0.008443	0	0	4708	47	5441	5228	0.008990	0	0	5441	0	0	0	nan	0	0	0	-0.000547	0.001896	-0.000547	0.001896	-0.013032	0.045170
45	A	18	4713	4473	0.004024	0	0	4713	18	5445	5207	0.003457	0	0	5445	0	0	0	nan	0	0	0	0.000567	0.001250	0.000567	0.001250	0.013508	0.029780
46	C	70	4709	4400	0.015909	0	0	4709	64	5440	5102	0.012544	0	0	5440	0	0	0	nan	0	0	0	0.003365	0.002465	0.003365	0.002465	0.080166	0.058725
47	G	117	4705	4386	0.026676	0	0	4705	24	5431	5072	0.004732	0	0	5431	0	0	0	nan	0	0	0	0.021944	0.002649	0.021944	0.002649	0.522786	0.063109
48	A	43	4703	4282	0.010042	0	0	4703	28	5423	4950	0.005657	0	0	5423	0	0	0	nan	0	0	0	0.004385	0.001868	0.004385	0.001868	0.104467	0.044503
49	G	90	4700	4278	0.021038	0	0	4700	62	5418	4947	0.012533	0	0	5418	0	0	0	nan	0	0	0	0.008505	0.002730	0.008505	0.002730	0.202620	0.065038
50	G	86	4698	4227	0.020345	0	0	4698	63	5415	4903	0.012849	0	0	5415	0	0	0	nan	0	0	0	0.007496	0.002727	0.007496	0.002727	0.178582	0.064967
51	G	97	4695	4299	0.022563	0	0	4695	48	5411	4964	0.009670	0	0	5411	0	0	0	nan	0	0	0	0.012894	0.002683	0.012894	0.002683	0.307182	0.063919
52	U	79	4693	4399	0.017959	0	0	4693	94	5408	5065	0.018559	0	0	5408	0	0	0	nan	0	0	0	-0.000600	0.002783	-0.000600	0.002783	-0.014294	0.066301
53	U	87	4693	4442	0.019586	0	0	4693	75	5408	5097	0.014715	0	0	5408	0	0	0	nan	0	0	0	0.004871	0.002701	0.004871	0.002701	0.116045	0.064348
54	C	53	4691	4388	0.012078	0	0	4691	45	5406	5069	0.008877	0	0	5406	0	0	0	nan	0	0	0	0.003201	0.002122	0.003201	0.002122	0.076259	0.050554
55	G	7	4687	4322	0.001620	0	0	4687	22	5403	4980	0.004418	0	0	5403	0	0	0	nan	0	0	0	-0.002798	0.001123	-0.002798	0.001123	-0.066658	0.026754
56	A	3162	4684	4260	0.742254	0	0	4684	57	5402	4936	0.011548	0	0	5402	0	0	0	nan	0	0	0	0.730706	0.013288	0.730706	0.013288	17.408065	0.316568
57	U	40	4683	4301	0.009300	0	0	4683	81	5400	4943	0.016387	0	0	5400	0	0	0	nan	0	0	0	-0.007087	0.002340	-0.007087	0.002340	-0.168838	0.055747
58	U	35	4681	4288	0.008162	0	0	4681	52	5394	4850	0.010722	0	0	5394	0	0	0	nan	0	0	0	-0.002559	0.002028	-0.002559	0.002028	-0.060965	0.048314
59	C	11	4677	4194	0.002623	0	0	4677	39	5389	4765	0.008185	0	0	5389	0	0	0	nan	0	0	0	-0.005562	0.001531	-0.005562	0.001531	-0.132507	0.036474
60	C	17	4675	4120	0.004126	0	0	4675	21	5387	4706	0.004462	0	0	5387	0	0	0	nan	0	0	0	-0.000336	0.001396	-0.000336	0.001396	-0.008005	0.033258
61	C	55	4674	4105	0.013398	0	0	4674	60	5382	4772	0.012573	0	0	5382	0	0	0	nan	0	0	0	0.000825	0.002429	0.000825	0.002429	0.019654	0.057868
62	U	66	4671	4205	0.015696	0	0	4671	60	5380	4885	0.012282	0	0	5380	0	0	0	nan	0	0	0	0.003413	0.002499	0.003413	0.002499	0.081310	0.059535
63	U	53	4666	4252	0.012465	0	0	4666	75	5378	4945	0.015167	0	0	5378	0	0	0	nan	0	0	0	-0.002702	0.002449	-0.002702	0.002449	-0.064371	0.058344
64	C	54	4663	4173	0.012940	0	0	4663	24	5375	4879	0.004919	0	0	5375	0	0	0	nan	0	0	0	0.008021	0.002027	0.008021	0.002027	0.191089	0.048290
65	G	160	4662	4159	0.038471	0	0	4662	46	5362	4860	0.009465	0	0	5362	0	0	0	nan	0	0	0	0.029006	0.003346	0.029006	0.003346	0.691028	0.079714
66	C	54	4661	4105	0.013155	0	0	4661	46	5357	4813	0.009557	0	0	5357	0	0	0	nan	0	0	0	0.003597	0.002278	0.003597	0.002278	0.085694	0.054270
67	C	51	4655	4192	0.012166	0	0	4655	34	5355	4899	0.006940	0	0	5355	0	0	0	nan	0	0	0	0.005226	0.002078	0.005226	0.002078	0.124502	0.049505
68	C	37	4653	4151	0.008914	0	0	4653	20	5352	4884	0.004095	0	0	5352	0	0	0	nan	0	0	0	0.004819	0.001728	0.004819	0.001728	0.114806	0.041167
69	G	372	4651	4168	0.089251	0	0	4651	105	5349	4873	0.021547	0	0	5349	0	0	0	nan	0	0	0	0.067704	0.005083	0.067704	0.005083	1.612955	0.121095
70	C	95	4651	4166	0.022804	0	0	4651	109	5349	4876	0.022354	0	0	5349	0	0	0	nan	0	0	0	0.000449	0.003171	0.000449	0.003171	0.010697	0.075545
71	U	36	4649	4194	0.008584	0	0	4649	63	5341	4892	0.012878	0	0	5341	0	0	0	nan	0	0	0	-0.004294	0.002163	-0.004294	0.002163	-0.102299	0.051530
72	C	137	4647	4137	0.033116	0	0	4647	20	5334	4853	0.004121	0	0	5334	0	0	0	nan	0	0	0	0.028995	0.002976	0.028995	0.002976	0.690766	0.070899
73	C	74	4633	3990	0.018546	0	0	4633	7	5329	4807	0.001456	0	0	5329	0	0	0	nan	0	0	0	0.017090	0.002225	0.017090	0.002225	0.407146	0.053008
74	A	0	4442	0	nan	0	0	4442	0	5273	0	nan	0	0	5273	0	0	0	nan	0	0	0	nan	nan	nan	nan	nan	nan