Nucleotide	Sequence	Modified_mutations	Modified_read_depth	Modified_effective_depth	Modified_rate	Modified_off_target_mapped_depth	Modified_low_mapq_mapped_depth	Modified_mapped_depth	Untreated_mutations	Untreated_read_depth	Untreated_effective_depth	Untreated_rate	Untreated_off_target_mapped_depth	Untreated_low_mapq_mapped_depth	Untreated_mapped_depth	Denatured_mutations	Denatured_read_depth	Denatured_effective_depth	Denatured_rate	Denatured_off_target_mapped_depth	Denatured_low_mapq_mapped_depth	Denatured_mapped_depth	Reactivity_profile	Std_err	HQ_profile	HQ_stderr	Norm_profile	Norm_stderr
1	C	0	13613	13226	0.000000	0	1	13613	0	13895	13498	0.000000	0	0	13895	0	0	0	nan	0	0	0	0.000000	0.000000	0.000000	0.000000	0.000000	0.000000
2	G	0	13849	13095	0.000000	0	1	13849	0	14047	13292	0.000000	0	0	14047	0	0	0	nan	0	0	0	0.000000	0.000000	0.000000	0.000000	0.000000	0.000000
3	G	643	14458	13583	0.047339	0	1	14458	150	14236	13348	0.011238	0	0	14236	0	0	0	nan	0	0	0	0.036101	0.002080	0.036101	0.002080	0.978498	0.056377
4	U	209	14680	13668	0.015291	0	1	14680	222	14285	13285	0.016711	0	0	14285	0	0	0	nan	0	0	0	-0.001419	0.001542	-0.001419	0.001542	-0.038461	0.041795
5	G	324	14727	13981	0.023174	0	1	14727	48	14315	13558	0.003540	0	0	14315	0	0	0	nan	0	0	0	0.019634	0.001385	0.019634	0.001385	0.532169	0.037540
6	A	276	14922	14235	0.019389	0	1	14922	183	14402	13691	0.013366	0	1	14402	0	0	0	nan	0	0	0	0.006022	0.001529	0.006022	0.001529	0.163223	0.041443
7	U	192	15329	14761	0.013007	0	1	15329	183	14657	14088	0.012990	0	1	14657	0	0	0	nan	0	0	0	0.000017	0.001343	0.000017	0.001343	0.000461	0.036401
8	U	1830	15486	14666	0.124778	0	1	15486	1071	14796	13985	0.076582	0	1	14796	0	0	0	nan	0	0	0	0.048196	0.003740	nan	nan	nan	nan
9	G	261	15880	14952	0.017456	0	1	15880	133	15121	14244	0.009337	0	1	15121	0	0	0	nan	0	0	0	0.008119	0.001350	0.008119	0.001350	0.220061	0.036591
10	G	412	16005	15190	0.027123	0	1	16005	167	15167	14413	0.011587	0	1	15167	0	0	0	nan	0	0	0	0.015536	0.001609	0.015536	0.001609	0.421095	0.043611
11	C	158	16109	15385	0.010270	0	1	16109	132	15214	14596	0.009044	0	1	15214	0	0	0	nan	0	0	0	0.001226	0.001135	0.001226	0.001135	0.033230	0.030764
12	G	295	16128	15595	0.018916	0	1	16128	127	15240	14738	0.008617	0	1	15240	0	0	0	nan	0	0	0	0.010299	0.001341	0.010299	0.001341	0.279149	0.036347
13	C	117	16156	15220	0.007687	0	1	16156	73	15271	14306	0.005103	0	1	15271	0	0	0	nan	0	0	0	0.002584	0.000928	0.002584	0.000928	0.070038	0.025153
14	A	762	16175	15261	0.049931	0	1	16175	41	15279	14345	0.002858	0	1	15279	0	0	0	nan	0	0	0	0.047073	0.001863	0.047073	0.001863	1.275889	0.050496
15	G	266	16228	15262	0.017429	0	1	16228	184	15284	14287	0.012879	0	1	15284	0	0	0	nan	0	0	0	0.004550	0.001429	0.004550	0.001429	0.123325	0.038732
16	C	392	16262	15552	0.025206	0	1	16262	137	15303	14703	0.009318	0	1	15303	0	0	0	nan	0	0	0	0.015888	0.001501	0.015888	0.001501	0.430636	0.040684
17	C	1688	16285	15694	0.107557	0	1	16285	144	15329	14780	0.009743	0	1	15329	0	0	0	nan	0	0	0	0.097814	0.002741	0.097814	0.002741	2.651196	0.074293
18	U	196	16359	15690	0.012492	0	1	16359	158	15403	14831	0.010653	0	1	15403	0	0	0	nan	0	0	0	0.001839	0.001231	0.001839	0.001231	0.049845	0.033366
19	G	469	16374	15667	0.029936	0	1	16374	150	15415	14816	0.010124	0	1	15415	0	0	0	nan	0	0	0	0.019811	0.001611	0.019811	0.001611	0.536967	0.043665
20	G	482	16406	15758	0.030588	0	1	16406	118	15444	14855	0.007943	0	1	15444	0	0	0	nan	0	0	0	0.022644	0.001573	0.022644	0.001573	0.613754	0.042635
21	U	193	16450	15876	0.012157	0	1	16450	250	15473	14940	0.016734	0	1	15473	0	0	0	nan	0	0	0	-0.004577	0.001373	-0.004577	0.001373	-0.124057	0.037214
22	A	27	16458	15950	0.001693	0	1	16458	22	15488	15033	0.001463	0	1	15488	0	0	0	nan	0	0	0	0.000229	0.000451	0.000229	0.000451	0.006207	0.012224
23	G	307	16473	15898	0.019311	0	1	16473	177	15504	15005	0.011796	0	1	15504	0	0	0	nan	0	0	0	0.007515	0.001414	0.007515	0.001414	0.203690	0.038326
24	C	115	16479	15801	0.007278	0	1	16479	107	15513	14916	0.007174	0	1	15513	0	0	0	nan	0	0	0	0.000105	0.000970	0.000105	0.000970	0.002846	0.026291
25	G	513	16481	15842	0.032382	0	1	16481	140	15514	14914	0.009387	0	1	15514	0	0	0	nan	0	0	0	0.022995	0.001635	0.022995	0.001635	0.623267	0.044316
26	C	69	16485	15851	0.004353	0	1	16485	43	15516	14952	0.002876	0	1	15516	0	0	0	nan	0	0	0	0.001477	0.000683	0.001477	0.000683	0.040033	0.018512
27	A	498	16488	15979	0.031166	0	1	16488	71	15521	15046	0.004719	0	1	15521	0	0	0	nan	0	0	0	0.026447	0.001505	0.026447	0.001505	0.716832	0.040792
28	C	318	16489	15711	0.020241	0	1	16489	199	15520	14826	0.013422	0	1	15520	0	0	0	nan	0	0	0	0.006818	0.001481	0.006818	0.001481	0.184798	0.040142
29	U	233	16511	15621	0.014916	0	1	16511	209	15547	14748	0.014171	0	1	15547	0	0	0	nan	0	0	0	0.000744	0.001384	0.000744	0.001384	0.020166	0.037513
30	U	259	16534	15607	0.016595	0	1	16534	277	15574	14751	0.018778	0	2	15574	0	0	0	nan	0	0	0	-0.002183	0.001529	-0.002183	0.001529	-0.059169	0.041443
31	C	165	16541	15667	0.010532	0	1	16541	113	15590	14778	0.007647	0	2	15590	0	0	0	nan	0	0	0	0.002885	0.001091	0.002885	0.001091	0.078196	0.029571
32	G	434	16542	15588	0.027842	0	1	16542	85	15589	14752	0.005762	0	2	15589	0	0	0	nan	0	0	0	0.022080	0.001475	0.022080	0.001475	0.598467	0.039979
33	U	1461	16556	15585	0.093744	0	2	16556	1621	15599	14686	0.110377	0	2	15599	0	0	0	nan	0	0	0	-0.016633	0.003678	nan	nan	nan	nan
34	U	299	16631	15772	0.018958	0	2	16631	329	15640	14926	0.022042	0	3	15640	0	0	0	nan	0	0	0	-0.003084	0.001637	-0.003084	0.001637	-0.083590	0.044370
35	C	1046	16639	15818	0.066127	0	2	16639	135	15650	14922	0.009047	0	3	15650	0	0	0	nan	0	0	0	0.057080	0.002188	0.057080	0.002188	1.547123	0.059305
36	G	1806	16664	15661	0.115318	0	2	16664	1664	15660	14756	0.112768	0	3	15660	0	0	0	nan	0	0	0	0.002551	0.003874	nan	nan	nan	nan
37	G	183	16672	15460	0.011837	0	2	16672	25	15659	14590	0.001714	0	3	15659	0	0	0	nan	0	0	0	0.010123	0.000940	0.010123	0.000940	0.274379	0.025478
38	G	8625	16672	15257	0.565314	0	2	16672	8838	15656	14381	0.614561	0	3	15656	0	0	0	nan	0	0	0	-0.049247	0.008932	nan	nan	nan	nan
39	A	162	16839	15759	0.010280	0	2	16839	76	15744	14766	0.005147	0	4	15744	0	0	0	nan	0	0	0	0.005133	0.001000	0.005133	0.001000	0.139127	0.027104
40	C	99	16859	15952	0.006206	0	2	16859	76	15749	14907	0.005098	0	4	15749	0	0	0	nan	0	0	0	0.001108	0.000855	0.001108	0.000855	0.030032	0.023174
41	G	418	16865	16290	0.025660	0	2	16865	62	15753	15213	0.004075	0	4	15753	0	0	0	nan	0	0	0	0.021584	0.001358	0.021584	0.001358	0.585023	0.036808
42	A	130	16869	16341	0.007955	0	2	16869	44	15755	15273	0.002881	0	4	15755	0	0	0	nan	0	0	0	0.005075	0.000822	0.005075	0.000822	0.137555	0.022280
43	A	127	16868	16378	0.007754	0	2	16868	64	15746	15314	0.004179	0	4	15746	0	0	0	nan	0	0	0	0.003575	0.000864	0.003575	0.000864	0.096898	0.023418
44	G	648	16855	16128	0.040179	0	2	16855	364	15737	15085	0.024130	0	4	15737	0	0	0	nan	0	0	0	0.016049	0.002023	0.016049	0.002023	0.435000	0.054832
45	G	352	16851	15922	0.022108	0	2	16851	154	15735	14925	0.010318	0	4	15735	0	0	0	nan	0	0	0	0.011790	0.001442	0.011790	0.001442	0.319562	0.039085
46	G	397	16852	15536	0.025554	0	2	16852	144	15731	14776	0.009746	0	4	15731	0	0	0	nan	0	0	0	0.015808	0.001518	0.015808	0.001518	0.428467	0.041145
47	G	4279	16848	15805	0.270737	0	2	16848	4293	15731	14804	0.289989	0	4	15731	0	0	0	nan	0	0	0	-0.019252	0.006060	nan	nan	nan	nan
48	U	251	16867	16083	0.015607	0	2	16867	252	15755	15044	0.016751	0	4	15755	0	0	0	nan	0	0	0	-0.001144	0.001444	-0.001144	0.001444	-0.031008	0.039139
49	C	132	16867	15991	0.008255	0	2	16867	108	15759	14984	0.007208	0	4	15759	0	0	0	nan	0	0	0	0.001047	0.000999	0.001047	0.000999	0.028378	0.027077
50	G	344	16867	15900	0.021635	0	2	16867	195	15758	14891	0.013095	0	4	15758	0	0	0	nan	0	0	0	0.008540	0.001497	0.008540	0.001497	0.231472	0.040575
51	G	158	16866	15860	0.009962	0	2	16866	92	15756	14857	0.006192	0	4	15756	0	0	0	nan	0	0	0	0.003770	0.001022	0.003770	0.001022	0.102184	0.027701
52	A	165	16862	16022	0.010298	0	2	16862	86	15755	14982	0.005740	0	4	15755	0	0	0	nan	0	0	0	0.004558	0.001013	0.004558	0.001013	0.123542	0.027457
53	G	366	16859	16130	0.022691	0	2	16859	167	15754	15118	0.011046	0	4	15754	0	0	0	nan	0	0	0	0.011644	0.001462	0.011644	0.001462	0.315604	0.039627
54	G	535	16856	16047	0.033340	0	2	16856	143	15750	15039	0.009509	0	4	15750	0	0	0	nan	0	0	0	0.023831	0.001646	0.023831	0.001646	0.645927	0.044614
55	U	337	16856	16062	0.020981	0	2	16856	370	15750	15060	0.024568	0	4	15750	0	0	0	nan	0	0	0	-0.003587	0.001714	-0.003587	0.001714	-0.097224	0.046457
56	U	240	16856	16129	0.014880	0	2	16856	283	15750	15098	0.018744	0	4	15750	0	0	0	nan	0	0	0	-0.003864	0.001471	-0.003864	0.001471	-0.104732	0.039871
57	C	204	16854	16061	0.012702	0	2	16854	189	15745	15055	0.012554	0	4	15745	0	0	0	nan	0	0	0	0.000148	0.001275	0.000148	0.001275	0.004011	0.034558
58	G	87	16852	16038	0.005425	0	2	16852	80	15740	15064	0.005311	0	4	15740	0	0	0	nan	0	0	0	0.000114	0.000831	0.000114	0.000831	0.003090	0.022524
59	A	2580	16851	15627	0.165099	0	2	16851	21	15733	14656	0.001433	0	4	15733	0	0	0	nan	0	0	0	0.163666	0.003265	0.163666	0.003265	4.436080	0.088496
60	A	190	16848	15716	0.012090	0	2	16848	98	15730	14686	0.006673	0	4	15730	0	0	0	nan	0	0	0	0.005417	0.001106	0.005417	0.001106	0.146825	0.029978
61	U	120	16842	15548	0.007718	0	2	16842	170	15726	14516	0.011711	0	4	15726	0	0	0	nan	0	0	0	-0.003993	0.001142	-0.003993	0.001142	-0.108228	0.030953
62	C	87	16832	15597	0.005578	0	2	16832	103	15723	14621	0.007045	0	4	15723	0	0	0	nan	0	0	0	-0.001467	0.000916	-0.001467	0.000916	-0.039762	0.024828
63	C	58	16829	15580	0.003723	0	2	16829	46	15721	14582	0.003155	0	3	15721	0	0	0	nan	0	0	0	0.000568	0.000675	0.000568	0.000675	0.015395	0.018296
64	U	126	16825	15634	0.008059	0	2	16825	142	15695	14639	0.009700	0	3	15695	0	0	0	nan	0	0	0	-0.001641	0.001085	-0.001641	0.001085	-0.044478	0.029408
65	C	107	16820	15898	0.006730	0	2	16820	101	15691	14797	0.006826	0	3	15691	0	0	0	nan	0	0	0	-0.000095	0.000941	-0.000095	0.000941	-0.002575	0.025505
66	U	84	16815	15986	0.005255	0	2	16815	107	15685	14888	0.007187	0	3	15685	0	0	0	nan	0	0	0	-0.001932	0.000901	-0.001932	0.000901	-0.052366	0.024421
67	A	72	16813	16035	0.004490	0	2	16813	112	15682	14885	0.007524	0	3	15682	0	0	0	nan	0	0	0	-0.003034	0.000886	-0.003034	0.000886	-0.082235	0.024015
68	U	195	16806	15683	0.012434	0	2	16806	214	15655	14632	0.014625	0	2	15655	0	0	0	nan	0	0	0	-0.002192	0.001339	-0.002192	0.001339	-0.059413	0.036293
69	C	62	16792	15201	0.004079	0	2	16792	55	15644	14202	0.003873	0	2	15644	0	0	0	nan	0	0	0	0.000206	0.000736	0.000206	0.000736	0.005584	0.019949
70	A	232	16781	15115	0.015349	0	2	16781	261	15635	14168	0.018422	0	2	15635	0	0	0	nan	0	0	0	-0.003073	0.001522	-0.003073	0.001522	-0.083292	0.041253
71	C	186	16770	14914	0.012472	0	2	16770	141	15631	13976	0.010089	0	2	15631	0	0	0	nan	0	0	0	0.002383	0.001248	0.002383	0.001248	0.064590	0.033826
72	C	155	16752	15049	0.010300	0	2	16752	103	15620	14040	0.007336	0	2	15620	0	0	0	nan	0	0	0	0.002964	0.001099	0.002964	0.001099	0.080338	0.029788
73	G	634	16736	13772	0.046035	0	2	16736	133	15617	12782	0.010405	0	2	15617	0	0	0	nan	0	0	0	0.035630	0.002039	0.035630	0.002039	0.965732	0.055266
74	A	1715	16709	14030	0.122238	0	2	16709	209	15605	13052	0.016013	0	2	15605	0	0	0	nan	0	0	0	0.106225	0.003153	0.106225	0.003153	2.879172	0.085460
75	C	1178	16686	14133	0.083351	0	2	16686	100	15599	13094	0.007637	0	2	15599	0	0	0	nan	0	0	0	0.075714	0.002546	0.075714	0.002546	2.052188	0.069008
76	C	488	16622	14749	0.033087	0	2	16622	14	15531	14160	0.000989	0	2	15531	0	0	0	nan	0	0	0	0.032098	0.001521	0.032098	0.001521	0.869999	0.041226
77	A	0	15842	0	nan	0	1	15842	0	15174	0	nan	0	2	15174	0	0	0	nan	0	0	0	nan	nan	nan	nan	nan	nan