Nucleotide	Sequence	Modified_mutations	Modified_read_depth	Modified_effective_depth	Modified_rate	Modified_off_target_mapped_depth	Modified_low_mapq_mapped_depth	Modified_mapped_depth	Untreated_mutations	Untreated_read_depth	Untreated_effective_depth	Untreated_rate	Untreated_off_target_mapped_depth	Untreated_low_mapq_mapped_depth	Untreated_mapped_depth	Denatured_mutations	Denatured_read_depth	Denatured_effective_depth	Denatured_rate	Denatured_off_target_mapped_depth	Denatured_low_mapq_mapped_depth	Denatured_mapped_depth	Reactivity_profile	Std_err	HQ_profile	HQ_stderr	Norm_profile	Norm_stderr
1	G	0	2327	2281	0.000000	0	0	2327	0	4827	4738	0.000000	0	0	4827	0	0	0	nan	0	0	0	0.000000	0.000000	0.000000	0.000000	0.000000	0.000000
2	C	0	2467	2376	0.000000	0	0	2467	0	4953	4794	0.000000	0	0	4953	0	0	0	nan	0	0	0	0.000000	0.000000	0.000000	0.000000	0.000000	0.000000
3	G	76	2490	2409	0.031548	0	0	2490	39	4980	4845	0.008050	0	0	4980	0	0	0	nan	0	0	0	0.023499	0.003842	0.023499	0.003842	0.632072	0.103341
4	C	23	2520	2416	0.009520	0	0	2520	29	4996	4800	0.006042	0	0	4996	0	0	0	nan	0	0	0	0.003478	0.002280	0.003478	0.002280	0.093551	0.061327
5	C	12	2527	2422	0.004955	0	0	2527	32	5007	4812	0.006650	0	0	5007	0	0	0	nan	0	0	0	-0.001695	0.001851	-0.001695	0.001851	-0.045592	0.049788
6	C	21	2541	2412	0.008706	0	0	2541	31	5022	4777	0.006489	0	0	5022	0	0	0	nan	0	0	0	0.002217	0.002229	0.002217	0.002229	0.059632	0.059955
7	U	28	2688	2542	0.011015	0	0	2688	51	5223	4950	0.010303	0	0	5223	0	0	0	nan	0	0	0	0.000712	0.002533	0.000712	0.002533	0.019151	0.068132
8	U	378	2853	2719	0.139022	0	0	2853	518	5477	5235	0.098949	0	0	5477	0	0	0	nan	0	0	0	0.040072	0.008368	nan	nan	nan	nan
9	A	80	3134	3009	0.026587	0	0	3134	15	5847	5623	0.002668	0	0	5847	0	0	0	nan	0	0	0	0.023919	0.003051	0.023919	0.003051	0.643369	0.082065
10	G	80	3225	3114	0.025690	0	0	3225	80	5869	5642	0.014179	0	0	5869	0	0	0	nan	0	0	0	0.011511	0.003281	0.011511	0.003281	0.309621	0.088252
11	C	39	3271	3148	0.012389	0	0	3271	38	5918	5658	0.006716	0	0	5918	0	0	0	nan	0	0	0	0.005673	0.002263	0.005673	0.002263	0.152591	0.060870
12	U	36	3370	3221	0.011177	0	0	3370	63	6147	5853	0.010764	0	0	6147	0	0	0	nan	0	0	0	0.000413	0.002304	0.000413	0.002304	0.011109	0.061973
13	C	17	3389	3251	0.005229	0	0	3389	23	6211	5953	0.003864	0	0	6211	0	0	0	nan	0	0	0	0.001366	0.001502	0.001366	0.001502	0.036742	0.040401
14	A	53	3410	3263	0.016243	0	0	3410	7	6290	6004	0.001166	0	0	6290	0	0	0	nan	0	0	0	0.015077	0.002274	0.015077	0.002274	0.405539	0.061166
15	G	52	3433	3229	0.016104	0	0	3433	54	6294	5913	0.009132	0	0	6294	0	0	0	nan	0	0	0	0.006972	0.002556	0.006972	0.002556	0.187532	0.068751
16	U	51	3523	3284	0.015530	0	0	3523	108	6449	5970	0.018090	0	0	6449	0	0	0	nan	0	0	0	-0.002561	0.002786	-0.002561	0.002786	-0.068885	0.074937
17	U	20	3538	3297	0.006066	0	0	3538	68	6491	5998	0.011337	0	0	6491	0	0	0	nan	0	0	0	-0.005271	0.001931	-0.005271	0.001931	-0.141778	0.051940
18	G	65	3568	3383	0.019214	0	0	3568	67	6554	6152	0.010891	0	0	6554	0	0	0	nan	0	0	0	0.008323	0.002729	0.008323	0.002729	0.223871	0.073404
19	G	30	3612	3451	0.008693	0	0	3612	31	6585	6243	0.004966	0	0	6585	0	0	0	nan	0	0	0	0.003728	0.001821	0.003728	0.001821	0.100275	0.048981
20	A	136	3624	3485	0.039024	0	0	3624	67	6608	6320	0.010601	0	0	6608	0	0	0	nan	0	0	0	0.028423	0.003588	0.028423	0.003588	0.764517	0.096509
21	U	20	3642	3522	0.005679	0	0	3642	66	6621	6397	0.010317	0	0	6621	0	0	0	nan	0	0	0	-0.004639	0.001796	-0.004639	0.001796	-0.124779	0.048309
22	A	16	3650	3497	0.004575	0	0	3650	14	6636	6346	0.002206	0	0	6636	0	0	0	nan	0	0	0	0.002369	0.001287	0.002369	0.001287	0.063721	0.034618
23	G	30	3654	3464	0.008661	0	0	3654	23	6644	6298	0.003652	0	0	6644	0	0	0	nan	0	0	0	0.005009	0.001755	0.005009	0.001755	0.134731	0.047206
24	A	47	3654	3432	0.013695	0	0	3654	24	6647	6223	0.003857	0	0	6647	0	0	0	nan	0	0	0	0.009838	0.002147	0.009838	0.002147	0.264621	0.057750
25	G	166	3656	3409	0.048695	0	0	3656	46	6646	6149	0.007481	0	0	6646	0	0	0	nan	0	0	0	0.041214	0.003937	0.041214	0.003937	1.108567	0.105897
26	C	18	3657	3470	0.005187	0	0	3657	43	6646	6259	0.006870	0	0	6646	0	0	0	nan	0	0	0	-0.001683	0.001610	-0.001683	0.001610	-0.045269	0.043306
27	A	242	3657	3483	0.069480	0	0	3657	8	6649	6302	0.001269	0	0	6649	0	0	0	nan	0	0	0	0.068211	0.004489	0.068211	0.004489	1.834728	0.120744
28	A	45	3672	3551	0.012672	0	0	3672	28	6657	6428	0.004356	0	0	6657	0	0	0	nan	0	0	0	0.008317	0.002061	0.008317	0.002061	0.223709	0.055436
29	C	46	3672	3458	0.013302	0	0	3672	59	6654	6248	0.009443	0	0	6654	0	0	0	nan	0	0	0	0.003859	0.002315	0.003859	0.002315	0.103799	0.062268
30	G	94	3671	3212	0.029265	0	0	3671	38	6656	5534	0.006867	0	0	6656	0	0	0	nan	0	0	0	0.022399	0.003217	0.022399	0.003217	0.602485	0.086530
31	A	45	3672	3208	0.014027	0	0	3672	161	6660	5554	0.028988	0	0	6660	0	0	0	nan	0	0	0	-0.014961	0.003097	-0.014961	0.003097	-0.402418	0.083303
32	C	15	3675	3228	0.004647	0	0	3675	58	6666	5620	0.010320	0	0	6666	0	0	0	nan	0	0	0	-0.005673	0.001810	-0.005673	0.001810	-0.152591	0.048685
33	C	2496	3676	3418	0.730252	0	0	3676	574	6666	6288	0.091285	0	0	6666	0	0	0	nan	0	0	0	0.638967	0.015105	nan	nan	nan	nan
34	U	43	3715	3468	0.012399	0	0	3715	62	6704	6266	0.009895	0	1	6704	0	0	0	nan	0	0	0	0.002504	0.002270	0.002504	0.002270	0.067352	0.061058
35	U	70	3734	3497	0.020017	0	0	3734	212	6723	6330	0.033491	0	1	6723	0	0	0	nan	0	0	0	-0.013474	0.003319	-0.013474	0.003319	-0.362421	0.089274
36	C	48	3759	3568	0.013453	0	0	3759	32	6747	6343	0.005045	0	1	6747	0	0	0	nan	0	0	0	0.008408	0.002137	0.008408	0.002137	0.226157	0.057481
37	U	18	3787	3625	0.004966	0	0	3787	30	6764	6423	0.004671	0	1	6764	0	0	0	nan	0	0	0	0.000295	0.001448	0.000295	0.001448	0.007935	0.038948
38	A	140	3790	3641	0.038451	0	0	3790	209	6773	6458	0.032363	0	1	6773	0	0	0	nan	0	0	0	0.006088	0.003946	0.006088	0.003946	0.163754	0.106139
39	A	140	3816	3673	0.038116	0	0	3816	20	6783	6520	0.003067	0	1	6783	0	0	0	nan	0	0	0	0.035048	0.003294	0.035048	0.003294	0.942715	0.088601
40	G	160	3817	3617	0.044236	0	0	3817	26	6783	6405	0.004059	0	1	6783	0	0	0	nan	0	0	0	0.040176	0.003587	0.040176	0.003587	1.080647	0.096483
41	U	79	3821	3615	0.021853	0	0	3821	131	6791	6394	0.020488	0	1	6791	0	0	0	nan	0	0	0	0.001365	0.003041	0.001365	0.003041	0.036716	0.081796
42	C	25	3824	3584	0.006975	0	0	3824	48	6788	6386	0.007516	0	1	6788	0	0	0	nan	0	0	0	-0.000541	0.001767	-0.000541	0.001767	-0.014552	0.047528
43	G	171	3827	3606	0.047421	0	1	3827	66	6780	6414	0.010290	0	1	6780	0	0	0	nan	0	0	0	0.037131	0.003841	0.037131	0.003841	0.998743	0.103315
44	U	45	3826	3564	0.012626	0	1	3826	92	6780	6351	0.014486	0	1	6780	0	0	0	nan	0	0	0	-0.001860	0.002413	-0.001860	0.002413	-0.050030	0.064904
45	G	81	3826	3549	0.022823	0	1	3826	80	6782	6303	0.012692	0	1	6782	0	0	0	nan	0	0	0	0.010131	0.002906	0.010131	0.002906	0.272502	0.078165
46	G	104	3824	3526	0.029495	0	1	3824	83	6782	6237	0.013308	0	1	6782	0	0	0	nan	0	0	0	0.016187	0.003240	0.016187	0.003240	0.435395	0.087149
47	G	201	3824	3559	0.056477	0	1	3824	107	6781	6268	0.017071	0	1	6781	0	0	0	nan	0	0	0	0.039406	0.004312	0.039406	0.004312	1.059936	0.115983
48	C	177	3824	3606	0.049085	0	1	3824	134	6781	6365	0.021053	0	1	6781	0	0	0	nan	0	0	0	0.028032	0.004113	0.028032	0.004113	0.754000	0.110631
49	C	29	3825	3555	0.008158	0	1	3825	66	6781	6281	0.010508	0	1	6781	0	0	0	nan	0	0	0	-0.002350	0.001992	-0.002350	0.001992	-0.063210	0.053580
50	G	69	3822	3564	0.019360	0	1	3822	40	6779	6278	0.006371	0	1	6779	0	0	0	nan	0	0	0	0.012989	0.002539	0.012989	0.002539	0.349376	0.068294
51	C	20	3825	3562	0.005615	0	1	3825	35	6775	6259	0.005592	0	1	6775	0	0	0	nan	0	0	0	0.000023	0.001572	0.000023	0.001572	0.000619	0.042283
52	A	6	3822	3606	0.001664	0	1	3822	18	6773	6364	0.002828	0	1	6773	0	0	0	nan	0	0	0	-0.001165	0.000952	-0.001165	0.000952	-0.031336	0.025607
53	G	52	3820	3516	0.014790	0	1	3820	79	6762	6238	0.012664	0	1	6762	0	0	0	nan	0	0	0	0.002125	0.002497	0.002125	0.002497	0.057158	0.067164
54	G	98	3817	3468	0.028258	0	1	3817	73	6758	6117	0.011934	0	1	6758	0	0	0	nan	0	0	0	0.016324	0.003178	0.016324	0.003178	0.439080	0.085481
55	U	87	3816	3466	0.025101	0	1	3816	188	6756	6115	0.030744	0	1	6756	0	0	0	nan	0	0	0	-0.005643	0.003503	-0.005643	0.003503	-0.151784	0.094223
56	U	90	3816	3487	0.025810	0	1	3816	151	6756	6146	0.024569	0	1	6756	0	0	0	nan	0	0	0	0.001241	0.003376	0.001241	0.003376	0.033380	0.090807
57	C	46	3814	3490	0.013181	0	1	3814	55	6754	6189	0.008887	0	1	6754	0	0	0	nan	0	0	0	0.004294	0.002283	0.004294	0.002283	0.115499	0.061408
58	G	18	3812	3456	0.005208	0	1	3812	22	6752	6188	0.003555	0	1	6752	0	0	0	nan	0	0	0	0.001653	0.001443	0.001653	0.001443	0.044462	0.038814
59	A	1665	3811	3441	0.483871	0	1	3811	20	6752	6153	0.003250	0	1	6752	0	0	0	nan	0	0	0	0.480621	0.011881	0.480621	0.011881	12.927664	0.319573
60	A	69	3810	3478	0.019839	0	1	3810	84	6751	6181	0.013590	0	1	6751	0	0	0	nan	0	0	0	0.006249	0.002811	0.006249	0.002811	0.168085	0.075610
61	U	32	3806	3456	0.009259	0	1	3806	111	6736	6129	0.018111	0	1	6736	0	0	0	nan	0	0	0	-0.008851	0.002374	-0.008851	0.002374	-0.238073	0.063855
62	C	15	3803	3464	0.004330	0	1	3803	35	6731	6121	0.005718	0	1	6731	0	0	0	nan	0	0	0	-0.001388	0.001478	-0.001388	0.001478	-0.037334	0.039755
63	C	15	3799	3440	0.004360	0	1	3799	25	6728	6060	0.004125	0	1	6728	0	0	0	nan	0	0	0	0.000235	0.001396	0.000235	0.001396	0.006321	0.037549
64	U	25	3793	3375	0.007407	0	1	3793	52	6702	5913	0.008794	0	1	6702	0	0	0	nan	0	0	0	-0.001387	0.001919	-0.001387	0.001919	-0.037307	0.051617
65	G	76	3778	3368	0.022565	0	1	3778	49	6671	5884	0.008328	0	0	6671	0	0	0	nan	0	0	0	0.014238	0.002849	0.014238	0.002849	0.382971	0.076632
66	C	36	3775	3138	0.011472	0	1	3775	84	6652	5245	0.016015	0	0	6652	0	0	0	nan	0	0	0	-0.004543	0.002590	-0.004543	0.002590	-0.122197	0.069665
67	A	36	3773	3149	0.011432	0	1	3773	33	6639	5273	0.006258	0	0	6639	0	0	0	nan	0	0	0	0.005174	0.002195	0.005174	0.002195	0.139169	0.059041
68	G	59	3770	3075	0.019187	0	1	3770	110	6631	5152	0.021351	0	0	6631	0	0	0	nan	0	0	0	-0.002164	0.003222	-0.002164	0.003222	-0.058207	0.086665
69	G	71	3769	3287	0.021600	0	1	3769	57	6630	5768	0.009882	0	0	6630	0	0	0	nan	0	0	0	0.011718	0.002878	0.011718	0.002878	0.315189	0.077412
70	G	182	3766	3357	0.054215	0	1	3766	91	6628	5921	0.015369	0	0	6628	0	0	0	nan	0	0	0	0.038846	0.004330	0.038846	0.004330	1.044873	0.116468
71	C	36	3762	3410	0.010557	0	1	3762	45	6627	5992	0.007510	0	0	6627	0	0	0	nan	0	0	0	0.003047	0.002085	0.003047	0.002085	0.081958	0.056082
72	G	246	3761	3431	0.071699	0	1	3761	133	6626	6049	0.021987	0	0	6626	0	0	0	nan	0	0	0	0.049712	0.004953	0.049712	0.004953	1.337145	0.133225
73	C	138	3761	3340	0.041317	0	1	3761	209	6625	5942	0.035173	0	0	6625	0	0	0	nan	0	0	0	0.006144	0.004277	0.006144	0.004277	0.165260	0.115042
74	G	230	3757	3369	0.068270	0	1	3757	106	6619	6009	0.017640	0	0	6619	0	0	0	nan	0	0	0	0.050629	0.004817	0.050629	0.004817	1.361810	0.129567
75	C	86	3755	3408	0.025235	0	1	3755	40	6619	6023	0.006641	0	0	6619	0	0	0	nan	0	0	0	0.018594	0.002917	0.018594	0.002917	0.500138	0.078461
76	C	45	3754	3350	0.013433	0	1	3754	11	6615	5925	0.001857	0	0	6615	0	0	0	nan	0	0	0	0.011576	0.002079	0.011576	0.002079	0.311369	0.055921
77	A	0	3654	0	nan	0	1	3654	0	6539	0	nan	0	0	6539	0	0	0	nan	0	0	0	nan	nan	nan	nan	nan	nan