Nucleotide	Sequence	Modified_mutations	Modified_read_depth	Modified_effective_depth	Modified_rate	Modified_off_target_mapped_depth	Modified_low_mapq_mapped_depth	Modified_mapped_depth	Untreated_mutations	Untreated_read_depth	Untreated_effective_depth	Untreated_rate	Untreated_off_target_mapped_depth	Untreated_low_mapq_mapped_depth	Untreated_mapped_depth	Denatured_mutations	Denatured_read_depth	Denatured_effective_depth	Denatured_rate	Denatured_off_target_mapped_depth	Denatured_low_mapq_mapped_depth	Denatured_mapped_depth	Reactivity_profile	Std_err	HQ_profile	HQ_stderr	Norm_profile	Norm_stderr
1	G	0	7378	7138	0.000000	0	0	7378	0	21386	20689	0.000000	0	0	21386	0	0	0	nan	0	0	0	0.000000	0.000000	0.000000	0.000000	0.000000	0.000000
2	G	0	7656	7371	0.000000	0	0	7656	0	21762	20936	0.000000	0	0	21762	0	0	0	nan	0	0	0	0.000000	0.000000	0.000000	0.000000	0.000000	0.000000
3	C	65	7981	7694	0.008448	0	0	7981	116	21942	21078	0.005503	0	0	21942	0	0	0	nan	0	0	0	0.002945	0.001166	0.002945	0.001166	0.078502	0.031081
4	G	314	8000	7736	0.040589	0	0	8000	169	21970	21215	0.007966	0	0	21970	0	0	0	nan	0	0	0	0.032623	0.002371	0.032623	0.002371	0.869596	0.063201
5	C	66	8067	7710	0.008560	0	0	8067	129	22008	21014	0.006139	0	0	22008	0	0	0	nan	0	0	0	0.002422	0.001184	0.002422	0.001184	0.064561	0.031561
6	G	372	8088	7619	0.048825	0	0	8088	149	22036	20646	0.007217	0	0	22036	0	0	0	nan	0	0	0	0.041608	0.002600	0.041608	0.002600	1.109099	0.069305
7	U	87	8435	7872	0.011052	0	0	8435	234	22584	20947	0.011171	0	0	22584	0	0	0	nan	0	0	0	-0.000119	0.001392	-0.000119	0.001392	-0.003172	0.037105
8	U	1423	8719	8226	0.172988	0	0	8719	2912	23212	21740	0.133947	0	0	23212	0	0	0	nan	0	0	0	0.039041	0.005214	nan	nan	nan	nan
9	A	132	9622	9197	0.014353	0	0	9622	47	24940	23697	0.001983	0	0	24940	0	0	0	nan	0	0	0	0.012369	0.001282	0.012369	0.001282	0.329707	0.034173
10	A	108	9905	9540	0.011321	0	0	9905	76	25265	24178	0.003143	0	0	25265	0	0	0	nan	0	0	0	0.008177	0.001147	0.008177	0.001147	0.217965	0.030574
11	C	88	10055	9739	0.009036	0	0	10055	96	25382	24478	0.003922	0	0	25382	0	0	0	nan	0	0	0	0.005114	0.001043	0.005114	0.001043	0.136318	0.027802
12	A	72	10116	9880	0.007287	0	0	10116	56	25522	24926	0.002247	0	0	25522	0	0	0	nan	0	0	0	0.005041	0.000910	0.005041	0.000910	0.134372	0.024257
13	A	88	10181	9850	0.008934	0	0	10181	53	25592	24645	0.002151	0	0	25592	0	0	0	nan	0	0	0	0.006783	0.000997	0.006783	0.000997	0.180807	0.026576
14	A	101	10218	9658	0.010458	0	0	10218	83	25659	24178	0.003433	0	0	25659	0	0	0	nan	0	0	0	0.007025	0.001107	0.007025	0.001107	0.187258	0.029508
15	G	815	10232	9634	0.084596	0	0	10232	260	25690	24133	0.010774	0	0	25690	0	0	0	nan	0	0	0	0.073823	0.003038	0.073823	0.003038	1.967819	0.080981
16	C	94	10265	9636	0.009755	0	0	10265	193	25720	24212	0.007971	0	0	25720	0	0	0	nan	0	0	0	0.001784	0.001158	0.001784	0.001158	0.047554	0.030868
17	G	197	10269	9610	0.020499	0	0	10269	176	25732	24274	0.007251	0	0	25732	0	0	0	nan	0	0	0	0.013249	0.001559	0.013249	0.001559	0.353164	0.041557
18	G	163	10279	9594	0.016990	0	0	10279	121	25743	24122	0.005016	0	0	25743	0	0	0	nan	0	0	0	0.011974	0.001407	0.011974	0.001407	0.319178	0.037505
19	U	157	10369	9793	0.016032	0	0	10369	459	25926	24550	0.018697	0	0	25926	0	0	0	nan	0	0	0	-0.002665	0.001549	-0.002665	0.001549	-0.071038	0.041290
20	U	27	10424	9949	0.002714	0	0	10424	48	26060	24931	0.001925	0	0	26060	0	0	0	nan	0	0	0	0.000789	0.000592	0.000789	0.000592	0.021032	0.015780
21	A	164	10451	10038	0.016338	0	0	10451	80	26134	25209	0.003173	0	0	26134	0	0	0	nan	0	0	0	0.013164	0.001324	0.013164	0.001324	0.350898	0.035292
22	U	83	10494	9903	0.008381	0	0	10494	262	26161	24869	0.010535	0	0	26161	0	0	0	nan	0	0	0	-0.002154	0.001127	-0.002154	0.001127	-0.057417	0.030041
23	G	422	10507	9862	0.042791	0	0	10507	197	26190	24649	0.007992	0	0	26190	0	0	0	nan	0	0	0	0.034798	0.002159	0.034798	0.002159	0.927572	0.057550
24	U	65	10566	9924	0.006550	0	0	10566	224	26253	24844	0.009016	0	0	26253	0	0	0	nan	0	0	0	-0.002466	0.001011	-0.002466	0.001011	-0.065733	0.026949
25	A	1336	10566	9973	0.133962	0	0	10566	87	26249	24889	0.003496	0	0	26249	0	0	0	nan	0	0	0	0.130466	0.003684	0.130466	0.003684	3.477689	0.098200
26	G	203	10637	10070	0.020159	0	0	10637	350	26253	24932	0.014038	0	0	26253	0	0	0	nan	0	0	0	0.006121	0.001602	0.006121	0.001602	0.163161	0.042703
27	C	108	10639	9913	0.010895	0	0	10639	206	26258	24415	0.008437	0	0	26258	0	0	0	nan	0	0	0	0.002457	0.001202	0.002457	0.001202	0.065494	0.032040
28	G	217	10637	9855	0.022019	0	0	10637	317	26245	24327	0.013031	0	0	26245	0	0	0	nan	0	0	0	0.008988	0.001664	0.008988	0.001664	0.239583	0.044355
29	G	242	10635	9910	0.024420	0	0	10635	152	26244	24467	0.006212	0	0	26244	0	0	0	nan	0	0	0	0.018207	0.001649	0.018207	0.001649	0.485324	0.043956
30	A	211	10639	10056	0.020982	0	0	10639	302	26254	24806	0.012174	0	0	26254	0	0	0	nan	0	0	0	0.008808	0.001605	0.008808	0.001605	0.234785	0.042783
31	U	221	10647	10182	0.021705	0	0	10647	555	26273	25151	0.022067	0	0	26273	0	0	0	nan	0	0	0	-0.000362	0.001735	-0.000362	0.001735	-0.009649	0.046248
32	U	149	10661	10059	0.014813	0	0	10661	305	26288	24870	0.012264	0	0	26288	0	0	0	nan	0	0	0	0.002549	0.001402	0.002549	0.001402	0.067946	0.037372
33	G	461	10721	10116	0.045571	0	0	10721	361	26345	24949	0.014470	0	0	26345	0	0	0	nan	0	0	0	0.031102	0.002255	0.031102	0.002255	0.829052	0.060109
34	C	484	10745	10252	0.047210	0	0	10745	483	26360	25212	0.019158	0	0	26360	0	0	0	nan	0	0	0	0.028053	0.002316	0.028053	0.002316	0.747778	0.061735
35	A	109	10771	10430	0.010451	0	0	10771	45	26408	25609	0.001757	0	0	26408	0	0	0	nan	0	0	0	0.008693	0.001035	0.008693	0.001035	0.231720	0.027589
36	A	907	10775	10401	0.087203	0	0	10775	3124	26412	25633	0.121874	0	1	26412	0	0	0	nan	0	0	0	-0.034671	0.003625	nan	nan	nan	nan
37	A	485	10907	10418	0.046554	0	0	10907	76	26662	25562	0.002973	0	1	26662	0	0	0	nan	0	0	0	0.043581	0.002141	0.043581	0.002141	1.161691	0.057070
38	U	111	10912	10311	0.010765	0	0	10912	326	26664	25321	0.012875	0	1	26664	0	0	0	nan	0	0	0	-0.002109	0.001246	-0.002109	0.001246	-0.056217	0.033213
39	C	46	10918	10107	0.004551	0	0	10918	77	26667	24822	0.003102	0	1	26667	0	0	0	nan	0	0	0	0.001449	0.000758	0.001449	0.000758	0.038624	0.020205
40	C	28	10954	10080	0.002778	0	0	10954	66	26685	24663	0.002676	0	1	26685	0	0	0	nan	0	0	0	0.000102	0.000620	0.000102	0.000620	0.002719	0.016527
41	G	365	10954	10061	0.036279	0	0	10954	157	26690	24621	0.006377	0	1	26690	0	0	0	nan	0	0	0	0.029902	0.001966	0.029902	0.001966	0.797065	0.052406
42	U	100	10971	10355	0.009657	0	0	10971	317	26701	25246	0.012556	0	1	26701	0	0	0	nan	0	0	0	-0.002899	0.001196	-0.002899	0.001196	-0.077275	0.031880
43	C	521	10970	10491	0.049662	0	0	10970	96	26703	25599	0.003750	0	1	26703	0	0	0	nan	0	0	0	0.045911	0.002209	0.045911	0.002209	1.223799	0.058883
44	U	55	11010	10739	0.005122	0	0	11010	101	26724	26070	0.003874	0	1	26724	0	0	0	nan	0	0	0	0.001247	0.000791	0.001247	0.000791	0.033240	0.021085
45	A	42	11010	10578	0.003971	0	0	11010	53	26725	25715	0.002061	0	1	26725	0	0	0	nan	0	0	0	0.001909	0.000675	0.001909	0.000675	0.050886	0.017993
46	G	309	11009	10429	0.029629	0	0	11009	235	26711	25303	0.009287	0	1	26711	0	0	0	nan	0	0	0	0.020341	0.001791	0.020341	0.001791	0.542208	0.047741
47	U	211	11012	10341	0.020404	0	0	11012	511	26715	25139	0.020327	0	1	26715	0	0	0	nan	0	0	0	0.000077	0.001668	0.000077	0.001668	0.002053	0.044462
48	C	104	11006	10173	0.010223	0	0	11006	226	26711	24700	0.009150	0	1	26711	0	0	0	nan	0	0	0	0.001073	0.001173	0.001073	0.001173	0.028602	0.031267
49	C	72	10999	10109	0.007122	0	0	10999	158	26693	24595	0.006424	0	1	26693	0	0	0	nan	0	0	0	0.000698	0.000983	0.000698	0.000983	0.018606	0.026203
50	G	176	10996	9932	0.017720	0	0	10996	212	26697	24216	0.008755	0	1	26697	0	0	0	nan	0	0	0	0.008966	0.001465	0.008966	0.001465	0.238997	0.039051
51	G	239	10994	10052	0.023776	0	0	10994	318	26686	24465	0.012998	0	1	26686	0	0	0	nan	0	0	0	0.010778	0.001702	0.010778	0.001702	0.287297	0.045368
52	U	214	10990	10218	0.020943	0	0	10990	628	26677	24872	0.025249	0	1	26677	0	0	0	nan	0	0	0	-0.004306	0.001751	-0.004306	0.001751	-0.114780	0.046674
53	U	187	10986	10324	0.018113	0	0	10986	459	26668	25162	0.018242	0	1	26668	0	0	0	nan	0	0	0	-0.000129	0.001575	-0.000129	0.001575	-0.003439	0.041983
54	C	277	10977	10264	0.026988	0	0	10977	321	26646	24917	0.012883	0	1	26646	0	0	0	nan	0	0	0	0.014105	0.001774	0.014105	0.001774	0.375982	0.047288
55	G	17	10972	9943	0.001710	0	0	10972	103	26632	23892	0.004311	0	1	26632	0	0	0	nan	0	0	0	-0.002601	0.000594	-0.002601	0.000594	-0.069332	0.015834
56	A	6843	10966	9891	0.691841	0	0	10966	172	26623	23781	0.007233	0	1	26623	0	0	0	nan	0	0	0	0.684608	0.008382	0.684608	0.008382	18.248844	0.223430
57	C	61	10964	9978	0.006113	0	0	10964	253	26609	23970	0.010555	0	1	26609	0	0	0	nan	0	0	0	-0.004441	0.001026	-0.004441	0.001026	-0.118379	0.027349
58	U	80	10946	10192	0.007849	0	0	10946	328	26561	24723	0.013267	0	1	26561	0	0	0	nan	0	0	0	-0.005418	0.001143	-0.005418	0.001143	-0.144422	0.030468
59	C	48	10938	10116	0.004745	0	0	10938	295	26535	24325	0.012127	0	1	26535	0	0	0	nan	0	0	0	-0.007382	0.000984	-0.007382	0.000984	-0.196774	0.026229
60	C	52	10925	9969	0.005216	0	0	10925	150	26502	23881	0.006281	0	1	26502	0	0	0	nan	0	0	0	-0.001065	0.000887	-0.001065	0.000887	-0.028389	0.023644
61	G	115	10914	9705	0.011850	0	0	10914	238	26476	23279	0.010224	0	1	26476	0	0	0	nan	0	0	0	0.001626	0.001288	0.001626	0.001288	0.043342	0.034333
62	G	182	10906	9645	0.018870	0	0	10906	148	26451	23304	0.006351	0	1	26451	0	0	0	nan	0	0	0	0.012519	0.001493	0.012519	0.001493	0.333705	0.039797
63	A	78	10898	9426	0.008275	0	0	10898	84	26441	23110	0.003635	0	1	26441	0	0	0	nan	0	0	0	0.004640	0.001017	0.004640	0.001017	0.123683	0.027109
64	A	93	10885	9697	0.009591	0	0	10885	88	26407	23737	0.003707	0	1	26407	0	0	0	nan	0	0	0	0.005883	0.001070	0.005883	0.001070	0.156817	0.028522
65	C	72	10880	9633	0.007474	0	0	10880	142	26385	23449	0.006056	0	1	26385	0	0	0	nan	0	0	0	0.001419	0.001017	0.001419	0.001017	0.037825	0.027109
66	G	383	10874	9009	0.042513	0	0	10874	215	26359	21305	0.010092	0	1	26359	0	0	0	nan	0	0	0	0.032422	0.002279	0.032422	0.002279	0.864238	0.060749
67	C	54	10869	8878	0.006082	0	0	10869	78	26350	21138	0.003690	0	1	26350	0	0	0	nan	0	0	0	0.002392	0.000927	0.002392	0.000927	0.063761	0.024710
68	G	532	10864	9002	0.059098	0	0	10864	402	26340	21424	0.018764	0	1	26340	0	0	0	nan	0	0	0	0.040334	0.002728	0.040334	0.002728	1.075139	0.072717
69	C	113	10861	9594	0.011778	0	0	10861	215	26334	23318	0.009220	0	1	26334	0	0	0	nan	0	0	0	0.002558	0.001274	0.002558	0.001274	0.068186	0.033960
70	C	348	10860	9652	0.036055	0	0	10860	786	26331	23464	0.033498	0	1	26331	0	0	0	nan	0	0	0	0.002557	0.002272	0.002557	0.002272	0.068159	0.060562
71	U	127	10859	9704	0.013087	0	0	10859	368	26316	23692	0.015533	0	1	26316	0	0	0	nan	0	0	0	-0.002445	0.001416	-0.002445	0.001416	-0.065174	0.037745
72	C	412	10845	9999	0.041204	0	0	10845	97	26303	24471	0.003964	0	1	26303	0	0	0	nan	0	0	0	0.037240	0.002069	0.037240	0.002069	0.992666	0.055151
73	C	151	10824	9639	0.015666	0	0	10824	25	26274	24158	0.001035	0	1	26274	0	0	0	nan	0	0	0	0.014631	0.001292	0.014631	0.001292	0.390003	0.034439
74	A	0	10388	0	nan	0	0	10388	0	25822	0	nan	0	1	25822	0	0	0	nan	0	0	0	nan	nan	nan	nan	nan	nan