Nucleotide	Sequence	Modified_mutations	Modified_read_depth	Modified_effective_depth	Modified_rate	Modified_off_target_mapped_depth	Modified_low_mapq_mapped_depth	Modified_mapped_depth	Untreated_mutations	Untreated_read_depth	Untreated_effective_depth	Untreated_rate	Untreated_off_target_mapped_depth	Untreated_low_mapq_mapped_depth	Untreated_mapped_depth	Denatured_mutations	Denatured_read_depth	Denatured_effective_depth	Denatured_rate	Denatured_off_target_mapped_depth	Denatured_low_mapq_mapped_depth	Denatured_mapped_depth	Reactivity_profile	Std_err	HQ_profile	HQ_stderr
1	G	0	197	188	0.000000	0	0	197	0	41	41	0.000000	0	0	41	0	0	0	nan	0	0	0	0.000000	0.000000	nan	nan
2	G	0	211	202	0.000000	0	0	211	0	41	41	0.000000	0	0	41	0	0	0	nan	0	0	0	0.000000	0.000000	nan	nan
3	A	1	227	224	0.004464	0	0	227	0	42	42	0.000000	0	0	42	0	0	0	nan	0	0	0	0.004464	0.004464	nan	nan
4	A	3	229	227	0.013216	0	0	229	0	42	42	0.000000	0	0	42	0	0	0	nan	0	0	0	0.013216	0.007630	nan	nan
5	G	9	237	232	0.038793	0	0	237	3	42	42	0.071429	0	0	42	0	0	0	nan	0	0	0	-0.032635	0.043219	nan	nan
6	A	3	242	235	0.012766	0	0	242	0	42	42	0.000000	0	0	42	0	0	0	nan	0	0	0	0.012766	0.007370	nan	nan
7	U	1	256	245	0.004082	0	0	256	0	45	45	0.000000	0	0	45	0	0	0	nan	0	0	0	0.004082	0.004082	nan	nan
8	C	2	257	245	0.008163	0	0	257	0	46	46	0.000000	0	0	46	0	0	0	nan	0	0	0	0.008163	0.005772	nan	nan
9	G	17	262	251	0.067729	0	0	262	2	47	47	0.042553	0	0	47	0	0	0	nan	0	0	0	0.025176	0.034282	nan	nan
10	U	9	277	268	0.033582	0	0	277	3	49	49	0.061224	0	0	49	0	0	0	nan	0	0	0	-0.027642	0.037078	nan	nan
11	C	6	278	269	0.022305	0	0	278	0	49	49	0.000000	0	0	49	0	0	0	nan	0	0	0	0.022305	0.009106	nan	nan
12	G	44	285	276	0.159420	0	0	285	3	49	48	0.062500	0	0	49	0	0	0	nan	0	0	0	0.096920	0.043355	nan	nan
13	U	5	299	290	0.017241	0	0	299	0	49	48	0.000000	0	0	49	0	0	0	nan	0	0	0	0.017241	0.007711	nan	nan
14	C	0	300	279	0.000000	0	0	300	0	51	48	0.000000	0	0	51	0	0	0	nan	0	0	0	0.000000	0.000000	nan	nan
15	U	5	315	290	0.017241	0	0	315	0	54	49	0.000000	0	0	54	0	0	0	nan	0	0	0	0.017241	0.007711	nan	nan
16	C	6	321	295	0.020339	0	0	321	0	54	48	0.000000	0	0	54	0	0	0	nan	0	0	0	0.020339	0.008303	nan	nan
17	C	7	338	308	0.022727	0	0	338	1	58	56	0.017857	0	0	58	0	0	0	nan	0	0	0	0.004870	0.019816	nan	nan
18	G	11	340	313	0.035144	0	0	340	2	58	55	0.036364	0	0	58	0	0	0	nan	0	0	0	-0.001220	0.027811	nan	nan
19	G	9	345	316	0.028481	0	0	345	1	58	55	0.018182	0	0	58	0	0	0	nan	0	0	0	0.010299	0.020511	nan	nan
20	U	8	376	357	0.022409	0	0	376	0	65	61	0.000000	0	0	65	0	0	0	nan	0	0	0	0.022409	0.007923	nan	nan
21	G	8	395	355	0.022535	0	0	395	0	72	64	0.000000	0	0	72	0	0	0	nan	0	0	0	0.022535	0.007967	nan	nan
22	A	3	400	351	0.008547	0	0	400	0	73	65	0.000000	0	0	73	0	0	0	nan	0	0	0	0.008547	0.004935	nan	nan
23	G	22	404	348	0.063218	0	0	404	1	74	66	0.015152	0	0	74	0	0	0	nan	0	0	0	0.048067	0.020279	nan	nan
24	G	16	416	375	0.042667	0	0	416	0	74	70	0.000000	0	0	74	0	0	0	nan	0	0	0	0.042667	0.010667	nan	nan
25	C	4	423	383	0.010444	0	0	423	0	75	72	0.000000	0	0	75	0	0	0	nan	0	0	0	0.010444	0.005222	nan	nan
26	G	14	428	395	0.035443	0	0	428	0	75	71	0.000000	0	0	75	0	0	0	nan	0	0	0	0.035443	0.009473	nan	nan
27	G	7	433	389	0.017995	0	0	433	0	75	67	0.000000	0	0	75	0	0	0	nan	0	0	0	0.017995	0.006801	nan	nan
28	C	4	437	390	0.010256	0	0	437	0	76	67	0.000000	0	0	76	0	0	0	nan	0	0	0	0.010256	0.005128	nan	nan
29	U	3	441	395	0.007595	0	0	441	0	77	70	0.000000	0	0	77	0	0	0	nan	0	0	0	0.007595	0.004385	nan	nan
30	G	6	449	409	0.014670	0	0	449	0	78	74	0.000000	0	0	78	0	0	0	nan	0	0	0	0.014670	0.005989	nan	nan
31	G	7	458	371	0.018868	0	0	458	1	82	62	0.016129	0	0	82	0	0	0	nan	0	0	0	0.002739	0.017635	nan	nan
32	A	6	468	380	0.015789	0	0	468	1	83	62	0.016129	0	0	83	0	0	0	nan	0	0	0	-0.000340	0.017369	nan	nan
33	C	13	475	390	0.033333	0	0	475	1	84	59	0.016949	0	0	84	0	0	0	nan	0	0	0	0.016384	0.019307	nan	nan
34	U	7	489	451	0.015521	0	0	489	1	96	84	0.011905	0	0	96	0	0	0	nan	0	0	0	0.003616	0.013272	nan	nan
35	U	7	510	461	0.015184	0	0	510	2	121	105	0.019048	0	0	121	0	0	0	nan	0	0	0	-0.003863	0.014640	nan	nan
36	C	31	520	478	0.064854	0	0	520	2	133	123	0.016260	0	0	133	0	0	0	nan	0	0	0	0.048593	0.016367	nan	nan
37	A	9	538	498	0.018072	0	0	538	0	140	134	0.000000	0	0	140	0	0	0	nan	0	0	0	0.018072	0.006024	nan	nan
38	A	2	547	520	0.003846	0	0	547	3	140	139	0.021583	0	0	140	0	0	0	nan	0	0	0	-0.017737	0.012754	nan	nan
39	A	35	550	510	0.068627	0	0	550	0	143	142	0.000000	0	0	143	0	0	0	nan	0	0	0	0.068627	0.011600	nan	nan
40	U	6	561	500	0.012000	0	0	561	1	145	136	0.007353	0	0	145	0	0	0	nan	0	0	0	0.004647	0.008835	nan	nan
41	C	3	563	494	0.006073	0	0	563	2	146	132	0.015152	0	0	146	0	0	0	nan	0	0	0	-0.009079	0.011273	nan	nan
42	C	1	577	518	0.001931	0	0	577	1	159	145	0.006897	0	0	159	0	0	0	nan	0	0	0	-0.004966	0.007162	nan	nan
43	A	2	580	533	0.003752	0	0	580	0	162	153	0.000000	0	0	162	0	0	0	nan	0	0	0	0.003752	0.002653	nan	nan
44	G	40	578	537	0.074488	0	0	578	3	162	155	0.019355	0	0	162	0	0	0	nan	0	0	0	0.055133	0.016235	nan	nan
45	U	9	579	523	0.017208	0	0	579	3	166	157	0.019108	0	0	166	0	0	0	nan	0	0	0	-0.001900	0.012434	nan	nan
46	U	7	579	506	0.013834	0	0	579	0	166	152	0.000000	0	0	166	0	0	0	nan	0	0	0	0.013834	0.005229	nan	nan
47	G	24	582	504	0.047619	0	0	582	3	167	150	0.020000	0	0	167	0	0	0	nan	0	0	0	0.027619	0.015094	nan	nan
48	G	16	582	513	0.031189	0	0	582	4	167	151	0.026490	0	0	167	0	0	0	nan	0	0	0	0.004699	0.015370	nan	nan
49	G	28	582	533	0.052533	0	0	582	1	167	152	0.006579	0	0	167	0	0	0	nan	0	0	0	0.045954	0.011910	nan	nan
50	G	19	582	548	0.034672	0	0	582	1	167	157	0.006369	0	0	167	0	0	0	nan	0	0	0	0.028302	0.010190	nan	nan
51	C	4	583	549	0.007286	0	0	583	1	167	159	0.006289	0	0	167	0	0	0	nan	0	0	0	0.000997	0.007268	nan	nan
52	C	4	583	527	0.007590	0	0	583	0	167	155	0.000000	0	0	167	0	0	0	nan	0	0	0	0.007590	0.003795	nan	nan
53	G	31	584	531	0.058380	0	0	584	2	167	155	0.012903	0	0	167	0	0	0	nan	0	0	0	0.045477	0.013899	nan	nan
54	C	25	584	532	0.046992	0	0	584	0	167	150	0.000000	0	0	167	0	0	0	nan	0	0	0	0.046992	0.009398	nan	nan
55	C	28	583	520	0.053846	0	0	583	1	167	144	0.006944	0	0	167	0	0	0	nan	0	0	0	0.046902	0.012320	nan	nan
56	A	19	584	501	0.037924	0	0	584	0	167	138	0.000000	0	0	167	0	0	0	nan	0	0	0	0.037924	0.008700	nan	nan
57	G	25	584	499	0.050100	0	0	584	3	167	138	0.021739	0	0	167	0	0	0	nan	0	0	0	0.028361	0.016060	nan	nan
58	C	8	584	526	0.015209	0	0	584	1	167	150	0.006667	0	0	167	0	0	0	nan	0	0	0	0.008542	0.008565	nan	nan
59	G	19	584	519	0.036609	0	0	584	2	167	152	0.013158	0	0	167	0	0	0	nan	0	0	0	0.023451	0.012534	nan	nan
60	G	32	583	509	0.062868	0	0	583	0	167	149	0.000000	0	0	167	0	0	0	nan	0	0	0	0.062868	0.011114	nan	nan
61	U	6	583	518	0.011583	0	0	583	1	167	148	0.006757	0	0	167	0	0	0	nan	0	0	0	0.004826	0.008247	nan	nan
62	C	4	583	527	0.007590	0	0	583	0	167	149	0.000000	0	0	167	0	0	0	nan	0	0	0	0.007590	0.003795	nan	nan
63	C	5	583	543	0.009208	0	0	583	2	167	154	0.012987	0	0	167	0	0	0	nan	0	0	0	-0.003779	0.010064	nan	nan
64	C	6	584	529	0.011342	0	0	584	3	167	145	0.020690	0	0	167	0	0	0	nan	0	0	0	-0.009348	0.012811	nan	nan
65	G	11	584	517	0.021277	0	0	584	1	167	148	0.006757	0	0	167	0	0	0	nan	0	0	0	0.014520	0.009317	nan	nan
66	G	9	585	513	0.017544	0	0	585	2	167	149	0.013423	0	0	167	0	0	0	nan	0	0	0	0.004121	0.011148	nan	nan
67	G	17	585	518	0.032819	0	0	585	1	167	156	0.006410	0	0	167	0	0	0	nan	0	0	0	0.026408	0.010220	nan	nan
68	C	1	584	535	0.001869	0	0	584	0	167	155	0.000000	0	0	167	0	0	0	nan	0	0	0	0.001869	0.001869	nan	nan
69	A	6	584	527	0.011385	0	0	584	0	166	149	0.000000	0	0	166	0	0	0	nan	0	0	0	0.011385	0.004648	nan	nan
70	G	11	584	517	0.021277	0	0	584	2	166	150	0.013333	0	0	166	0	0	0	nan	0	0	0	0.007943	0.011404	nan	nan
71	G	17	582	497	0.034205	0	0	582	2	166	149	0.013423	0	0	166	0	0	0	nan	0	0	0	0.020782	0.012606	nan	nan
72	U	8	579	514	0.015564	0	0	579	2	166	157	0.012739	0	0	166	0	0	0	nan	0	0	0	0.002825	0.010556	nan	nan
73	U	12	578	483	0.024845	0	0	578	2	166	143	0.013986	0	0	166	0	0	0	nan	0	0	0	0.010859	0.012216	nan	nan
74	C	10	576	489	0.020450	0	0	576	2	164	146	0.013699	0	0	164	0	0	0	nan	0	0	0	0.006751	0.011647	nan	nan
75	G	3	575	469	0.006397	0	0	575	1	164	130	0.007692	0	0	164	0	0	0	nan	0	0	0	-0.001296	0.008533	nan	nan
76	A	367	570	478	0.767782	0	0	570	2	164	136	0.014706	0	0	164	0	0	0	nan	0	0	0	0.753077	0.041405	nan	nan
77	C	4	570	474	0.008439	0	0	570	0	164	131	0.000000	0	0	164	0	0	0	nan	0	0	0	0.008439	0.004219	nan	nan
78	U	4	570	481	0.008316	0	0	570	3	164	152	0.019737	0	0	164	0	0	0	nan	0	0	0	-0.011421	0.012130	nan	nan
79	C	1	569	491	0.002037	0	0	569	0	164	153	0.000000	0	0	164	0	0	0	nan	0	0	0	0.002037	0.002037	nan	nan
80	C	6	568	472	0.012712	0	0	568	2	164	153	0.013072	0	0	164	0	0	0	nan	0	0	0	-0.000360	0.010600	nan	nan
81	U	5	568	475	0.010526	0	0	568	1	164	148	0.006757	0	0	164	0	0	0	nan	0	0	0	0.003770	0.008235	nan	nan
82	G	19	567	473	0.040169	0	0	567	3	164	145	0.020690	0	0	164	0	0	0	nan	0	0	0	0.019479	0.015087	nan	nan
83	U	6	566	485	0.012371	0	0	566	2	164	145	0.013793	0	0	164	0	0	0	nan	0	0	0	-0.001422	0.010983	nan	nan
84	G	15	566	489	0.030675	0	0	566	0	164	148	0.000000	0	0	164	0	0	0	nan	0	0	0	0.030675	0.007920	nan	nan
85	A	2	566	486	0.004115	0	0	566	1	164	146	0.006849	0	0	164	0	0	0	nan	0	0	0	-0.002734	0.007442	nan	nan
86	U	4	566	475	0.008421	0	0	566	1	164	144	0.006944	0	0	164	0	0	0	nan	0	0	0	0.001477	0.008121	nan	nan
87	C	9	564	476	0.018908	0	0	564	3	164	145	0.020690	0	0	164	0	0	0	nan	0	0	0	-0.001782	0.013506	nan	nan
88	U	4	563	471	0.008493	0	0	563	3	164	144	0.020833	0	0	164	0	0	0	nan	0	0	0	-0.012341	0.012756	nan	nan
89	U	4	562	466	0.008584	0	0	562	3	164	144	0.020833	0	0	164	0	0	0	nan	0	0	0	-0.012250	0.012771	nan	nan
90	C	6	561	424	0.014151	0	0	561	1	164	143	0.006993	0	0	164	0	0	0	nan	0	0	0	0.007158	0.009071	nan	nan
91	C	8	561	405	0.019753	0	0	561	2	164	144	0.013889	0	0	164	0	0	0	nan	0	0	0	0.005864	0.012051	nan	nan
92	G	30	558	413	0.072639	0	0	558	5	164	142	0.035211	0	0	164	0	0	0	nan	0	0	0	0.037428	0.020588	nan	nan
93	C	24	558	450	0.053333	0	0	558	0	163	142	0.000000	0	0	163	0	0	0	nan	0	0	0	0.053333	0.010887	nan	nan
94	C	7	553	455	0.015385	0	0	553	1	162	136	0.007353	0	0	162	0	0	0	nan	0	0	0	0.008032	0.009374	nan	nan
95	A	0	529	0	nan	0	0	529	0	159	0	nan	0	0	159	0	0	0	nan	0	0	0	nan	nan	nan	nan