Nucleotide	Sequence	Modified_mutations	Modified_read_depth	Modified_effective_depth	Modified_rate	Modified_off_target_mapped_depth	Modified_low_mapq_mapped_depth	Modified_mapped_depth	Untreated_mutations	Untreated_read_depth	Untreated_effective_depth	Untreated_rate	Untreated_off_target_mapped_depth	Untreated_low_mapq_mapped_depth	Untreated_mapped_depth	Denatured_mutations	Denatured_read_depth	Denatured_effective_depth	Denatured_rate	Denatured_off_target_mapped_depth	Denatured_low_mapq_mapped_depth	Denatured_mapped_depth	Reactivity_profile	Std_err	HQ_profile	HQ_stderr	Norm_profile	Norm_stderr
1	C	0	3648	3561	0.000000	0	0	3648	0	4568	4446	0.000000	0	0	4568	0	0	0	nan	0	0	0	0.000000	0.000000	0.000000	0.000000	0.000000	0.000000
2	G	0	3727	3555	0.000000	0	0	3727	0	4642	4427	0.000000	0	0	4642	0	0	0	nan	0	0	0	0.000000	0.000000	0.000000	0.000000	0.000000	0.000000
3	G	165	3883	3711	0.044462	0	0	3883	48	4690	4471	0.010736	0	0	4690	0	0	0	nan	0	0	0	0.033727	0.003792	0.033727	0.003792	0.936802	0.105327
4	C	23	3899	3716	0.006189	0	0	3899	22	4697	4462	0.004931	0	0	4697	0	0	0	nan	0	0	0	0.001259	0.001665	0.001259	0.001665	0.034970	0.046247
5	A	34	3935	3801	0.008945	0	0	3935	18	4713	4545	0.003960	0	0	4713	0	0	0	nan	0	0	0	0.004985	0.001796	0.004985	0.001796	0.138463	0.049886
6	C	46	3948	3771	0.012198	0	0	3948	39	4720	4518	0.008632	0	0	4720	0	0	0	nan	0	0	0	0.003566	0.002268	0.003566	0.002268	0.099049	0.062996
7	G	144	3959	3808	0.037815	0	0	3959	25	4732	4560	0.005482	0	0	4732	0	0	0	nan	0	0	0	0.032333	0.003337	0.032333	0.003337	0.898082	0.092689
8	U	275	4005	3768	0.072983	0	0	4005	273	4776	4492	0.060775	0	0	4776	0	0	0	nan	0	0	0	0.012208	0.005736	nan	nan	nan	nan
9	A	51	4033	3826	0.013330	0	0	4033	12	4802	4536	0.002646	0	0	4802	0	0	0	nan	0	0	0	0.010684	0.002017	0.010684	0.002017	0.296759	0.056024
10	G	84	4062	3857	0.021779	0	0	4062	40	4813	4566	0.008760	0	0	4813	0	0	0	nan	0	0	0	0.013018	0.002750	0.013018	0.002750	0.361588	0.076384
11	C	29	4083	3925	0.007389	0	0	4083	27	4821	4647	0.005810	0	0	4821	0	0	0	nan	0	0	0	0.001578	0.001770	0.001578	0.001770	0.043831	0.049164
12	G	83	4088	3963	0.020944	0	0	4088	52	4826	4678	0.011116	0	0	4826	0	0	0	nan	0	0	0	0.009828	0.002768	0.009828	0.002768	0.272983	0.076884
13	C	30	4105	3703	0.008102	0	0	4105	30	4838	4324	0.006938	0	0	4838	0	0	0	nan	0	0	0	0.001164	0.001947	0.001164	0.001947	0.032331	0.054080
14	A	114	4111	3693	0.030869	0	0	4111	21	4841	4324	0.004857	0	0	4841	0	0	0	nan	0	0	0	0.026013	0.003079	0.026013	0.003079	0.722537	0.085522
15	G	46	4125	3685	0.012483	0	0	4125	45	4841	4295	0.010477	0	0	4841	0	0	0	nan	0	0	0	0.002006	0.002414	0.002006	0.002414	0.055719	0.067051
16	C	71	4133	3933	0.018052	0	0	4133	61	4848	4637	0.013155	0	0	4848	0	0	0	nan	0	0	0	0.004897	0.002725	0.004897	0.002725	0.136019	0.075690
17	C	465	4140	3990	0.116541	0	0	4140	55	4858	4685	0.011740	0	0	4858	0	0	0	nan	0	0	0	0.104802	0.005632	0.104802	0.005632	2.910982	0.156435
18	U	39	4162	3984	0.009789	0	0	4162	27	4886	4713	0.005729	0	0	4886	0	0	0	nan	0	0	0	0.004060	0.001916	0.004060	0.001916	0.112771	0.053219
19	G	107	4168	3978	0.026898	0	0	4168	57	4896	4703	0.012120	0	0	4896	0	0	0	nan	0	0	0	0.014778	0.003056	0.014778	0.003056	0.410474	0.084883
20	G	191	4176	4012	0.047607	0	0	4176	46	4901	4691	0.009806	0	0	4901	0	0	0	nan	0	0	0	0.037801	0.003736	0.037801	0.003736	1.049961	0.103771
21	U	41	4185	3992	0.010271	0	0	4185	79	4912	4638	0.017033	0	0	4912	0	0	0	nan	0	0	0	-0.006763	0.002499	-0.006763	0.002499	-0.187849	0.069412
22	A	7	4190	4008	0.001747	0	0	4190	4	4920	4666	0.000857	0	0	4920	0	0	0	nan	0	0	0	0.000889	0.000787	0.000889	0.000787	0.024693	0.021860
23	G	76	4196	3991	0.019043	0	0	4196	42	4928	4662	0.009009	0	0	4928	0	0	0	nan	0	0	0	0.010034	0.002589	0.010034	0.002589	0.278705	0.071912
24	C	37	4197	4000	0.009250	0	0	4197	40	4928	4712	0.008489	0	0	4928	0	0	0	nan	0	0	0	0.000761	0.002028	0.000761	0.002028	0.021138	0.056330
25	G	189	4196	3998	0.047274	0	0	4196	59	4927	4698	0.012559	0	0	4927	0	0	0	nan	0	0	0	0.034715	0.003808	0.034715	0.003808	0.964244	0.105771
26	C	14	4195	3538	0.003957	0	0	4195	14	4927	4104	0.003411	0	0	4927	0	0	0	nan	0	0	0	0.000546	0.001396	0.000546	0.001396	0.015166	0.038775
27	A	113	4195	3538	0.031939	0	0	4195	39	4928	4060	0.009606	0	0	4928	0	0	0	nan	0	0	0	0.022333	0.003375	0.022333	0.003375	0.620322	0.093744
28	C	69	4196	3449	0.020006	0	0	4196	56	4927	3994	0.014021	0	0	4927	0	0	0	nan	0	0	0	0.005985	0.003051	0.005985	0.003051	0.166239	0.084745
29	C	35	4197	3835	0.009126	0	0	4197	41	4930	4524	0.009063	0	0	4930	0	0	0	nan	0	0	0	0.000064	0.002094	0.000064	0.002094	0.001778	0.058163
30	G	162	4195	3800	0.042632	0	0	4195	56	4929	4500	0.012444	0	0	4929	0	0	0	nan	0	0	0	0.030187	0.003740	0.030187	0.003740	0.838475	0.103882
31	U	86	4216	3893	0.022091	0	0	4216	116	4952	4594	0.025250	0	0	4952	0	0	0	nan	0	0	0	-0.003159	0.003342	-0.003159	0.003342	-0.087744	0.092827
32	C	17	4215	3912	0.004346	0	0	4215	16	4953	4628	0.003457	0	0	4953	0	0	0	nan	0	0	0	0.000888	0.001363	0.000888	0.001363	0.024665	0.037859
33	A	562	4216	3959	0.141955	0	0	4216	622	4958	4657	0.133562	0	0	4958	0	0	0	nan	0	0	0	0.008393	0.008033	nan	nan	nan	nan
34	U	59	4216	3934	0.014997	0	0	4216	65	4962	4630	0.014039	0	0	4962	0	0	0	nan	0	0	0	0.000959	0.002616	0.000959	0.002616	0.026637	0.072662
35	G	716	4213	3871	0.184965	0	0	4213	700	4959	4607	0.151943	0	0	4959	0	0	0	nan	0	0	0	0.033022	0.008987	nan	nan	nan	nan
36	G	156	4219	3910	0.039898	0	0	4219	107	4950	4628	0.023120	0	0	4950	0	0	0	nan	0	0	0	0.016778	0.003899	0.016778	0.003899	0.466026	0.108299
37	G	78	4219	3875	0.020129	0	0	4219	12	4947	4590	0.002614	0	0	4947	0	0	0	nan	0	0	0	0.017515	0.002401	0.017515	0.002401	0.486497	0.066690
38	G	1902	4217	3853	0.493641	0	0	4217	2057	4946	4542	0.452884	0	0	4946	0	0	0	nan	0	0	0	0.040757	0.015094	nan	nan	nan	nan
39	U	51	4228	3919	0.013014	0	0	4228	51	4947	4601	0.011085	0	0	4947	0	0	0	nan	0	0	0	0.001929	0.002394	0.001929	0.002394	0.053580	0.066496
40	G	89	4229	3905	0.022791	0	0	4229	18	4945	4601	0.003912	0	0	4945	0	0	0	nan	0	0	0	0.018879	0.002586	0.018879	0.002586	0.524383	0.071829
41	U	111	4235	3960	0.028030	0	0	4235	149	4948	4650	0.032043	0	0	4948	0	0	0	nan	0	0	0	-0.004013	0.003738	-0.004013	0.003738	-0.111465	0.103827
42	C	80	4235	3986	0.020070	0	0	4235	72	4945	4686	0.015365	0	0	4945	0	0	0	nan	0	0	0	0.004705	0.002883	0.004705	0.002883	0.130686	0.080078
43	G	137	4242	3994	0.034301	0	0	4242	64	4944	4725	0.013545	0	0	4944	0	0	0	nan	0	0	0	0.020756	0.003385	0.020756	0.003385	0.576519	0.094022
44	G	200	4240	3989	0.050138	0	0	4240	121	4943	4686	0.025822	0	0	4943	0	0	0	nan	0	0	0	0.024316	0.004252	0.024316	0.004252	0.675402	0.118104
45	G	94	4240	3996	0.023524	0	0	4240	53	4944	4658	0.011378	0	0	4944	0	0	0	nan	0	0	0	0.012145	0.002886	0.012145	0.002886	0.337340	0.080162
46	G	117	4239	3929	0.029779	0	0	4239	42	4942	4611	0.009109	0	0	4942	0	0	0	nan	0	0	0	0.020670	0.003091	0.020670	0.003091	0.574130	0.085856
47	G	1143	4234	3954	0.289074	0	0	4234	1477	4942	4587	0.321997	0	0	4942	0	0	0	nan	0	0	0	-0.032923	0.011971	nan	nan	nan	nan
48	U	75	4238	3966	0.018911	0	0	4238	93	4947	4628	0.020095	0	0	4947	0	0	0	nan	0	0	0	-0.001184	0.003018	-0.001184	0.003018	-0.032887	0.083828
49	C	33	4240	3952	0.008350	0	0	4240	31	4947	4626	0.006701	0	0	4947	0	0	0	nan	0	0	0	0.001649	0.001887	0.001649	0.001887	0.045803	0.052413
50	G	69	4238	3949	0.017473	0	0	4238	52	4948	4663	0.011152	0	0	4948	0	0	0	nan	0	0	0	0.006321	0.002611	0.006321	0.002611	0.175572	0.072523
51	G	32	4238	3959	0.008083	0	0	4238	29	4948	4662	0.006221	0	0	4948	0	0	0	nan	0	0	0	0.001862	0.001837	0.001862	0.001837	0.051719	0.051025
52	A	41	4237	3995	0.010263	0	0	4237	25	4946	4703	0.005316	0	0	4946	0	0	0	nan	0	0	0	0.004947	0.001923	0.004947	0.001923	0.137408	0.053413
53	G	89	4236	4025	0.022112	0	0	4236	59	4946	4725	0.012487	0	0	4946	0	0	0	nan	0	0	0	0.009625	0.002852	0.009625	0.002852	0.267344	0.079217
54	G	156	4236	3979	0.039206	0	0	4236	47	4944	4672	0.010060	0	0	4944	0	0	0	nan	0	0	0	0.029146	0.003465	0.029146	0.003465	0.809560	0.096244
55	U	52	4236	3975	0.013082	0	0	4236	86	4944	4657	0.018467	0	0	4944	0	0	0	nan	0	0	0	-0.005385	0.002694	-0.005385	0.002694	-0.149574	0.074829
56	U	56	4235	3974	0.014092	0	0	4235	79	4943	4654	0.016975	0	0	4943	0	0	0	nan	0	0	0	-0.002883	0.002682	-0.002883	0.002682	-0.080078	0.074495
57	C	53	4235	3942	0.013445	0	0	4235	35	4943	4633	0.007555	0	0	4943	0	0	0	nan	0	0	0	0.005890	0.002245	0.005890	0.002245	0.163601	0.062357
58	A	77	4234	3925	0.019618	0	0	4234	47	4943	4620	0.010173	0	0	4943	0	0	0	nan	0	0	0	0.009445	0.002683	0.009445	0.002683	0.262344	0.074523
59	A	320	4234	3823	0.083704	0	0	4234	8	4941	4455	0.001796	0	0	4941	0	0	0	nan	0	0	0	0.081908	0.004722	0.081908	0.004722	2.275078	0.131158
60	A	59	4229	3809	0.015490	0	0	4229	49	4935	4450	0.011011	0	0	4935	0	0	0	nan	0	0	0	0.004478	0.002558	0.004478	0.002558	0.124381	0.071051
61	U	40	4228	3737	0.010704	0	0	4228	45	4933	4400	0.010227	0	0	4933	0	0	0	nan	0	0	0	0.000477	0.002278	0.000477	0.002278	0.013249	0.063274
62	C	17	4227	3793	0.004482	0	0	4227	23	4931	4479	0.005135	0	0	4931	0	0	0	nan	0	0	0	-0.000653	0.001526	-0.000653	0.001526	-0.018138	0.042386
63	C	14	4224	3787	0.003697	0	0	4224	13	4931	4470	0.002908	0	0	4931	0	0	0	nan	0	0	0	0.000789	0.001275	0.000789	0.001275	0.021915	0.035414
64	U	35	4223	3895	0.008986	0	0	4223	46	4927	4563	0.010081	0	0	4927	0	0	0	nan	0	0	0	-0.001095	0.002125	-0.001095	0.002125	-0.030415	0.059024
65	C	22	4221	3862	0.005697	0	0	4221	24	4924	4538	0.005289	0	0	4924	0	0	0	nan	0	0	0	0.000408	0.001625	0.000408	0.001625	0.011333	0.045136
66	U	38	4214	3779	0.010056	0	0	4214	53	4917	4420	0.011991	0	0	4917	0	0	0	nan	0	0	0	-0.001935	0.002318	-0.001935	0.002318	-0.053747	0.064385
67	C	16	4208	3678	0.004350	0	0	4208	12	4914	4268	0.002812	0	0	4914	0	0	0	nan	0	0	0	0.001539	0.001357	0.001539	0.001357	0.042747	0.037692
68	G	192	4205	3599	0.053348	0	0	4205	35	4909	4101	0.008535	0	0	4909	0	0	0	nan	0	0	0	0.044814	0.004111	0.044814	0.004111	1.244754	0.114187
69	U	73	4199	3626	0.020132	0	0	4199	73	4908	4177	0.017477	0	0	4908	0	0	0	nan	0	0	0	0.002656	0.003120	0.002656	0.003120	0.073773	0.086661
70	G	165	4196	3582	0.046064	0	0	4196	106	4904	4148	0.025554	0	0	4904	0	0	0	nan	0	0	0	0.020509	0.004361	0.020509	0.004361	0.569658	0.121131
71	C	60	4191	3522	0.017036	0	0	4191	55	4899	4122	0.013343	0	0	4899	0	0	0	nan	0	0	0	0.003693	0.002841	0.003693	0.002841	0.102577	0.078912
72	C	43	4190	3562	0.012072	0	0	4190	34	4896	4131	0.008230	0	0	4896	0	0	0	nan	0	0	0	0.003841	0.002320	0.003841	0.002320	0.106688	0.064440
73	G	151	4189	3136	0.048151	0	0	4189	35	4895	3604	0.009711	0	0	4895	0	0	0	nan	0	0	0	0.038439	0.004248	0.038439	0.004248	1.067682	0.117993
74	A	188	4184	3215	0.058476	0	0	4184	24	4893	3725	0.006443	0	0	4893	0	0	0	nan	0	0	0	0.052033	0.004463	0.052033	0.004463	1.445269	0.123964
75	C	183	4179	3206	0.057080	0	0	4179	24	4893	3711	0.006467	0	0	4893	0	0	0	nan	0	0	0	0.050613	0.004421	0.050613	0.004421	1.405827	0.122798
76	C	79	4153	3535	0.022348	0	0	4153	4	4880	4263	0.000938	0	0	4880	0	0	0	nan	0	0	0	0.021410	0.002558	0.021410	0.002558	0.594684	0.071051
77	A	0	3950	0	nan	0	0	3950	0	4774	0	nan	0	0	4774	0	0	0	nan	0	0	0	nan	nan	nan	nan	nan	nan