0.000000
0.000000
0.850000
0.034970
0.138463
0.099049
0.850000
0.000000
0.296759
0.361588
0.043831
0.272983
0.032331
0.722537
0.055719
0.136019
0.850000
0.112771
0.410474
0.850000
0.000000
0.024693
0.278705
0.021138
0.850000
0.015166
0.620322
0.166239
0.001778
0.838475
0.000000
0.024665
0.000000
0.026637
0.000000
0.466026
0.486497
0.000000
0.053580
0.524383
0.000000
0.130686
0.576519
0.675402
0.337340
0.574130
0.000000
0.000000
0.045803
0.175572
0.051719
0.137408
0.267344
0.809560
0.000000
0.000000
0.163601
0.262344
0.850000
0.124381
0.013249
0.000000
0.021915
0.000000
0.011333
0.000000
0.042747
0.850000
0.073773
0.569658
0.102577
0.106688
0.850000
0.850000
0.850000
0.594684
0.000000
