0.000000
0.000000
0.850000
0.000000
0.020973
0.008299
0.453977
0.000000
0.850000
0.138702
0.235759
0.000000
0.000000
0.708106
0.001471
0.521536
0.000000
0.144888
0.175555
0.699053
0.000000
0.006337
0.063674
0.052470
0.850000
0.016522
0.573743
0.159675
0.000000
0.184043
0.261409
0.000000
0.850000
0.265596
0.510710
0.000000
0.767706
0.000000
0.116899
0.584833
0.850000
0.016371
0.229686
0.850000
0.245038
0.320934
0.000000
0.000000
0.062014
0.051641
0.018483
0.151980
0.467519
0.638925
0.000000
0.000000
0.039872
0.026065
0.850000
0.000000
0.000000
0.000000
0.022708
0.115729
0.739000
0.000000
0.000000
0.421160
0.382080
0.850000
0.016258
0.850000
0.142059
0.602864
0.491284
0.449036
0.000000
