0.000000
0.000000
0.091450
0.492813
0.177043
0.000000
0.093089
0.000000
0.850000
0.177775
0.019873
0.000000
0.034272
0.453032
0.000070
0.000000
0.033610
0.000000
0.178542
0.000000
0.032494
0.008542
0.177252
0.850000
0.102014
0.291609
0.102642
0.093647
0.085314
0.051391
0.164004
0.125862
0.073355
0.827514
0.850000
0.089254
0.000000
0.033679
0.141272
0.223378
0.850000
0.110382
0.641755
0.071124
0.219508
0.000000
0.034202
0.122166
0.464991
0.228364
0.081793
0.131022
0.526283
0.000000
0.000000
0.045917
0.000000
0.850000
0.085349
0.000000
0.000000
0.000000
0.163934
0.000000
0.102746
0.049264
0.000802
0.039432
0.110103
0.208596
0.850000
0.010982
0.850000
0.850000
0.850000
0.000000
