0.000000
0.000000
0.125472
0.427906
0.094964
0.509114
0.663143
0.000000
0.261934
0.850000
0.042730
0.121359
0.184606
0.506674
0.393726
0.850000
0.584374
0.548150
0.850000
0.000000
0.371885
0.420935
0.850000
0.133116
0.626454
0.241952
0.457369
0.057764
0.019193
0.327761
0.038362
0.000000
0.000000
0.000000
0.187186
0.850000
0.044589
0.000000
0.481510
0.493500
0.444380
0.744258
0.133976
0.850000
0.013988
0.049910
0.000000
0.821423
0.022446
0.350160
0.850000
0.000000
0.246204
0.850000
0.461667
0.850000
0.850000
0.223828
0.068847
0.000000
0.481441
0.058577
0.153982
0.000000
0.198106
0.071589
0.172919
0.154726
0.149869
0.551031
0.000000
0.000000
0.224548
0.000000
0.850000
0.000000
0.000000
0.000000
0.016381
0.000000
0.001836
0.398583
0.020773
0.003857
0.017264
0.048121
0.044055
0.156515
0.270415
0.850000
0.611885
0.850000
0.000000
