Nucleotide	Sequence	Modified_mutations	Modified_read_depth	Modified_effective_depth	Modified_rate	Modified_off_target_mapped_depth	Modified_low_mapq_mapped_depth	Modified_mapped_depth	Untreated_mutations	Untreated_read_depth	Untreated_effective_depth	Untreated_rate	Untreated_off_target_mapped_depth	Untreated_low_mapq_mapped_depth	Untreated_mapped_depth	Denatured_mutations	Denatured_read_depth	Denatured_effective_depth	Denatured_rate	Denatured_off_target_mapped_depth	Denatured_low_mapq_mapped_depth	Denatured_mapped_depth	Reactivity_profile	Std_err	HQ_profile	HQ_stderr	Norm_profile	Norm_stderr
1	G	0	696	683	0.000000	0	0	696	0	1496	1462	0.000000	0	0	1496	0	0	0	nan	0	0	0	0.000000	0.000000	0.000000	0.000000	0.000000	0.000000
2	C	0	749	723	0.000000	0	0	749	0	1537	1478	0.000000	0	0	1537	0	0	0	nan	0	0	0	0.000000	0.000000	0.000000	0.000000	0.000000	0.000000
3	G	14	758	725	0.019310	0	0	758	11	1553	1483	0.007417	0	0	1553	0	0	0	nan	0	0	0	0.011893	0.005625	0.011893	0.005625	0.318910	0.150834
4	G	20	764	720	0.027778	0	0	764	29	1560	1473	0.019688	0	0	1560	0	0	0	nan	0	0	0	0.008090	0.007207	0.008090	0.007207	0.216933	0.193255
5	G	63	769	720	0.087500	0	0	769	8	1562	1475	0.005424	0	0	1562	0	0	0	nan	0	0	0	0.082076	0.011189	0.082076	0.011189	2.200864	0.300033
6	A	8	778	736	0.010870	0	0	778	13	1564	1490	0.008725	0	0	1564	0	0	0	nan	0	0	0	0.002145	0.004541	0.002145	0.004541	0.057518	0.121767
7	G	19	783	731	0.025992	0	0	783	14	1572	1472	0.009511	0	0	1572	0	0	0	nan	0	0	0	0.016481	0.006482	0.016481	0.006482	0.441937	0.173815
8	U	228	802	743	0.306864	0	0	802	390	1594	1475	0.264407	0	0	1594	0	0	0	nan	0	0	0	0.042457	0.024337	nan	nan	nan	nan
9	G	23	828	770	0.029870	0	0	828	16	1649	1530	0.010458	0	0	1649	0	0	0	nan	0	0	0	0.019413	0.006755	0.019413	0.006755	0.520559	0.181135
10	G	32	847	803	0.039851	0	0	847	36	1667	1572	0.022901	0	0	1667	0	0	0	nan	0	0	0	0.016950	0.008012	0.016950	0.008012	0.454513	0.214841
11	C	17	864	824	0.020631	0	0	864	21	1685	1615	0.013003	0	0	1685	0	0	0	nan	0	0	0	0.007628	0.005752	0.007628	0.005752	0.204544	0.154240
12	G	19	868	835	0.022754	0	0	868	10	1693	1639	0.006101	0	0	1693	0	0	0	nan	0	0	0	0.016653	0.005565	0.016653	0.005565	0.446549	0.149225
13	A	6	897	854	0.007026	0	0	897	8	1771	1690	0.004734	0	0	1771	0	0	0	nan	0	0	0	0.002292	0.003321	0.002292	0.003321	0.061460	0.089052
14	A	3	918	872	0.003440	0	0	918	4	1813	1704	0.002347	0	0	1813	0	0	0	nan	0	0	0	0.001093	0.002307	0.001093	0.002307	0.029309	0.061862
15	A	129	957	904	0.142699	0	0	957	395	1839	1724	0.229118	0	0	1839	0	0	0	nan	0	0	0	-0.086419	0.017051	nan	nan	nan	nan
16	U	44	2519	2410	0.018257	0	0	2519	123	4450	4256	0.028900	0	0	4450	0	0	0	nan	0	0	0	-0.010643	0.003790	-0.010643	0.003790	-0.285392	0.101629
17	U	9	2906	2760	0.003261	0	0	2906	22	5012	4762	0.004620	0	0	5012	0	0	0	nan	0	0	0	-0.001359	0.001467	-0.001359	0.001467	-0.036442	0.039338
18	G	51	3070	2893	0.017629	0	0	3070	104	5325	5050	0.020594	0	0	5325	0	0	0	nan	0	0	0	-0.002965	0.003189	-0.002965	0.003189	-0.079506	0.085513
19	G	128	3189	3036	0.042161	0	0	3189	62	5419	5170	0.011992	0	0	5419	0	0	0	nan	0	0	0	0.030168	0.004026	0.030168	0.004026	0.808954	0.107957
20	U	50	3366	3244	0.015413	0	0	3366	104	5469	5288	0.019667	0	0	5469	0	0	0	nan	0	0	0	-0.004254	0.002910	-0.004254	0.002910	-0.114071	0.078032
21	A	24	3391	3279	0.007319	0	0	3391	17	5488	5317	0.003197	0	0	5488	0	0	0	nan	0	0	0	0.004122	0.001683	0.004122	0.001683	0.110531	0.045130
22	G	50	3443	3090	0.016181	0	0	3443	29	5501	4854	0.005974	0	0	5501	0	0	0	nan	0	0	0	0.010207	0.002543	0.010207	0.002543	0.273700	0.068190
23	A	471	3478	3122	0.150865	0	0	3478	30	5523	4858	0.006175	0	0	5523	0	0	0	nan	0	0	0	0.144689	0.007042	0.144689	0.007042	3.879829	0.188831
24	C	31	3508	3156	0.009823	0	0	3508	29	5531	4859	0.005968	0	0	5531	0	0	0	nan	0	0	0	0.003854	0.002083	0.003854	0.002083	0.103345	0.055856
25	G	78	3512	3396	0.022968	0	0	3512	45	5541	5354	0.008405	0	0	5541	0	0	0	nan	0	0	0	0.014563	0.002887	0.014563	0.002887	0.390506	0.077415
26	C	15	3517	2917	0.005142	0	0	3517	18	5545	4519	0.003983	0	0	5545	0	0	0	nan	0	0	0	0.001159	0.001626	0.001159	0.001626	0.031079	0.043601
27	A	225	3522	2919	0.077081	0	0	3522	36	5561	4556	0.007902	0	0	5561	0	0	0	nan	0	0	0	0.069180	0.005305	0.069180	0.005305	1.855058	0.142253
28	C	27	3529	2865	0.009424	0	0	3529	62	5574	4472	0.013864	0	0	5574	0	0	0	nan	0	0	0	-0.004440	0.002528	-0.004440	0.002528	-0.119058	0.067788
29	C	4	3531	3315	0.001207	0	0	3531	15	5579	5228	0.002869	0	0	5579	0	0	0	nan	0	0	0	-0.001663	0.000955	-0.001663	0.000955	-0.044593	0.025608
30	A	20	3534	3307	0.006048	0	0	3534	33	5584	5190	0.006358	0	0	5584	0	0	0	nan	0	0	0	-0.000311	0.001748	-0.000311	0.001748	-0.008339	0.046873
31	G	101	3538	3408	0.029636	0	0	3538	27	5584	5353	0.005044	0	0	5584	0	0	0	nan	0	0	0	0.024592	0.003105	0.024592	0.003105	0.659433	0.083260
32	A	80	3542	3363	0.023788	0	0	3542	99	5587	5260	0.018821	0	0	5587	0	0	0	nan	0	0	0	0.004967	0.003264	0.004967	0.003264	0.133190	0.087524
33	U	108	3581	3400	0.031765	0	0	3581	188	5648	5314	0.035378	0	0	5648	0	0	0	nan	0	0	0	-0.003614	0.004000	-0.003614	0.004000	-0.096909	0.107260
34	U	61	3649	3442	0.017722	0	0	3649	105	5716	5384	0.019502	0	0	5716	0	0	0	nan	0	0	0	-0.001780	0.002962	-0.001780	0.002962	-0.047731	0.079426
35	U	196	3930	3759	0.052142	0	0	3930	286	6034	5816	0.049175	0	0	6034	0	0	0	nan	0	0	0	0.002967	0.004725	0.002967	0.004725	0.079560	0.126701
36	A	117	4007	3847	0.030413	0	0	4007	170	6131	5908	0.028775	0	0	6131	0	0	0	nan	0	0	0	0.001639	0.003574	0.001639	0.003574	0.043950	0.095837
37	G	76	4026	3837	0.019807	0	0	4026	17	6153	5884	0.002889	0	0	6153	0	0	0	nan	0	0	0	0.016918	0.002378	0.016918	0.002378	0.453655	0.063766
38	G	1488	4027	3789	0.392716	0	0	4027	2459	6155	5772	0.426022	0	0	6155	0	0	0	nan	0	0	0	-0.033306	0.013321	nan	nan	nan	nan
39	U	46	4058	3855	0.011933	0	0	4058	102	6197	5875	0.017362	0	0	6197	0	0	0	nan	0	0	0	-0.005429	0.002460	-0.005429	0.002460	-0.145578	0.065965
40	U	48	4066	3881	0.012368	0	0	4066	80	6217	5940	0.013468	0	0	6217	0	0	0	nan	0	0	0	-0.001100	0.002335	-0.001100	0.002335	-0.029496	0.062613
41	C	23	4079	3911	0.005881	0	0	4079	28	6231	5978	0.004684	0	0	6231	0	0	0	nan	0	0	0	0.001197	0.001512	0.001197	0.001512	0.032097	0.040544
42	U	26	4090	3852	0.006750	0	0	4090	38	6254	5912	0.006428	0	0	6254	0	0	0	nan	0	0	0	0.000322	0.001685	0.000322	0.001685	0.008634	0.045183
43	G	67	4092	3810	0.017585	0	0	4092	58	6254	5824	0.009959	0	0	6254	0	0	0	nan	0	0	0	0.007627	0.002515	0.007627	0.002515	0.204518	0.067440
44	G	114	4094	3802	0.029984	0	0	4094	46	6254	5806	0.007923	0	0	6254	0	0	0	nan	0	0	0	0.022061	0.003042	0.022061	0.003042	0.591565	0.081571
45	C	39	4095	3826	0.010193	0	0	4095	43	6255	5814	0.007396	0	0	6255	0	0	0	nan	0	0	0	0.002797	0.001984	0.002797	0.001984	0.075001	0.053201
46	G	116	4096	3867	0.029997	0	0	4096	93	6255	5906	0.015747	0	0	6255	0	0	0	nan	0	0	0	0.014251	0.003229	0.014251	0.003229	0.382140	0.086585
47	C	39	4097	3880	0.010052	0	0	4097	59	6254	5949	0.009918	0	0	6254	0	0	0	nan	0	0	0	0.000134	0.002063	0.000134	0.002063	0.003593	0.055319
48	C	29	4101	3886	0.007463	0	0	4101	29	6253	5963	0.004863	0	1	6253	0	0	0	nan	0	0	0	0.002599	0.001654	0.002599	0.001654	0.069692	0.044352
49	G	107	4103	3902	0.027422	0	0	4103	81	6252	5976	0.013554	0	1	6252	0	0	0	nan	0	0	0	0.013868	0.003049	0.013868	0.003049	0.371870	0.081759
50	C	247	4105	3902	0.063301	0	0	4105	50	6253	5960	0.008389	0	1	6253	0	0	0	nan	0	0	0	0.054912	0.004199	0.054912	0.004199	1.472463	0.112596
51	A	130	4111	3989	0.032590	0	0	4111	20	6254	6068	0.003296	0	1	6254	0	0	0	nan	0	0	0	0.029294	0.002952	0.029294	0.002952	0.785517	0.079158
52	A	59	4112	3949	0.014940	0	0	4112	19	6251	6003	0.003165	0	1	6251	0	0	0	nan	0	0	0	0.011775	0.002076	0.011775	0.002076	0.315746	0.055668
53	G	111	4111	3861	0.028749	0	0	4111	82	6244	5910	0.013875	0	1	6244	0	0	0	nan	0	0	0	0.014874	0.003129	0.014874	0.003129	0.398846	0.083904
54	G	432	4108	3823	0.113000	0	0	4108	94	6242	5811	0.016176	0	1	6242	0	0	0	nan	0	0	0	0.096824	0.005687	0.096824	0.005687	2.596331	0.152497
55	U	50	4108	3810	0.013123	0	0	4108	88	6241	5820	0.015120	0	1	6241	0	0	0	nan	0	0	0	-0.001997	0.002458	-0.001997	0.002458	-0.053549	0.065911
56	G	127	4105	3790	0.033509	0	0	4105	66	6242	5766	0.011446	0	1	6242	0	0	0	nan	0	0	0	0.022063	0.003290	0.022063	0.003290	0.591618	0.088221
57	U	53	4106	3811	0.013907	0	0	4106	109	6246	5805	0.018777	0	1	6246	0	0	0	nan	0	0	0	-0.004870	0.002624	-0.004870	0.002624	-0.130589	0.070362
58	G	106	4106	3798	0.027909	0	0	4106	57	6249	5800	0.009828	0	1	6249	0	0	0	nan	0	0	0	0.018082	0.003007	0.018082	0.003007	0.484868	0.080633
59	C	63	4105	3853	0.016351	0	0	4105	75	6246	5889	0.012736	0	1	6246	0	0	0	nan	0	0	0	0.003615	0.002531	0.003615	0.002531	0.096936	0.067869
60	G	50	4104	3883	0.012877	0	0	4104	18	6245	5940	0.003030	0	1	6245	0	0	0	nan	0	0	0	0.009846	0.001956	0.009846	0.001956	0.264020	0.052450
61	A	42	4103	3921	0.010712	0	0	4103	25	6245	5988	0.004175	0	1	6245	0	0	0	nan	0	0	0	0.006537	0.001852	0.006537	0.001852	0.175289	0.049661
62	G	149	4101	3898	0.038225	0	0	4101	42	6245	5980	0.007023	0	1	6245	0	0	0	nan	0	0	0	0.031201	0.003314	0.031201	0.003314	0.836653	0.088865
63	U	74	4101	3858	0.019181	0	0	4101	127	6246	5946	0.021359	0	1	6246	0	0	0	nan	0	0	0	-0.002178	0.002926	-0.002178	0.002926	-0.058403	0.078461
64	U	69	4100	3655	0.018878	0	0	4100	114	6245	5567	0.020478	0	1	6245	0	0	0	nan	0	0	0	-0.001600	0.002974	-0.001600	0.002974	-0.042904	0.079748
65	C	151	4100	3704	0.040767	0	0	4100	35	6241	5566	0.006288	0	1	6241	0	0	0	nan	0	0	0	0.034479	0.003484	0.034479	0.003484	0.924553	0.093423
66	A	64	4100	3664	0.017467	0	0	4100	21	6239	5497	0.003820	0	1	6239	0	0	0	nan	0	0	0	0.013647	0.002337	0.013647	0.002337	0.365944	0.062667
67	A	1742	4098	3805	0.457819	0	0	4098	26	6238	5797	0.004485	0	1	6238	0	0	0	nan	0	0	0	0.453334	0.011004	0.453334	0.011004	12.156130	0.295072
68	G	65	4097	3809	0.017065	0	0	4097	61	6235	5774	0.010565	0	1	6235	0	0	0	nan	0	0	0	0.006500	0.002512	0.006500	0.002512	0.174297	0.067359
69	U	38	4097	3837	0.009904	0	0	4097	81	6229	5840	0.013870	0	1	6229	0	0	0	nan	0	0	0	-0.003966	0.002226	-0.003966	0.002226	-0.106348	0.059690
70	C	33	4096	3855	0.008560	0	0	4096	37	6226	5861	0.006313	0	1	6226	0	0	0	nan	0	0	0	0.002247	0.001816	0.002247	0.001816	0.060253	0.048696
71	U	27	4095	3738	0.007223	0	0	4095	51	6222	5650	0.009027	0	1	6222	0	0	0	nan	0	0	0	-0.001803	0.001879	-0.001803	0.001879	-0.048347	0.050385
72	C	24	4092	3677	0.006527	0	0	4092	32	6218	5547	0.005769	0	1	6218	0	0	0	nan	0	0	0	0.000758	0.001678	0.000758	0.001678	0.020326	0.044995
73	G	119	4087	3642	0.032674	0	0	4087	59	6215	5477	0.010772	0	1	6215	0	0	0	nan	0	0	0	0.021902	0.003307	0.021902	0.003307	0.587301	0.088677
74	C	39	4087	3677	0.010606	0	0	4087	71	6212	5558	0.012774	0	1	6212	0	0	0	nan	0	0	0	-0.002168	0.002277	-0.002168	0.002277	-0.058135	0.061058
75	C	21	4084	3640	0.005769	0	0	4084	33	6209	5511	0.005988	0	1	6209	0	0	0	nan	0	0	0	-0.000219	0.001634	-0.000219	0.001634	-0.005872	0.043816
76	U	42	4081	3641	0.011535	0	0	4081	64	6207	5509	0.011617	0	1	6207	0	0	0	nan	0	0	0	-0.000082	0.002297	-0.000082	0.002297	-0.002199	0.061594
77	C	23	4078	3674	0.006260	0	0	4078	15	6206	5533	0.002711	0	1	6206	0	0	0	nan	0	0	0	0.003549	0.001481	0.003549	0.001481	0.095166	0.039713
78	C	15	4076	3757	0.003993	0	0	4076	29	6200	5662	0.005122	0	1	6200	0	0	0	nan	0	0	0	-0.001129	0.001403	-0.001129	0.001403	-0.030274	0.037621
79	C	27	4070	3675	0.007347	0	0	4070	27	6197	5562	0.004854	0	1	6197	0	0	0	nan	0	0	0	0.002493	0.001695	0.002493	0.001695	0.066850	0.045451
80	G	223	4066	3699	0.060287	0	0	4066	44	6193	5638	0.007804	0	1	6193	0	0	0	nan	0	0	0	0.052482	0.004205	0.052482	0.004205	1.407302	0.112757
81	C	114	4065	3101	0.036762	0	0	4065	146	6192	4469	0.032670	0	1	6192	0	0	0	nan	0	0	0	0.004093	0.004378	0.004093	0.004378	0.109754	0.117396
82	A	87	4064	3174	0.027410	0	0	4064	68	6180	4603	0.014773	0	1	6180	0	0	0	nan	0	0	0	0.012637	0.003442	0.012637	0.003442	0.338861	0.092297
83	C	133	4050	3112	0.042738	0	0	4050	19	6171	4493	0.004229	0	1	6171	0	0	0	nan	0	0	0	0.038509	0.003831	0.038509	0.003831	1.032617	0.102728
84	C	97	4042	3414	0.028412	0	0	4042	6	6164	5373	0.001117	0	1	6164	0	0	0	nan	0	0	0	0.027296	0.002921	0.027296	0.002921	0.731941	0.078326
85	A	0	3857	0	nan	0	0	3857	0	6082	0	nan	0	1	6082	0	0	0	nan	0	0	0	nan	nan	nan	nan	nan	nan