0.000000
0.000000
0.057017
0.438998
0.174661
0.048945
0.000000
0.000000
0.850000
0.046415
0.000000
0.023108
0.026121
0.560024
0.200867
0.000000
0.144646
0.533988
0.650211
0.000000
0.026093
0.076032
0.117559
0.434961
0.000000
0.850000
0.100647
0.000000
0.000000
0.328658
0.003041
0.850000
0.000000
0.513125
0.609225
0.000000
0.000000
0.850000
0.000000
0.041413
0.134328
0.631651
0.089704
0.136545
0.560678
0.000000
0.064123
0.010488
0.228722
0.088254
0.062247
0.139331
0.437917
0.000000
0.066880
0.000000
0.000000
0.850000
0.000000
0.000000
0.000000
0.047524
0.087259
0.850000
0.012449
0.139047
0.573838
0.140269
0.025524
0.605103
0.850000
0.048405
0.710127
0.850000
0.850000
0.000000
