Nucleotide	Sequence	Modified_mutations	Modified_read_depth	Modified_effective_depth	Modified_rate	Modified_off_target_mapped_depth	Modified_low_mapq_mapped_depth	Modified_mapped_depth	Untreated_mutations	Untreated_read_depth	Untreated_effective_depth	Untreated_rate	Untreated_off_target_mapped_depth	Untreated_low_mapq_mapped_depth	Untreated_mapped_depth	Denatured_mutations	Denatured_read_depth	Denatured_effective_depth	Denatured_rate	Denatured_off_target_mapped_depth	Denatured_low_mapq_mapped_depth	Denatured_mapped_depth	Reactivity_profile	Std_err	HQ_profile	HQ_stderr	Norm_profile	Norm_stderr
1	G	0	10498	10105	0.000000	0	0	10498	0	11085	10695	0.000000	0	0	11085	0	0	0	nan	0	0	0	0.000000	0.000000	0.000000	0.000000	0.000000	0.000000
2	U	0	10865	10228	0.000000	0	0	10865	0	11199	10575	0.000000	0	0	11199	0	0	0	nan	0	0	0	0.000000	0.000000	0.000000	0.000000	0.000000	0.000000
3	G	133	11025	10376	0.012818	0	0	11025	75	11327	10739	0.006984	0	0	11327	0	0	0	nan	0	0	0	0.005834	0.001373	0.005834	0.001373	0.209152	0.049223
4	G	431	11089	10430	0.041323	0	0	11089	93	11353	10734	0.008664	0	0	11353	0	0	0	nan	0	0	0	0.032659	0.002184	0.032659	0.002184	1.170843	0.078298
5	C	135	11185	10591	0.012747	0	0	11185	79	11409	10844	0.007285	0	0	11409	0	0	0	nan	0	0	0	0.005462	0.001369	0.005462	0.001369	0.195816	0.049079
6	U	68	11521	11089	0.006132	0	0	11521	58	11675	11263	0.005150	0	0	11675	0	0	0	nan	0	0	0	0.000983	0.001005	0.000983	0.001005	0.035241	0.036030
7	A	58	11927	11491	0.005047	0	0	11927	12	12004	11606	0.001034	0	0	12004	0	0	0	nan	0	0	0	0.004013	0.000727	0.004013	0.000727	0.143868	0.026063
8	U	2243	12564	12193	0.183958	0	0	12564	1920	12422	12102	0.158651	0	0	12422	0	0	0	nan	0	0	0	0.025307	0.005310	nan	nan	nan	nan
9	A	332	13486	12959	0.025619	0	0	13486	19	13261	12747	0.001491	0	0	13261	0	0	0	nan	0	0	0	0.024129	0.001447	0.024129	0.001447	0.865038	0.051876
10	G	495	14364	13797	0.035877	0	0	14364	174	13329	12776	0.013619	0	0	13329	0	0	0	nan	0	0	0	0.022258	0.001915	0.022258	0.001915	0.797962	0.068654
11	C	100	14598	13966	0.007160	0	0	14598	74	13425	12827	0.005769	0	0	13425	0	0	0	nan	0	0	0	0.001391	0.000981	0.001391	0.000981	0.049868	0.035169
12	U	151	15078	14436	0.010460	0	0	15078	142	13906	13275	0.010697	0	0	13906	0	0	0	nan	0	0	0	-0.000237	0.001237	-0.000237	0.001237	-0.008497	0.044347
13	C	62	15180	14616	0.004242	0	0	15180	38	14014	13486	0.002818	0	0	14014	0	0	0	nan	0	0	0	0.001424	0.000707	0.001424	0.000707	0.051051	0.025346
14	A	152	15331	14661	0.010368	0	0	15331	8	14262	13626	0.000587	0	0	14262	0	0	0	nan	0	0	0	0.009781	0.000866	0.009781	0.000866	0.350654	0.031047
15	G	150	15455	14620	0.010260	0	0	15455	83	14283	13546	0.006127	0	0	14283	0	0	0	nan	0	0	0	0.004133	0.001074	0.004133	0.001074	0.148170	0.038503
16	U	440	16324	15258	0.028837	0	0	16324	397	15192	14283	0.027795	0	0	15192	0	0	0	nan	0	0	0	0.001042	0.001959	0.001042	0.001959	0.037356	0.070231
17	U	39	16603	15514	0.002514	0	0	16603	16	15572	14636	0.001093	0	0	15572	0	0	0	nan	0	0	0	0.001421	0.000487	0.001421	0.000487	0.050944	0.017459
18	G	211	16708	15698	0.013441	0	0	16708	113	15700	14808	0.007631	0	0	15700	0	0	0	nan	0	0	0	0.005810	0.001171	0.005810	0.001171	0.208292	0.041981
19	G	352	16871	15910	0.022124	0	0	16871	130	15787	14918	0.008714	0	0	15787	0	0	0	nan	0	0	0	0.013410	0.001405	0.013410	0.001405	0.480756	0.050370
20	U	230	16971	16217	0.014183	0	0	16971	195	15867	15187	0.012840	0	0	15867	0	0	0	nan	0	0	0	0.001343	0.001311	0.001343	0.001311	0.048147	0.047000
21	A	89	16997	16322	0.005453	0	0	16997	43	15890	15313	0.002808	0	0	15890	0	0	0	nan	0	0	0	0.002645	0.000719	0.002645	0.000719	0.094825	0.025777
22	G	171	17044	15973	0.010706	0	0	17044	68	15912	15006	0.004532	0	0	15912	0	0	0	nan	0	0	0	0.006174	0.000986	0.006174	0.000986	0.221341	0.035349
23	A	106	17059	15665	0.006767	0	0	17059	28	15922	14774	0.001895	0	0	15922	0	0	0	nan	0	0	0	0.004871	0.000748	0.004871	0.000748	0.174628	0.026816
24	G	1947	17057	15594	0.124856	0	0	17057	179	15913	14648	0.012220	0	0	15913	0	0	0	nan	0	0	0	0.112636	0.002973	0.112636	0.002973	4.038063	0.106584
25	C	118	17070	15829	0.007455	0	0	17070	127	15913	14863	0.008545	0	0	15913	0	0	0	nan	0	0	0	-0.001090	0.001023	-0.001090	0.001023	-0.039077	0.036675
26	C	2640	17070	15801	0.167078	0	0	17070	144	15917	14668	0.009817	0	0	15917	0	0	0	nan	0	0	0	0.157261	0.003353	0.157261	0.003353	5.637894	0.120207
27	C	130	17096	15725	0.008267	0	0	17096	154	15955	14617	0.010536	0	0	15955	0	0	0	nan	0	0	0	-0.002269	0.001116	-0.002269	0.001116	-0.081345	0.040009
28	U	134	17117	15693	0.008539	0	0	17117	140	15993	14593	0.009594	0	0	15993	0	0	0	nan	0	0	0	-0.001055	0.001096	-0.001055	0.001096	-0.037822	0.039292
29	G	242	17117	15824	0.015293	0	0	17117	181	16003	14814	0.012218	0	0	16003	0	0	0	nan	0	0	0	0.003075	0.001338	0.003075	0.001338	0.110240	0.047968
30	G	529	17117	16049	0.032962	0	0	17117	70	16006	15020	0.004660	0	0	16006	0	0	0	nan	0	0	0	0.028301	0.001538	0.028301	0.001538	1.014607	0.055138
31	A	282	17122	16113	0.017501	0	0	17122	163	16009	15131	0.010773	0	0	16009	0	0	0	nan	0	0	0	0.006729	0.001341	0.006729	0.001341	0.241238	0.048076
32	U	214	17139	16214	0.013198	0	0	17139	203	16010	15245	0.013316	0	0	16010	0	0	0	nan	0	0	0	-0.000117	0.001299	-0.000117	0.001299	-0.004195	0.046570
33	U	157	17150	15918	0.009863	0	0	17150	99	16018	14933	0.006630	0	0	16018	0	0	0	nan	0	0	0	0.003233	0.001031	0.003233	0.001031	0.115905	0.036962
34	G	327	17158	15969	0.020477	0	0	17158	320	16012	14970	0.021376	0	1	16012	0	0	0	nan	0	0	0	-0.000899	0.001646	-0.000899	0.001646	-0.032230	0.059010
35	U	437	17167	15888	0.027505	0	0	17167	412	16029	14887	0.027675	0	1	16029	0	0	0	nan	0	0	0	-0.000170	0.001895	-0.000170	0.001895	-0.006095	0.067937
36	G	756	17169	16094	0.046974	0	0	17169	175	16024	15001	0.011666	0	1	16024	0	0	0	nan	0	0	0	0.035308	0.001923	0.035308	0.001923	1.265811	0.068941
37	A	437	17181	15944	0.027408	0	0	17181	334	16032	14845	0.022499	0	2	16032	0	0	0	nan	0	0	0	0.004909	0.001799	0.004909	0.001799	0.175990	0.064495
38	U	310	17187	15959	0.019425	0	0	17187	370	16041	14910	0.024816	0	2	16041	0	0	0	nan	0	0	0	-0.005391	0.001698	-0.005391	0.001698	-0.193270	0.060874
39	U	226	17202	15576	0.014510	0	0	17202	289	16066	14567	0.019839	0	2	16066	0	0	0	nan	0	0	0	-0.005330	0.001514	-0.005330	0.001514	-0.191083	0.054278
40	C	162	17215	15551	0.010417	0	0	17215	145	16076	14519	0.009987	0	2	16076	0	0	0	nan	0	0	0	0.000430	0.001165	0.000430	0.001165	0.015416	0.041766
41	C	85	17347	15899	0.005346	0	0	17347	70	16160	14771	0.004739	0	2	16160	0	0	0	nan	0	0	0	0.000607	0.000811	0.000607	0.000811	0.021761	0.029075
42	A	112	17354	16258	0.006889	0	0	17354	27	16167	15116	0.001786	0	2	16167	0	0	0	nan	0	0	0	0.005103	0.000736	0.005103	0.000736	0.182945	0.026386
43	G	524	17342	16347	0.032055	0	0	17342	171	16148	15258	0.011207	0	2	16148	0	0	0	nan	0	0	0	0.020848	0.001642	0.020848	0.001642	0.747412	0.058867
44	U	257	17357	16145	0.015918	0	0	17357	288	16156	15088	0.019088	0	2	16156	0	0	0	nan	0	0	0	-0.003170	0.001500	-0.003170	0.001500	-0.113646	0.053776
45	U	187	17358	15743	0.011878	0	0	17358	192	16157	14764	0.013005	0	2	16157	0	0	0	nan	0	0	0	-0.001126	0.001279	-0.001126	0.001279	-0.040368	0.045853
46	G	2638	17353	15922	0.165683	0	0	17353	2780	16159	14935	0.186140	0	3	16159	0	0	0	nan	0	0	0	-0.020457	0.004782	nan	nan	nan	nan
47	U	167	17485	16158	0.010335	0	0	17485	146	16249	15073	0.009686	0	3	16249	0	0	0	nan	0	0	0	0.000649	0.001132	0.000649	0.001132	0.023267	0.040583
48	C	143	17500	15995	0.008940	0	0	17500	103	16267	14850	0.006936	0	3	16267	0	0	0	nan	0	0	0	0.002004	0.001013	0.002004	0.001013	0.071845	0.036317
49	G	647	17489	16116	0.040146	0	0	17489	147	16264	14940	0.009839	0	3	16264	0	0	0	nan	0	0	0	0.030307	0.001775	0.030307	0.001775	1.086523	0.063635
50	U	245	17477	15992	0.015320	0	0	17477	235	16251	14832	0.015844	0	3	16251	0	0	0	nan	0	0	0	-0.000524	0.001423	-0.000524	0.001423	-0.018786	0.051015
51	G	267	17464	16158	0.016524	0	0	17464	194	16241	15073	0.012871	0	3	16241	0	0	0	nan	0	0	0	0.003654	0.001370	0.003654	0.001370	0.130998	0.049115
52	G	283	17450	16000	0.017687	0	0	17450	204	16232	14863	0.013725	0	3	16232	0	0	0	nan	0	0	0	0.003962	0.001424	0.003962	0.001424	0.142040	0.051051
53	G	454	17431	15780	0.028771	0	0	17431	172	16199	14559	0.011814	0	3	16199	0	0	0	nan	0	0	0	0.016957	0.001623	0.016957	0.001623	0.607918	0.058185
54	U	312	17406	15874	0.019655	0	0	17406	367	16178	14662	0.025031	0	3	16178	0	0	0	nan	0	0	0	-0.005376	0.001716	-0.005376	0.001716	-0.192733	0.061520
55	U	300	17402	15605	0.019225	0	0	17402	241	16171	14468	0.016657	0	3	16171	0	0	0	nan	0	0	0	0.002567	0.001544	0.002567	0.001544	0.092028	0.055353
56	C	221	17385	15623	0.014146	0	0	17385	193	16144	14577	0.013240	0	3	16144	0	0	0	nan	0	0	0	0.000906	0.001347	0.000906	0.001347	0.032481	0.048291
57	G	43	17369	15297	0.002811	0	0	17369	70	16135	14297	0.004896	0	3	16135	0	0	0	nan	0	0	0	-0.002085	0.000725	-0.002085	0.000725	-0.074748	0.025992
58	A	7923	17358	15259	0.519235	0	0	17358	47	16132	14154	0.003321	0	3	16132	0	0	0	nan	0	0	0	0.515914	0.005853	0.515914	0.005853	18.495803	0.209833
59	A	142	17351	15404	0.009218	0	0	17351	124	16120	14223	0.008718	0	3	16120	0	0	0	nan	0	0	0	0.000500	0.001101	0.000500	0.001101	0.017925	0.039471
60	U	115	17348	15109	0.007611	0	0	17348	180	16116	13967	0.012888	0	3	16116	0	0	0	nan	0	0	0	-0.005276	0.001194	-0.005276	0.001194	-0.189148	0.042806
61	C	45	17333	15092	0.002982	0	0	17333	86	16107	14036	0.006127	0	3	16107	0	0	0	nan	0	0	0	-0.003145	0.000796	-0.003145	0.000796	-0.112750	0.028537
62	C	59	17320	15036	0.003924	0	0	17320	80	16100	14033	0.005701	0	3	16100	0	0	0	nan	0	0	0	-0.001777	0.000817	-0.001777	0.000817	-0.063706	0.029290
63	C	43	17309	15542	0.002767	0	0	17309	30	16072	14422	0.002080	0	3	16072	0	0	0	nan	0	0	0	0.000687	0.000568	0.000687	0.000568	0.024629	0.020363
64	A	137	17292	15426	0.008881	0	0	17292	129	16052	14215	0.009075	0	3	16052	0	0	0	nan	0	0	0	-0.000194	0.001102	-0.000194	0.001102	-0.006955	0.039507
65	U	209	17271	15240	0.013714	0	0	17271	213	16020	14055	0.015155	0	3	16020	0	0	0	nan	0	0	0	-0.001441	0.001406	-0.001441	0.001406	-0.051661	0.050406
66	U	82	17246	15169	0.005406	0	0	17246	105	15998	14021	0.007489	0	3	15998	0	0	0	nan	0	0	0	-0.002083	0.000944	-0.002083	0.000944	-0.074677	0.033843
67	A	79	17218	14898	0.005303	0	0	17218	43	15974	13836	0.003108	0	3	15974	0	0	0	nan	0	0	0	0.002195	0.000762	0.002195	0.000762	0.078692	0.027318
68	G	537	17198	14446	0.037173	0	0	17198	200	15947	13441	0.014880	0	3	15947	0	0	0	nan	0	0	0	0.022293	0.001918	0.022293	0.001918	0.799216	0.068761
69	C	163	17188	13825	0.011790	0	0	17188	123	15930	12850	0.009572	0	3	15930	0	0	0	nan	0	0	0	0.002218	0.001264	0.002218	0.001264	0.079517	0.045315
70	C	72	17171	12896	0.005583	0	0	17171	92	15916	12032	0.007646	0	3	15916	0	0	0	nan	0	0	0	-0.002063	0.001034	-0.002063	0.001034	-0.073960	0.037069
71	A	133	17159	13467	0.009876	0	0	17159	85	15904	12547	0.006775	0	3	15904	0	0	0	nan	0	0	0	0.003101	0.001128	0.003101	0.001128	0.111173	0.040439
72	C	223	17157	13299	0.016768	0	0	17157	225	15903	12294	0.018302	0	3	15903	0	0	0	nan	0	0	0	-0.001533	0.001658	-0.001533	0.001658	-0.054959	0.059440
73	C	451	17152	14434	0.031246	0	0	17152	499	15899	13253	0.037652	0	3	15899	0	0	0	nan	0	0	0	-0.006406	0.002237	-0.006406	0.002237	-0.229659	0.080198
74	C	989	17117	14221	0.069545	0	0	17117	327	15877	13070	0.025019	0	3	15877	0	0	0	nan	0	0	0	0.044526	0.002609	0.044526	0.002609	1.596282	0.093534
75	C	244	17061	14054	0.017362	0	0	17061	20	15840	13087	0.001528	0	3	15840	0	0	0	nan	0	0	0	0.015833	0.001163	0.015833	0.001163	0.567622	0.041694
76	A	0	16513	0	nan	0	0	16513	0	15401	0	nan	0	3	15401	0	0	0	nan	0	0	0	nan	nan	nan	nan	nan	nan