Nucleotide	Sequence	Modified_mutations	Modified_read_depth	Modified_effective_depth	Modified_rate	Modified_off_target_mapped_depth	Modified_low_mapq_mapped_depth	Modified_mapped_depth	Untreated_mutations	Untreated_read_depth	Untreated_effective_depth	Untreated_rate	Untreated_off_target_mapped_depth	Untreated_low_mapq_mapped_depth	Untreated_mapped_depth	Denatured_mutations	Denatured_read_depth	Denatured_effective_depth	Denatured_rate	Denatured_off_target_mapped_depth	Denatured_low_mapq_mapped_depth	Denatured_mapped_depth	Reactivity_profile	Std_err	HQ_profile	HQ_stderr	Norm_profile	Norm_stderr
1	C	0	15665	15322	0.000000	0	379	15665	0	8068	7900	0.000000	0	201	8068	0	0	0	nan	0	0	0	0.000000	0.000000	0.000000	0.000000	0.000000	0.000000
2	G	0	16907	16449	0.000000	0	402	16907	0	8185	7980	0.000000	0	204	8185	0	0	0	nan	0	0	0	0.000000	0.000000	0.000000	0.000000	0.000000	0.000000
3	C	217	17919	17106	0.012686	0	435	17919	76	8296	7912	0.009606	0	206	8296	0	0	0	nan	0	0	0	0.003080	0.001398	0.003080	0.001398	0.068010	0.030869
4	G	537	17990	17009	0.031572	0	439	17990	87	8304	7858	0.011072	0	206	8304	0	0	0	nan	0	0	0	0.020500	0.001807	0.020500	0.001807	0.452664	0.039901
5	G	481	18107	16867	0.028517	0	441	18107	109	8322	7759	0.014048	0	206	8322	0	0	0	nan	0	0	0	0.014469	0.001871	0.014469	0.001871	0.319493	0.041314
6	G	659	18170	16826	0.039166	0	441	18170	77	8338	7795	0.009878	0	206	8338	0	0	0	nan	0	0	0	0.029287	0.001896	0.029287	0.001896	0.646692	0.041866
7	G	985	18256	16885	0.058336	0	446	18256	103	8356	7808	0.013192	0	208	8356	0	0	0	nan	0	0	0	0.045144	0.002268	0.045144	0.002268	0.996833	0.050080
8	U	2835	18597	17326	0.163627	0	454	18597	1093	8475	7929	0.137848	0	210	8475	0	0	0	nan	0	0	0	0.025779	0.005180	nan	nan	nan	nan
9	G	276	18948	17670	0.015620	0	458	18948	71	8623	8097	0.008769	0	214	8623	0	0	0	nan	0	0	0	0.006851	0.001402	0.006851	0.001402	0.151278	0.030958
10	G	208	19127	17714	0.011742	0	462	19127	34	8682	8134	0.004180	0	214	8682	0	0	0	nan	0	0	0	0.007562	0.001085	0.007562	0.001085	0.166978	0.023958
11	A	311	19235	17987	0.017290	0	466	19235	36	8727	8240	0.004369	0	217	8727	0	0	0	nan	0	0	0	0.012921	0.001221	0.012921	0.001221	0.285311	0.026961
12	G	281	19309	18266	0.015384	0	468	19309	80	8744	8339	0.009593	0	217	8744	0	0	0	nan	0	0	0	0.005790	0.001412	0.005790	0.001412	0.127850	0.031179
13	C	118	19394	18336	0.006435	0	470	19394	49	8771	8223	0.005959	0	219	8771	0	0	0	nan	0	0	0	0.000477	0.001037	0.000477	0.001037	0.010533	0.022898
14	A	811	19436	18391	0.044098	0	471	19436	14	8781	8263	0.001694	0	220	8781	0	0	0	nan	0	0	0	0.042403	0.001613	0.042403	0.001613	0.936308	0.035617
15	G	283	19549	18423	0.015361	0	476	19549	96	8785	8226	0.011670	0	220	8785	0	0	0	nan	0	0	0	0.003691	0.001501	0.003691	0.001501	0.081502	0.033144
16	C	537	19595	18762	0.028622	0	479	19595	84	8799	8497	0.009886	0	221	8799	0	0	0	nan	0	0	0	0.018736	0.001640	0.018736	0.001640	0.413713	0.036213
17	C	2904	19633	18909	0.153578	0	481	19633	89	8815	8540	0.010422	0	221	8815	0	0	0	nan	0	0	0	0.143156	0.003057	0.143156	0.003057	3.161054	0.067502
18	U	266	19778	19001	0.013999	0	485	19778	70	8864	8566	0.008172	0	221	8864	0	0	0	nan	0	0	0	0.005827	0.001300	0.005827	0.001300	0.128667	0.028706
19	G	627	19817	18910	0.033157	0	486	19817	97	8877	8526	0.011377	0	221	8877	0	0	0	nan	0	0	0	0.021780	0.001757	0.021780	0.001757	0.480928	0.038797
20	G	1041	19900	19102	0.054497	0	486	19900	80	8887	8525	0.009384	0	222	8887	0	0	0	nan	0	0	0	0.045113	0.001988	0.045113	0.001988	0.996148	0.043897
21	U	232	19996	19207	0.012079	0	488	19996	104	8912	8540	0.012178	0	222	8912	0	0	0	nan	0	0	0	-0.000099	0.001433	-0.000099	0.001433	-0.002186	0.031642
22	A	49	20008	19297	0.002539	0	488	20008	13	8920	8610	0.001510	0	222	8920	0	0	0	nan	0	0	0	0.001029	0.000554	0.001029	0.000554	0.022722	0.012233
23	G	447	20026	19285	0.023179	0	488	20026	104	8928	8606	0.012085	0	222	8928	0	0	0	nan	0	0	0	0.011094	0.001614	0.011094	0.001614	0.244969	0.035639
24	C	168	20036	19336	0.008688	0	484	20036	69	8936	8648	0.007979	0	219	8936	0	0	0	nan	0	0	0	0.000710	0.001171	0.000710	0.001171	0.015678	0.025857
25	U	185	20076	19124	0.009674	0	483	20076	81	8972	8525	0.009501	0	216	8972	0	0	0	nan	0	0	0	0.000172	0.001273	0.000172	0.001273	0.003798	0.028109
26	C	206	20084	18932	0.010881	0	476	20084	65	8985	8456	0.007687	0	213	8985	0	0	0	nan	0	0	0	0.003194	0.001218	0.003194	0.001218	0.070527	0.026895
27	G	473	20105	18672	0.025332	0	471	20105	76	8996	8335	0.009118	0	210	8996	0	0	0	nan	0	0	0	0.016214	0.001565	0.016214	0.001565	0.358024	0.034557
28	U	483	20145	18920	0.025529	0	465	20145	209	9015	8459	0.024707	0	205	9015	0	0	0	nan	0	0	0	0.000821	0.002066	0.000821	0.002066	0.018129	0.045620
29	C	163	20150	18769	0.008685	0	458	20150	67	9023	8409	0.007968	0	198	9023	0	0	0	nan	0	0	0	0.000717	0.001188	0.000717	0.001188	0.015832	0.026232
30	G	425	20154	18570	0.022886	0	453	20154	130	9026	8358	0.015554	0	193	9026	0	0	0	nan	0	0	0	0.007332	0.001759	0.007332	0.001759	0.161899	0.038841
31	G	380	20156	18407	0.020644	0	446	20156	71	9028	8279	0.008576	0	188	9028	0	0	0	nan	0	0	0	0.012068	0.001469	0.012068	0.001469	0.266476	0.032437
32	G	493	20160	18535	0.026598	0	445	20160	109	9030	8363	0.013034	0	186	9030	0	0	0	nan	0	0	0	0.013565	0.001730	0.013565	0.001730	0.299531	0.038200
33	C	1211	20167	18831	0.064309	0	441	20167	488	9031	8480	0.057547	0	180	9031	0	0	0	nan	0	0	0	0.006762	0.003194	nan	nan	nan	nan
34	U	308	20246	19104	0.016122	0	436	20246	168	9060	8596	0.019544	0	178	9060	0	0	0	nan	0	0	0	-0.003422	0.001766	-0.003422	0.001766	-0.075562	0.038995
35	C	1603	20260	18958	0.084555	0	434	20260	18	9067	8496	0.002119	0	174	9067	0	0	0	nan	0	0	0	0.082437	0.002170	0.082437	0.002170	1.820306	0.047916
36	A	501	20322	18905	0.026501	0	430	20322	26	9084	8443	0.003079	0	170	9084	0	0	0	nan	0	0	0	0.023421	0.001329	0.023421	0.001329	0.517163	0.029346
37	U	289	20339	18839	0.015341	0	424	20339	67	9089	8414	0.007963	0	167	9089	0	0	0	nan	0	0	0	0.007378	0.001327	0.007378	0.001327	0.162915	0.029302
38	A	668	20345	17799	0.037530	0	415	20345	15	9094	7967	0.001883	0	167	9094	0	0	0	nan	0	0	0	0.035647	0.001531	0.035647	0.001531	0.787128	0.033806
39	A	1858	20354	17731	0.104788	0	404	20354	50	9096	8013	0.006240	0	164	9096	0	0	0	nan	0	0	0	0.098548	0.002586	0.098548	0.002586	2.176056	0.057102
40	C	174	20366	17553	0.009913	0	401	20366	111	9100	7957	0.013950	0	163	9100	0	0	0	nan	0	0	0	-0.004037	0.001522	-0.004037	0.001522	-0.089142	0.033608
41	C	123	20368	18571	0.006623	0	396	20368	52	9100	8486	0.006128	0	163	9100	0	0	0	nan	0	0	0	0.000495	0.001039	0.000495	0.001039	0.010930	0.022942
42	C	123	20372	18524	0.006640	0	392	20372	72	9102	8399	0.008572	0	160	9102	0	0	0	nan	0	0	0	-0.001932	0.001174	-0.001932	0.001174	-0.042661	0.025923
43	G	565	20374	18598	0.030380	0	384	20374	42	9102	8383	0.005010	0	159	9102	0	0	0	nan	0	0	0	0.025369	0.001494	0.025369	0.001494	0.560178	0.032989
44	A	154	20376	18888	0.008153	0	376	20376	30	9106	8442	0.003554	0	153	9106	0	0	0	nan	0	0	0	0.004600	0.000923	0.004600	0.000923	0.101573	0.020381
45	A	124	20380	18849	0.006579	0	351	20380	33	9106	8433	0.003913	0	144	9106	0	0	0	nan	0	0	0	0.002665	0.000902	0.002665	0.000902	0.058846	0.019917
46	G	503	20384	18487	0.027208	0	321	20384	168	9106	8270	0.020314	0	125	9106	0	0	0	nan	0	0	0	0.006894	0.001982	0.006894	0.001982	0.152228	0.043765
47	G	112	20388	17861	0.006271	0	303	20388	51	9106	7937	0.006426	0	109	9106	0	0	0	nan	0	0	0	-0.000155	0.001077	-0.000155	0.001077	-0.003423	0.023781
48	U	258	20380	17895	0.014417	0	318	20380	116	9103	7945	0.014600	0	115	9103	0	0	0	nan	0	0	0	-0.000183	0.001626	-0.000183	0.001626	-0.004041	0.035904
49	C	184	20368	17884	0.010289	0	322	20368	75	9102	7959	0.009423	0	115	9102	0	0	0	nan	0	0	0	0.000865	0.001326	0.000865	0.001326	0.019100	0.029280
50	G	737	20354	18131	0.040649	0	325	20354	59	9095	8100	0.007284	0	117	9095	0	0	0	nan	0	0	0	0.033365	0.001772	0.033365	0.001772	0.736739	0.039128
51	U	327	20344	18319	0.017850	0	325	20344	134	9090	8187	0.016367	0	120	9090	0	0	0	nan	0	0	0	0.001483	0.001724	0.001483	0.001724	0.032746	0.038068
52	C	179	20336	18654	0.009596	0	325	20336	72	9081	8336	0.008637	0	120	9081	0	0	0	nan	0	0	0	0.000959	0.001245	0.000959	0.001245	0.021176	0.027491
53	G	440	20320	18816	0.023384	0	327	20320	70	9067	8443	0.008291	0	124	9067	0	0	0	nan	0	0	0	0.015093	0.001492	0.015093	0.001492	0.333271	0.032945
54	G	467	20315	18373	0.025418	0	327	20315	84	9065	8210	0.010231	0	124	9065	0	0	0	nan	0	0	0	0.015186	0.001622	0.015186	0.001622	0.335325	0.035816
55	U	310	20305	18369	0.016876	0	328	20305	192	9064	8196	0.023426	0	125	9064	0	0	0	nan	0	0	0	-0.006550	0.001943	-0.006550	0.001943	-0.144632	0.042904
56	U	318	20302	18218	0.017455	0	327	20302	141	9065	8080	0.017450	0	125	9065	0	0	0	nan	0	0	0	0.000005	0.001766	0.000005	0.001766	0.000110	0.038995
57	C	247	20289	18582	0.013292	0	326	20289	73	9064	8314	0.008780	0	125	9064	0	0	0	nan	0	0	0	0.004512	0.001331	0.004512	0.001331	0.099630	0.029390
58	A	348	20285	18717	0.018593	0	326	20285	22	9058	8392	0.002622	0	125	9058	0	0	0	nan	0	0	0	0.015971	0.001143	0.015971	0.001143	0.352659	0.025239
59	A	1620	20270	18637	0.086924	0	326	20270	12	9052	8334	0.001440	0	125	9052	0	0	0	nan	0	0	0	0.085484	0.002199	0.085484	0.002199	1.887588	0.048557
60	A	265	20247	18066	0.014668	0	326	20247	95	9040	8034	0.011825	0	125	9040	0	0	0	nan	0	0	0	0.002844	0.001511	0.002844	0.001511	0.062799	0.033365
61	U	213	20178	17282	0.012325	0	326	20178	97	9018	7752	0.012513	0	124	9018	0	0	0	nan	0	0	0	-0.000188	0.001526	-0.000188	0.001526	-0.004151	0.033696
62	C	212	20158	16960	0.012500	0	326	20158	92	9011	7692	0.011960	0	124	9011	0	0	0	nan	0	0	0	0.000540	0.001514	0.000540	0.001514	0.011924	0.033431
63	C	118	20134	16361	0.007212	0	325	20134	36	9003	7393	0.004869	0	124	9003	0	0	0	nan	0	0	0	0.002343	0.001049	0.002343	0.001049	0.051736	0.023163
64	G	231	20110	15969	0.014466	0	325	20110	61	8994	7256	0.008407	0	124	8994	0	0	0	nan	0	0	0	0.006059	0.001437	0.006059	0.001437	0.133790	0.031731
65	G	331	20097	16236	0.020387	0	325	20097	94	8989	7363	0.012767	0	124	8989	0	0	0	nan	0	0	0	0.007620	0.001729	0.007620	0.001729	0.168259	0.038178
66	C	224	20095	16876	0.013273	0	325	20095	83	8984	7697	0.010783	0	124	8984	0	0	0	nan	0	0	0	0.002490	0.001479	0.002490	0.001479	0.054982	0.032658
67	C	112	20076	17533	0.006388	0	325	20076	39	8974	7920	0.004924	0	124	8974	0	0	0	nan	0	0	0	0.001464	0.000993	0.001464	0.000993	0.032327	0.021927
68	C	81	20072	17751	0.004563	0	325	20072	38	8968	8024	0.004736	0	123	8968	0	0	0	nan	0	0	0	-0.000173	0.000920	-0.000173	0.000920	-0.003820	0.020315
69	C	96	20061	18044	0.005320	0	325	20061	40	8967	8070	0.004957	0	122	8967	0	0	0	nan	0	0	0	0.000364	0.000953	0.000364	0.000953	0.008038	0.021043
70	C	126	20036	17499	0.007200	0	324	20036	31	8956	7822	0.003963	0	121	8956	0	0	0	nan	0	0	0	0.003237	0.000958	0.003237	0.000958	0.071477	0.021154
71	G	973	20022	17611	0.055250	0	324	20022	76	8947	7845	0.009688	0	120	8947	0	0	0	nan	0	0	0	0.045562	0.002091	0.045562	0.002091	1.006063	0.046172
72	C	77	20017	16904	0.004555	0	324	20017	29	8944	7499	0.003867	0	120	8944	0	0	0	nan	0	0	0	0.000688	0.000886	0.000688	0.000886	0.015192	0.019564
73	A	204	20011	15784	0.012924	0	324	20011	23	8943	6877	0.003344	0	120	8943	0	0	0	nan	0	0	0	0.009580	0.001142	0.009580	0.001142	0.211538	0.025217
74	A	123	19955	15701	0.007834	0	323	19955	10	8930	6876	0.001454	0	119	8930	0	0	0	nan	0	0	0	0.006380	0.000843	0.006380	0.000843	0.140878	0.018614
75	C	1056	19934	16026	0.065893	0	323	19934	55	8929	7045	0.007807	0	119	8929	0	0	0	nan	0	0	0	0.058086	0.002285	0.058086	0.002285	1.282608	0.050456
76	C	768	19853	16618	0.046215	0	322	19853	9	8898	7775	0.001158	0	119	8898	0	0	0	nan	0	0	0	0.045057	0.001712	0.045057	0.001712	0.994912	0.037803
77	A	0	18616	0	nan	0	307	18616	0	8683	0	nan	0	118	8683	0	0	0	nan	0	0	0	nan	nan	nan	nan	nan	nan