0.000000
0.000000
0.850000
0.203566
0.144226
0.449905
0.850000
0.000000
0.000000
0.574693
0.013331
0.216396
0.182100
0.005925
0.000000
0.000000
0.010414
0.000000
0.499515
0.000000
0.074699
0.162365
0.850000
0.045462
0.282846
0.075588
0.158400
0.025773
0.045166
0.106079
0.467634
0.033248
0.000000
0.000000
0.850000
0.148829
0.249712
0.000000
0.000000
0.205184
0.000000
0.024224
0.133470
0.696358
0.020122
0.182966
0.000000
0.000000
0.077685
0.074107
0.152065
0.850000
0.850000
0.384481
0.784731
0.184538
0.055261
0.411302
0.065197
0.332296
0.024930
0.036484
0.191215
0.850000
0.024930
0.000000
0.835822
0.000000
0.850000
0.000000
0.000000
0.000000
0.000000
0.000000
0.000000
0.000000
0.058041
0.051364
0.000000
0.000000
0.000000
0.000000
0.000000
0.000000
0.000000
0.000000
0.000000
