0.000000
0.000000
0.069835
0.072847
0.071011
0.054463
0.850000
0.000000
0.850000
0.165712
0.000000
0.000000
0.037083
0.652982
0.181859
0.000000
0.821448
0.461458
0.556159
0.000000
0.063210
0.116039
0.215041
0.168982
0.037169
0.850000
0.143543
0.032150
0.214755
0.564104
0.152060
0.850000
0.032207
0.000000
0.008432
0.008145
0.000000
0.850000
0.000000
0.000000
0.027647
0.850000
0.000000
0.231848
0.038144
0.000000
0.000000
0.050935
0.161324
0.026959
0.020076
0.049215
0.446746
0.000000
0.034531
0.105915
0.000000
0.850000
0.000000
0.000000
0.000000
0.009665
0.000000
0.433639
0.114547
0.008489
0.037456
0.850000
0.176926
0.850000
0.850000
0.196916
0.850000
0.850000
0.533617
0.000000
