Nucleotide	Sequence	Modified_mutations	Modified_read_depth	Modified_effective_depth	Modified_rate	Modified_off_target_mapped_depth	Modified_low_mapq_mapped_depth	Modified_mapped_depth	Untreated_mutations	Untreated_read_depth	Untreated_effective_depth	Untreated_rate	Untreated_off_target_mapped_depth	Untreated_low_mapq_mapped_depth	Untreated_mapped_depth	Denatured_mutations	Denatured_read_depth	Denatured_effective_depth	Denatured_rate	Denatured_off_target_mapped_depth	Denatured_low_mapq_mapped_depth	Denatured_mapped_depth	Reactivity_profile	Std_err	HQ_profile	HQ_stderr	Norm_profile	Norm_stderr
1	G	0	5703	5453	0.000000	0	0	5703	0	4732	4525	0.000000	0	0	4732	0	0	0	nan	0	0	0	0.000000	0.000000	0.000000	0.000000	0.000000	0.000000
2	G	0	5881	5576	0.000000	0	0	5881	0	4812	4550	0.000000	0	0	4812	0	0	0	nan	0	0	0	0.000000	0.000000	0.000000	0.000000	0.000000	0.000000
3	U	79	6190	5873	0.013451	0	0	6190	53	4883	4579	0.011575	0	0	4883	0	0	0	nan	0	0	0	0.001877	0.002195	0.001877	0.002195	0.038381	0.044883
4	G	155	6224	5976	0.025937	0	0	6224	20	4899	4657	0.004295	0	0	4899	0	0	0	nan	0	0	0	0.021642	0.002294	0.021642	0.002294	0.442535	0.046908
5	A	70	6301	6010	0.011647	0	0	6301	14	4908	4633	0.003022	0	0	4908	0	0	0	nan	0	0	0	0.008625	0.001609	0.008625	0.001609	0.176364	0.032901
6	G	156	6341	6022	0.025905	0	0	6341	47	4915	4657	0.010092	0	0	4915	0	0	0	nan	0	0	0	0.015813	0.002543	0.015813	0.002543	0.323344	0.051999
7	G	135	6383	5968	0.022621	0	0	6383	26	4927	4599	0.005653	0	0	4927	0	0	0	nan	0	0	0	0.016967	0.002240	0.016967	0.002240	0.346941	0.045803
8	U	1969	6467	6037	0.326155	0	0	6467	947	4957	4625	0.204757	0	0	4957	0	0	0	nan	0	0	0	0.121399	0.009915	nan	nan	nan	nan
9	G	154	6708	6363	0.024202	0	0	6708	32	5053	4766	0.006714	0	0	5053	0	0	0	nan	0	0	0	0.017488	0.002283	0.017488	0.002283	0.357594	0.046683
10	U	122	6951	6658	0.018324	0	0	6951	92	5132	4907	0.018749	0	0	5132	0	0	0	nan	0	0	0	-0.000425	0.002564	-0.000425	0.002564	-0.008690	0.052429
11	C	60	7029	6731	0.008914	0	0	7029	36	5165	4922	0.007314	0	0	5165	0	0	0	nan	0	0	0	0.001600	0.001676	0.001600	0.001676	0.032717	0.034271
12	C	95	7303	7002	0.013568	0	0	7303	35	5333	5075	0.006897	0	0	5333	0	0	0	nan	0	0	0	0.006671	0.001816	0.006671	0.001816	0.136408	0.037134
13	G	150	7354	7047	0.021286	0	0	7354	34	5378	5126	0.006633	0	0	5378	0	0	0	nan	0	0	0	0.014653	0.002077	0.014653	0.002077	0.299624	0.042470
14	A	197	7411	7134	0.027614	0	0	7411	26	5395	5192	0.005008	0	0	5395	0	0	0	nan	0	0	0	0.022607	0.002199	0.022607	0.002199	0.462267	0.044965
15	G	315	7492	7211	0.043683	0	0	7492	58	5409	5182	0.011193	0	0	5409	0	0	0	nan	0	0	0	0.032491	0.002867	0.032491	0.002867	0.664375	0.058624
16	U	187	7729	7378	0.025346	0	0	7729	123	5478	5191	0.023695	0	0	5478	0	0	0	nan	0	0	0	0.001651	0.002828	0.001651	0.002828	0.033760	0.057827
17	G	247	7832	7479	0.033026	0	0	7832	102	5517	5244	0.019451	0	0	5517	0	0	0	nan	0	0	0	0.013575	0.002850	0.013575	0.002850	0.277581	0.058277
18	G	225	8078	7785	0.028902	0	0	8078	71	5569	5346	0.013281	0	0	5569	0	0	0	nan	0	0	0	0.015621	0.002489	0.015621	0.002489	0.319418	0.050895
19	C	323	8303	8056	0.040094	0	0	8303	43	5606	5443	0.007900	0	0	5606	0	0	0	nan	0	0	0	0.032194	0.002535	0.032194	0.002535	0.658302	0.051836
20	U	98	8882	8577	0.011426	0	0	8882	70	5666	5491	0.012748	0	0	5666	0	0	0	nan	0	0	0	-0.001322	0.001911	-0.001322	0.001911	-0.027032	0.039076
21	G	190	9045	8676	0.021899	0	0	9045	31	5703	5501	0.005635	0	0	5703	0	0	0	nan	0	0	0	0.016264	0.001884	0.016264	0.001884	0.332566	0.038524
22	A	165	9593	9199	0.017937	0	0	9593	14	5761	5536	0.002529	0	0	5761	0	0	0	nan	0	0	0	0.015408	0.001551	0.015408	0.001551	0.315062	0.031715
23	A	1253	9774	9340	0.134154	0	0	9774	31	5774	5523	0.005613	0	0	5774	0	0	0	nan	0	0	0	0.128541	0.003922	0.128541	0.003922	2.628402	0.080197
24	G	163	10915	10320	0.015795	0	0	10915	60	5790	5502	0.010905	0	0	5790	0	0	0	nan	0	0	0	0.004889	0.001874	0.004889	0.001874	0.099970	0.038319
25	G	251	11029	10310	0.024345	0	0	11029	19	5806	5479	0.003468	0	0	5806	0	0	0	nan	0	0	0	0.020878	0.001730	0.020878	0.001730	0.426913	0.035375
26	A	335	11129	10417	0.032159	0	0	11129	14	5818	5485	0.002552	0	0	5818	0	0	0	nan	0	0	0	0.029607	0.001885	0.029607	0.001885	0.605403	0.038544
27	G	298	11147	10477	0.028443	0	0	11147	52	5824	5482	0.009486	0	0	5824	0	0	0	nan	0	0	0	0.018958	0.002108	0.018958	0.002108	0.387652	0.043104
28	C	62	11175	10168	0.006098	0	0	11175	26	5832	5327	0.004881	0	0	5832	0	0	0	nan	0	0	0	0.001217	0.001231	0.001217	0.001231	0.024885	0.025171
29	A	93	11209	10324	0.009008	0	0	11209	19	5861	5421	0.003505	0	0	5861	0	0	0	nan	0	0	0	0.005503	0.001233	0.005503	0.001233	0.112525	0.025212
30	C	95	11215	10277	0.009244	0	0	11215	31	5863	5402	0.005739	0	0	5863	0	0	0	nan	0	0	0	0.003505	0.001401	0.003505	0.001401	0.071670	0.028648
31	G	562	11214	10695	0.052548	0	0	11214	72	5866	5604	0.012848	0	0	5866	0	0	0	nan	0	0	0	0.039700	0.002684	0.039700	0.002684	0.811784	0.054882
32	C	126	11216	10624	0.011860	0	0	11216	80	5875	5592	0.014306	0	0	5875	0	0	0	nan	0	0	0	-0.002446	0.001917	-0.002446	0.001917	-0.050016	0.039199
33	C	216	11219	10693	0.020200	0	0	11219	58	5885	5644	0.010276	0	0	5885	0	0	0	nan	0	0	0	0.009924	0.001926	0.009924	0.001926	0.202926	0.039383
34	U	161	11249	10581	0.015216	0	0	11249	61	5924	5617	0.010860	0	0	5924	0	0	0	nan	0	0	0	0.004356	0.001836	0.004356	0.001836	0.089071	0.037542
35	G	758	11268	10595	0.071543	0	0	11268	92	5933	5584	0.016476	0	0	5933	0	0	0	nan	0	0	0	0.055068	0.003115	0.055068	0.003115	1.126028	0.063695
36	G	322	11284	10685	0.030136	0	0	11284	41	5946	5643	0.007266	0	0	5946	0	0	0	nan	0	0	0	0.022870	0.002027	0.022870	0.002027	0.467645	0.041448
37	A	574	11300	10688	0.053705	0	0	11300	29	5963	5562	0.005214	0	0	5963	0	0	0	nan	0	0	0	0.048491	0.002442	0.048491	0.002442	0.991542	0.049934
38	A	794	11315	10871	0.073038	0	0	11315	16	5967	5674	0.002820	0	0	5967	0	0	0	nan	0	0	0	0.070218	0.002686	0.070218	0.002686	1.435815	0.054923
39	A	745	11354	10828	0.068803	0	0	11354	46	5972	5626	0.008176	0	0	5972	0	0	0	nan	0	0	0	0.060627	0.002794	0.060627	0.002794	1.239699	0.057132
40	G	558	11367	10851	0.051424	0	0	11367	71	5977	5695	0.012467	0	0	5977	0	0	0	nan	0	0	0	0.038957	0.002632	0.038957	0.002632	0.796591	0.053819
41	U	142	11377	10796	0.013153	0	0	11377	83	5984	5648	0.014695	0	0	5984	0	0	0	nan	0	0	0	-0.001542	0.001955	-0.001542	0.001955	-0.031531	0.039976
42	G	637	11383	10757	0.059217	0	0	11383	65	5990	5641	0.011523	0	0	5990	0	0	0	nan	0	0	0	0.047694	0.002747	0.047694	0.002747	0.975245	0.056171
43	U	150	11400	10729	0.013981	0	0	11400	75	6007	5705	0.013146	0	1	6007	0	0	0	nan	0	0	0	0.000834	0.001899	0.000834	0.001899	0.017054	0.038831
44	G	658	11409	10845	0.060673	0	0	11409	74	6015	5766	0.012834	0	1	6015	0	0	0	nan	0	0	0	0.047839	0.002796	0.047839	0.002796	0.978210	0.057173
45	U	76	11440	10970	0.006928	0	0	11440	34	6029	5834	0.005828	0	1	6029	0	0	0	nan	0	0	0	0.001100	0.001277	0.001100	0.001277	0.022493	0.026112
46	A	86	11444	11002	0.007817	0	0	11444	21	6031	5826	0.003605	0	1	6031	0	0	0	nan	0	0	0	0.004212	0.001153	0.004212	0.001153	0.086127	0.023577
47	U	64	11453	11086	0.005773	0	0	11453	29	6034	5861	0.004948	0	1	6034	0	0	0	nan	0	0	0	0.000825	0.001168	0.000825	0.001168	0.016870	0.023883
48	A	109	11461	11044	0.009870	0	0	11461	28	6039	5850	0.004786	0	1	6039	0	0	0	nan	0	0	0	0.005083	0.001308	0.005083	0.001308	0.103937	0.026746
49	C	159	11461	10945	0.014527	0	0	11461	61	6040	5790	0.010535	0	1	6040	0	0	0	nan	0	0	0	0.003992	0.001774	0.003992	0.001774	0.081628	0.036275
50	G	386	11460	10699	0.036078	0	0	11460	53	6040	5669	0.009349	0	1	6040	0	0	0	nan	0	0	0	0.026729	0.002241	0.026729	0.002241	0.546554	0.045824
51	G	294	11458	10673	0.027546	0	0	11458	52	6040	5655	0.009195	0	1	6040	0	0	0	nan	0	0	0	0.018351	0.002051	0.018351	0.002051	0.375241	0.041939
52	C	931	11458	10863	0.085704	0	0	11458	50	6039	5744	0.008705	0	1	6039	0	0	0	nan	0	0	0	0.076999	0.003067	0.076999	0.003067	1.574473	0.062714
53	A	541	11459	10980	0.049271	0	0	11459	6	6038	5803	0.001034	0	1	6038	0	0	0	nan	0	0	0	0.048237	0.002160	0.048237	0.002160	0.986348	0.044168
54	A	409	11465	10966	0.037297	0	0	11465	23	6038	5776	0.003982	0	1	6038	0	0	0	nan	0	0	0	0.033315	0.002023	0.033315	0.002023	0.681224	0.041366
55	C	105	11464	10831	0.009694	0	0	11464	38	6033	5686	0.006683	0	1	6033	0	0	0	nan	0	0	0	0.003011	0.001439	0.003011	0.001439	0.061569	0.029425
56	G	963	11458	10715	0.089874	0	0	11458	49	6030	5582	0.008778	0	1	6030	0	0	0	nan	0	0	0	0.081096	0.003156	0.081096	0.003156	1.658248	0.064534
57	U	68	11461	10747	0.006327	0	0	11461	50	6032	5612	0.008909	0	1	6032	0	0	0	nan	0	0	0	-0.002582	0.001475	-0.002582	0.001475	-0.052797	0.030161
58	A	102	11461	10654	0.009574	0	0	11461	31	6029	5568	0.005568	0	1	6029	0	0	0	nan	0	0	0	0.004006	0.001378	0.004006	0.001378	0.081915	0.028177
59	U	153	11437	10006	0.015291	0	0	11437	73	6015	5042	0.014478	0	1	6015	0	0	0	nan	0	0	0	0.000812	0.002098	0.000812	0.002098	0.016604	0.042900
60	C	194	11422	9836	0.019723	0	0	11422	65	6012	4937	0.013166	0	1	6012	0	0	0	nan	0	0	0	0.006558	0.002161	0.006558	0.002161	0.134098	0.044188
61	G	279	11416	9709	0.028736	0	0	11416	52	6010	4893	0.010627	0	1	6010	0	0	0	nan	0	0	0	0.018109	0.002265	0.018109	0.002265	0.370292	0.046315
62	G	192	11397	10229	0.018770	0	0	11397	79	6006	5354	0.014755	0	1	6006	0	0	0	nan	0	0	0	0.004015	0.002143	0.004015	0.002143	0.082099	0.043820
63	G	191	11388	10219	0.018691	0	0	11388	76	6002	5337	0.014240	0	1	6002	0	0	0	nan	0	0	0	0.004450	0.002121	0.004450	0.002121	0.090993	0.043370
64	G	206	11384	10177	0.020242	0	0	11384	65	5997	5332	0.012191	0	1	5997	0	0	0	nan	0	0	0	0.008051	0.002068	0.008051	0.002068	0.164627	0.042286
65	G	419	11374	10274	0.040783	0	0	11374	35	5989	5372	0.006515	0	1	5989	0	0	0	nan	0	0	0	0.034267	0.002276	0.034267	0.002276	0.700690	0.046540
66	U	194	11360	10394	0.018665	0	0	11360	152	5982	5454	0.027869	0	1	5982	0	0	0	nan	0	0	0	-0.009205	0.002628	-0.009205	0.002628	-0.188224	0.053737
67	U	167	11337	10413	0.016038	0	0	11337	93	5969	5477	0.016980	0	1	5969	0	0	0	nan	0	0	0	-0.000942	0.002154	-0.000942	0.002154	-0.019262	0.044045
68	C	214	11235	10285	0.020807	0	0	11235	76	5911	5372	0.014147	0	1	5911	0	0	0	nan	0	0	0	0.006660	0.002158	0.006660	0.002158	0.136183	0.044127
69	G	45	11012	8965	0.005020	0	0	11012	32	5742	4849	0.006599	0	1	5742	0	0	0	nan	0	0	0	-0.001580	0.001386	-0.001580	0.001386	-0.032308	0.028341
70	A	3668	9994	5113	0.717387	0	0	9994	21	5380	1880	0.011170	0	1	5380	0	0	0	nan	0	0	0	0.706217	0.012093	0.706217	0.012093	14.440700	0.247277
71	A	129	9687	4302	0.029986	0	0	9687	63	4918	1658	0.037998	0	1	4918	0	0	0	nan	0	0	0	-0.008012	0.005467	-0.008012	0.005467	-0.163829	0.111789
72	U	13	9569	3343	0.003889	0	0	9569	11	4869	1414	0.007779	0	1	4869	0	0	0	nan	0	0	0	-0.003891	0.002582	-0.003891	0.002582	-0.079563	0.052797
73	C	95	9399	3282	0.028946	0	0	9399	56	4735	1627	0.034419	0	1	4735	0	0	0	nan	0	0	0	-0.005473	0.005475	-0.005473	0.005475	-0.111912	0.111953
74	C	61	9291	3220	0.018944	0	0	9291	33	4650	1456	0.022665	0	1	4650	0	0	0	nan	0	0	0	-0.003721	0.004631	-0.003721	0.004631	-0.076087	0.094695
75	C	63	9259	3649	0.017265	0	0	9259	34	4630	1497	0.022712	0	1	4630	0	0	0	nan	0	0	0	-0.005447	0.004461	-0.005447	0.004461	-0.111380	0.091218
76	C	184	9202	4873	0.037759	0	0	9202	95	4593	2054	0.046251	0	1	4593	0	0	0	nan	0	0	0	-0.008492	0.005501	-0.008492	0.005501	-0.173644	0.112484
77	C	157	9143	5193	0.030233	0	0	9143	244	4560	2046	0.119257	0	0	4560	0	0	0	nan	0	0	0	-0.089024	0.008007	nan	nan	nan	nan
78	C	24	9001	5388	0.004454	0	0	9001	13	4515	2218	0.005861	0	0	4515	0	0	0	nan	0	0	0	-0.001407	0.001863	-0.001407	0.001863	-0.028770	0.038095
79	C	28	8866	4491	0.006235	0	0	8866	7	4473	2009	0.003484	0	0	4473	0	0	0	nan	0	0	0	0.002750	0.001767	0.002750	0.001767	0.056232	0.036132
80	U	24	8731	5060	0.004743	0	0	8731	21	4441	2583	0.008130	0	0	4441	0	0	0	nan	0	0	0	-0.003387	0.002021	-0.003387	0.002021	-0.069257	0.041325
81	C	10	8691	992	0.010081	0	0	8691	1	4436	561	0.001783	0	0	4436	0	0	0	nan	0	0	0	0.008298	0.003652	0.008298	0.003652	0.169677	0.074676
82	A	86	8559	1088	0.079044	0	0	8559	47	4417	615	0.076423	0	0	4417	0	0	0	nan	0	0	0	0.002621	0.014033	nan	nan	nan	nan
83	C	33	8554	984	0.033537	0	0	8554	7	4416	546	0.012821	0	0	4416	0	0	0	nan	0	0	0	0.020716	0.007587	0.020716	0.007587	0.423600	0.155139
84	C	502	8512	6056	0.082893	0	0	8512	148	4394	3430	0.043149	0	0	4394	0	0	0	nan	0	0	0	0.039744	0.005125	0.039744	0.005125	0.812684	0.104796
85	G	64	8441	4802	0.013328	0	0	8441	12	4368	2836	0.004231	0	0	4368	0	0	0	nan	0	0	0	0.009096	0.002066	0.009096	0.002066	0.185995	0.042245
86	C	106	8396	3674	0.028851	0	0	8396	16	4354	2154	0.007428	0	0	4354	0	0	0	nan	0	0	0	0.021423	0.003362	0.021423	0.003362	0.438057	0.068746
87	C	64	8373	1470	0.043537	0	0	8373	0	4344	874	0.000000	0	0	4344	0	0	0	nan	0	0	0	0.043537	0.005442	0.043537	0.005442	0.890243	0.111278
88	A	0	7909	0	nan	0	0	7909	0	4214	0	nan	0	0	4214	0	0	0	nan	0	0	0	nan	nan	nan	nan	nan	nan