Nucleotide	Sequence	Modified_mutations	Modified_read_depth	Modified_effective_depth	Modified_rate	Modified_off_target_mapped_depth	Modified_low_mapq_mapped_depth	Modified_mapped_depth	Untreated_mutations	Untreated_read_depth	Untreated_effective_depth	Untreated_rate	Untreated_off_target_mapped_depth	Untreated_low_mapq_mapped_depth	Untreated_mapped_depth	Denatured_mutations	Denatured_read_depth	Denatured_effective_depth	Denatured_rate	Denatured_off_target_mapped_depth	Denatured_low_mapq_mapped_depth	Denatured_mapped_depth	Reactivity_profile	Std_err	HQ_profile	HQ_stderr	Norm_profile	Norm_stderr
1	G	0	4386	4280	0.000000	0	10	4386	0	8006	7817	0.000000	0	19	8006	0	0	0	nan	0	0	0	0.000000	0.000000	0.000000	0.000000	0.000000	0.000000
2	C	0	4685	4529	0.000000	0	10	4685	0	8167	7879	0.000000	0	20	8167	0	0	0	nan	0	0	0	0.000000	0.000000	0.000000	0.000000	0.000000	0.000000
3	U	34	4782	4572	0.007437	0	11	4782	38	8285	7895	0.004813	0	20	8285	0	0	0	nan	0	0	0	0.002623	0.001495	0.002623	0.001495	0.091450	0.052123
4	G	71	4821	4613	0.015391	0	11	4821	10	8349	7960	0.001256	0	21	8349	0	0	0	nan	0	0	0	0.014135	0.001869	0.014135	0.001869	0.492813	0.065162
5	A	44	4958	4725	0.009312	0	13	4958	34	8437	8029	0.004235	0	21	8437	0	0	0	nan	0	0	0	0.005078	0.001581	0.005078	0.001581	0.177043	0.055121
6	U	22	5107	4974	0.004423	0	15	5107	45	8552	8330	0.005402	0	21	8552	0	0	0	nan	0	0	0	-0.000979	0.001240	-0.000979	0.001240	-0.034133	0.043232
7	A	31	5266	5076	0.006107	0	15	5266	29	8722	8437	0.003437	0	21	8722	0	0	0	nan	0	0	0	0.002670	0.001269	0.002670	0.001269	0.093089	0.044243
8	U	58	5603	5452	0.010638	0	17	5603	97	8996	8782	0.011045	0	21	8996	0	0	0	nan	0	0	0	-0.000407	0.001791	-0.000407	0.001791	-0.014190	0.062443
9	A	306	5707	5512	0.055515	0	17	5707	49	9114	8806	0.005564	0	22	9114	0	0	0	nan	0	0	0	0.049951	0.003272	0.049951	0.003272	1.741528	0.114077
10	G	126	6161	5951	0.021173	0	19	6161	142	9135	8834	0.016074	0	22	9135	0	0	0	nan	0	0	0	0.005099	0.002319	0.005099	0.002319	0.177775	0.080851
11	C	44	6211	5984	0.007353	0	19	6211	60	9185	8846	0.006783	0	22	9185	0	0	0	nan	0	0	0	0.000570	0.001413	0.000570	0.001413	0.019873	0.049264
12	U	74	6391	6154	0.012025	0	21	6391	113	9420	9034	0.012508	0	23	9420	0	0	0	nan	0	0	0	-0.000484	0.001827	-0.000484	0.001827	-0.016875	0.063698
13	C	24	6483	6294	0.003813	0	22	6483	26	9520	9186	0.002830	0	24	9520	0	0	0	nan	0	0	0	0.000983	0.000956	0.000983	0.000956	0.034272	0.033331
14	A	85	6578	6332	0.013424	0	23	6578	4	9722	9311	0.000430	0	28	9722	0	0	0	nan	0	0	0	0.012994	0.001472	0.012994	0.001472	0.453032	0.051321
15	G	31	6709	6374	0.004864	0	23	6709	45	9740	9257	0.004861	0	28	9740	0	0	0	nan	0	0	0	0.000002	0.001135	0.000002	0.001135	0.000070	0.039571
16	U	151	7311	6883	0.021938	0	30	7311	338	10578	9953	0.033960	0	32	10578	0	0	0	nan	0	0	0	-0.012022	0.002569	-0.012022	0.002569	-0.419144	0.089567
17	U	11	7538	7104	0.001548	0	30	7538	6	10928	10263	0.000585	0	33	10928	0	0	0	nan	0	0	0	0.000964	0.000524	0.000964	0.000524	0.033610	0.018269
18	G	62	7599	7210	0.008599	0	30	7599	100	11049	10436	0.009582	0	35	11049	0	0	0	nan	0	0	0	-0.000983	0.001453	-0.000983	0.001453	-0.034272	0.050658
19	G	123	7727	7375	0.016678	0	30	7727	122	11141	10556	0.011557	0	35	11141	0	0	0	nan	0	0	0	0.005121	0.001832	0.005121	0.001832	0.178542	0.063872
20	U	98	7814	7521	0.013030	0	30	7814	149	11198	10728	0.013889	0	35	11198	0	0	0	nan	0	0	0	-0.000859	0.001740	-0.000859	0.001740	-0.029949	0.060665
21	A	26	7829	7589	0.003426	0	30	7829	27	11231	10825	0.002494	0	35	11231	0	0	0	nan	0	0	0	0.000932	0.000826	0.000932	0.000826	0.032494	0.028798
22	G	34	7851	7420	0.004582	0	30	7851	46	11257	10607	0.004337	0	35	11257	0	0	0	nan	0	0	0	0.000245	0.001013	0.000245	0.001013	0.008542	0.035318
23	A	69	7854	7365	0.009369	0	30	7854	45	11264	10502	0.004285	0	35	11264	0	0	0	nan	0	0	0	0.005084	0.001296	0.005084	0.001296	0.177252	0.045185
24	G	314	7856	7342	0.042768	0	30	7856	106	11265	10478	0.010116	0	35	11265	0	0	0	nan	0	0	0	0.032651	0.002606	0.032651	0.002606	1.138368	0.090857
25	C	71	7858	7467	0.009509	0	30	7858	70	11266	10634	0.006583	0	35	11266	0	0	0	nan	0	0	0	0.002926	0.001376	0.002926	0.001376	0.102014	0.047974
26	G	188	7857	7494	0.025087	0	30	7857	179	11268	10704	0.016723	0	35	11268	0	0	0	nan	0	0	0	0.008364	0.002216	0.008364	0.002216	0.291609	0.077260
27	C	34	7857	7510	0.004527	0	30	7857	17	11271	10737	0.001583	0	35	11271	0	0	0	nan	0	0	0	0.002944	0.000866	0.002944	0.000866	0.102642	0.030193
28	A	46	7853	7567	0.006079	0	30	7853	37	11284	10904	0.003393	0	35	11284	0	0	0	nan	0	0	0	0.002686	0.001056	0.002686	0.001056	0.093647	0.036817
29	C	59	7851	7272	0.008113	0	30	7851	59	11282	10412	0.005667	0	35	11282	0	0	0	nan	0	0	0	0.002447	0.001288	0.002447	0.001288	0.085314	0.044906
30	C	38	7850	7234	0.005253	0	30	7850	39	11275	10319	0.003779	0	35	11275	0	0	0	nan	0	0	0	0.001474	0.001045	0.001474	0.001045	0.051391	0.036434
31	C	75	7851	7139	0.010506	0	30	7851	59	11267	10170	0.005801	0	35	11267	0	0	0	nan	0	0	0	0.004704	0.001429	0.004704	0.001429	0.164004	0.049822
32	U	116	7857	7350	0.015782	0	30	7857	128	11274	10516	0.012172	0	34	11274	0	0	0	nan	0	0	0	0.003610	0.001818	0.003610	0.001818	0.125862	0.063384
33	U	97	7862	7302	0.013284	0	30	7862	117	11275	10465	0.011180	0	34	11275	0	0	0	nan	0	0	0	0.002104	0.001699	0.002104	0.001699	0.073355	0.059235
34	G	256	7866	7334	0.034906	0	30	7866	117	11281	10474	0.011171	0	33	11281	0	0	0	nan	0	0	0	0.023735	0.002414	0.023735	0.002414	0.827514	0.084163
35	G	551	7868	7315	0.075325	0	30	7868	524	11287	10535	0.049739	0	33	11287	0	0	0	nan	0	0	0	0.025586	0.003875	0.025586	0.003875	0.892049	0.135101
36	U	36	8417	7912	0.004550	0	30	8417	22	11731	11057	0.001990	0	33	11731	0	0	0	nan	0	0	0	0.002560	0.000869	0.002560	0.000869	0.089254	0.030297
37	A	669	8455	8073	0.082869	0	30	8455	1122	11771	11296	0.099327	0	33	11771	0	0	0	nan	0	0	0	-0.016458	0.004366	nan	nan	nan	nan
38	A	19	8669	8355	0.002274	0	29	8669	15	11952	11471	0.001308	0	32	11952	0	0	0	nan	0	0	0	0.000966	0.000621	0.000966	0.000621	0.033679	0.021651
39	G	61	8671	8221	0.007420	0	28	8671	38	11948	11281	0.003368	0	31	11948	0	0	0	nan	0	0	0	0.004052	0.001096	0.004052	0.001096	0.141272	0.038212
40	G	87	8672	8114	0.010722	0	28	8672	48	11948	11124	0.004315	0	31	11948	0	0	0	nan	0	0	0	0.006407	0.001307	0.006407	0.001307	0.223378	0.045568
41	G	294	8671	8084	0.036368	0	28	8671	85	11946	11108	0.007652	0	29	11946	0	0	0	nan	0	0	0	0.028716	0.002278	0.028716	0.002278	1.001175	0.079422
42	U	150	8671	8148	0.018409	0	24	8671	171	11942	11218	0.015243	0	29	11942	0	0	0	nan	0	0	0	0.003166	0.001902	0.003166	0.001902	0.110382	0.066313
43	G	199	8668	8287	0.024014	0	22	8668	64	11935	11415	0.005607	0	29	11935	0	0	0	nan	0	0	0	0.018407	0.001841	0.018407	0.001841	0.641755	0.064186
44	A	92	8670	8338	0.011034	0	22	8670	103	11934	11452	0.008994	0	29	11934	0	0	0	nan	0	0	0	0.002040	0.001452	0.002040	0.001452	0.071124	0.050624
45	G	103	8670	8222	0.012527	0	21	8670	71	11930	11394	0.006231	0	28	11930	0	0	0	nan	0	0	0	0.006296	0.001439	0.006296	0.001439	0.219508	0.050170
46	G	1811	8668	7838	0.231054	0	20	8668	2680	11925	10868	0.246596	0	27	11925	0	0	0	nan	0	0	0	-0.015542	0.007223	nan	nan	nan	nan
47	U	117	8686	7885	0.014838	0	20	8686	152	11941	10969	0.013857	0	26	11941	0	0	0	nan	0	0	0	0.000981	0.001773	0.000981	0.001773	0.034202	0.061815
48	C	80	8687	7808	0.010246	0	20	8687	73	11943	10828	0.006742	0	26	11943	0	0	0	nan	0	0	0	0.003504	0.001391	0.003504	0.001391	0.122166	0.048497
49	G	169	8693	8106	0.020849	0	18	8693	83	11944	11049	0.007512	0	24	11944	0	0	0	nan	0	0	0	0.013337	0.001803	0.013337	0.001803	0.464991	0.062861
50	G	120	8693	8049	0.014909	0	18	8693	92	11947	11006	0.008359	0	24	11947	0	0	0	nan	0	0	0	0.006550	0.001616	0.006550	0.001616	0.228364	0.056341
51	C	66	8692	8175	0.008073	0	18	8692	64	11943	11175	0.005727	0	24	11943	0	0	0	nan	0	0	0	0.002346	0.001225	0.002346	0.001225	0.081793	0.042709
52	A	62	8693	8344	0.007430	0	18	8693	42	11943	11436	0.003673	0	24	11943	0	0	0	nan	0	0	0	0.003758	0.001101	0.003758	0.001101	0.131022	0.038386
53	G	210	8692	8295	0.025316	0	18	8692	116	11934	11349	0.010221	0	24	11934	0	0	0	nan	0	0	0	0.015095	0.001988	0.015095	0.001988	0.526283	0.069311
54	U	165	8689	8265	0.019964	0	18	8689	242	11931	11314	0.021389	0	24	11931	0	0	0	nan	0	0	0	-0.001426	0.002075	-0.001426	0.002075	-0.049717	0.072344
55	U	214	8688	8170	0.026193	0	18	8688	294	11932	11202	0.026245	0	24	11932	0	0	0	nan	0	0	0	-0.000052	0.002356	-0.000052	0.002356	-0.001813	0.082141
56	C	104	8687	8153	0.012756	0	18	8687	128	11930	11190	0.011439	0	24	11930	0	0	0	nan	0	0	0	0.001317	0.001608	0.001317	0.001608	0.045917	0.056062
57	G	33	8685	8081	0.004084	0	18	8685	52	11930	11219	0.004635	0	24	11930	0	0	0	nan	0	0	0	-0.000551	0.000958	-0.000551	0.000958	-0.019210	0.033400
58	A	4152	8683	8035	0.516739	0	18	8683	37	11930	11203	0.003303	0	24	11930	0	0	0	nan	0	0	0	0.513437	0.008038	0.513437	0.008038	17.900840	0.280243
59	A	94	8681	8069	0.011650	0	18	8681	103	11926	11194	0.009201	0	24	11926	0	0	0	nan	0	0	0	0.002448	0.001505	0.002448	0.001505	0.085349	0.052471
60	U	89	8678	8054	0.011050	0	18	8678	147	11922	10977	0.013392	0	24	11922	0	0	0	nan	0	0	0	-0.002341	0.001610	-0.002341	0.001610	-0.081618	0.056132
61	C	30	8667	7471	0.004016	0	18	8667	51	11915	9689	0.005264	0	24	11915	0	0	0	nan	0	0	0	-0.001248	0.001040	-0.001248	0.001040	-0.043511	0.036259
62	U	28	8661	7410	0.003779	0	18	8661	51	11899	9563	0.005333	0	23	11899	0	0	0	nan	0	0	0	-0.001554	0.001033	-0.001554	0.001033	-0.054180	0.036015
63	G	120	8658	7287	0.016468	0	18	8658	112	11899	9519	0.011766	0	23	11899	0	0	0	nan	0	0	0	0.004702	0.001870	0.004702	0.001870	0.163934	0.065197
64	C	43	8652	7724	0.005567	0	18	8652	71	11898	10555	0.006727	0	23	11898	0	0	0	nan	0	0	0	-0.001160	0.001165	-0.001160	0.001165	-0.040443	0.040617
65	C	63	8651	7795	0.008082	0	18	8651	55	11894	10711	0.005135	0	23	11894	0	0	0	nan	0	0	0	0.002947	0.001231	0.002947	0.001231	0.102746	0.042918
66	U	42	8650	8020	0.005237	0	18	8650	42	11892	10983	0.003824	0	23	11892	0	0	0	nan	0	0	0	0.001413	0.001001	0.001413	0.001001	0.049264	0.034900
67	A	22	8648	8222	0.002676	0	18	8648	30	11892	11311	0.002652	0	23	11892	0	0	0	nan	0	0	0	0.000023	0.000748	0.000023	0.000748	0.000802	0.026079
68	U	95	8645	8236	0.011535	0	18	8645	118	11884	11342	0.010404	0	22	11884	0	0	0	nan	0	0	0	0.001131	0.001522	0.001131	0.001522	0.039432	0.053064
69	C	41	8642	8165	0.005021	0	18	8642	21	11880	11269	0.001864	0	22	11880	0	0	0	nan	0	0	0	0.003158	0.000883	0.003158	0.000883	0.110103	0.030786
70	A	63	8642	8103	0.007775	0	18	8642	20	11877	11161	0.001792	0	22	11877	0	0	0	nan	0	0	0	0.005983	0.001058	0.005983	0.001058	0.208596	0.036887
71	G	354	8633	8043	0.044013	0	18	8633	105	11870	11069	0.009486	0	22	11870	0	0	0	nan	0	0	0	0.034527	0.002516	0.034527	0.002516	1.203774	0.087720
72	C	69	8632	7609	0.009068	0	18	8632	93	11867	10625	0.008753	0	22	11867	0	0	0	nan	0	0	0	0.000315	0.001420	0.000315	0.001420	0.010982	0.049508
73	A	332	8619	7646	0.043421	0	18	8619	67	11859	10690	0.006268	0	22	11859	0	0	0	nan	0	0	0	0.037154	0.002503	0.037154	0.002503	1.295364	0.087266
74	C	326	8603	7557	0.043139	0	18	8603	38	11843	10587	0.003589	0	22	11843	0	0	0	nan	0	0	0	0.039550	0.002459	0.039550	0.002459	1.378900	0.085732
75	C	296	8590	7542	0.039247	0	18	8590	15	11832	10806	0.001388	0	22	11832	0	0	0	nan	0	0	0	0.037859	0.002309	0.037859	0.002309	1.319944	0.080503
76	A	0	8279	0	nan	0	17	8279	0	11706	0	nan	0	20	11706	0	0	0	nan	0	0	0	nan	nan	nan	nan	nan	nan