Nucleotide	Sequence	Modified_mutations	Modified_read_depth	Modified_effective_depth	Modified_rate	Modified_off_target_mapped_depth	Modified_low_mapq_mapped_depth	Modified_mapped_depth	Untreated_mutations	Untreated_read_depth	Untreated_effective_depth	Untreated_rate	Untreated_off_target_mapped_depth	Untreated_low_mapq_mapped_depth	Untreated_mapped_depth	Denatured_mutations	Denatured_read_depth	Denatured_effective_depth	Denatured_rate	Denatured_off_target_mapped_depth	Denatured_low_mapq_mapped_depth	Denatured_mapped_depth	Reactivity_profile	Std_err	HQ_profile	HQ_stderr
1	G	0	7	7	0.000000	0	0	7	0	22	20	0.000000	0	0	22	0	0	0	nan	0	0	0	0.000000	0.000000	nan	nan
2	G	0	9	9	0.000000	0	0	9	0	22	19	0.000000	0	0	22	0	0	0	nan	0	0	0	0.000000	0.000000	nan	nan
3	C	0	10	10	0.000000	0	0	10	1	22	19	0.052632	0	0	22	0	0	0	nan	0	0	0	-0.052632	0.052632	nan	nan
4	C	0	10	10	0.000000	0	0	10	0	22	21	0.000000	0	0	22	0	0	0	nan	0	0	0	0.000000	0.000000	nan	nan
5	C	0	10	10	0.000000	0	0	10	0	22	20	0.000000	0	0	22	0	0	0	nan	0	0	0	0.000000	0.000000	nan	nan
6	C	1	10	10	0.100000	0	0	10	0	22	18	0.000000	0	0	22	0	0	0	nan	0	0	0	0.100000	0.100000	nan	nan
7	U	0	11	11	0.000000	0	0	11	1	22	18	0.055556	0	0	22	0	0	0	nan	0	0	0	-0.055556	0.055556	nan	nan
8	U	0	11	11	0.000000	0	0	11	0	23	19	0.000000	0	0	23	0	0	0	nan	0	0	0	0.000000	0.000000	nan	nan
9	A	1	11	11	0.090909	0	0	11	0	27	22	0.000000	0	0	27	0	0	0	nan	0	0	0	0.090909	0.090909	nan	nan
10	G	1	11	11	0.090909	0	0	11	0	27	24	0.000000	0	0	27	0	0	0	nan	0	0	0	0.090909	0.090909	nan	nan
11	C	0	11	11	0.000000	0	0	11	1	27	24	0.041667	0	0	27	0	0	0	nan	0	0	0	-0.041667	0.041667	nan	nan
12	U	0	11	11	0.000000	0	0	11	0	30	29	0.000000	0	0	30	0	0	0	nan	0	0	0	0.000000	0.000000	nan	nan
13	C	0	11	11	0.000000	0	0	11	0	31	30	0.000000	0	0	31	0	0	0	nan	0	0	0	0.000000	0.000000	nan	nan
14	A	0	11	11	0.000000	0	0	11	0	31	28	0.000000	0	0	31	0	0	0	nan	0	0	0	0.000000	0.000000	nan	nan
15	G	0	11	11	0.000000	0	0	11	1	31	28	0.035714	0	0	31	0	0	0	nan	0	0	0	-0.035714	0.035714	nan	nan
16	U	0	11	11	0.000000	0	0	11	0	31	27	0.000000	0	0	31	0	0	0	nan	0	0	0	0.000000	0.000000	nan	nan
17	G	0	11	11	0.000000	0	0	11	0	31	30	0.000000	0	0	31	0	0	0	nan	0	0	0	0.000000	0.000000	nan	nan
18	G	3	11	11	0.272727	0	0	11	1	31	30	0.033333	0	0	31	0	0	0	nan	0	0	0	0.239394	0.160949	nan	nan
19	U	0	11	11	0.000000	0	0	11	0	32	29	0.000000	0	0	32	0	0	0	nan	0	0	0	0.000000	0.000000	nan	nan
20	U	0	11	11	0.000000	0	0	11	0	34	30	0.000000	0	0	34	0	0	0	nan	0	0	0	0.000000	0.000000	nan	nan
21	A	0	11	11	0.000000	0	0	11	0	34	30	0.000000	0	0	34	0	0	0	nan	0	0	0	0.000000	0.000000	nan	nan
22	G	0	11	11	0.000000	0	0	11	1	34	32	0.031250	0	0	34	0	0	0	nan	0	0	0	-0.031250	0.031250	nan	nan
23	A	0	11	11	0.000000	0	0	11	0	34	32	0.000000	0	0	34	0	0	0	nan	0	0	0	0.000000	0.000000	nan	nan
24	G	0	11	11	0.000000	0	0	11	0	34	33	0.000000	0	0	34	0	0	0	nan	0	0	0	0.000000	0.000000	nan	nan
25	C	0	11	11	0.000000	0	0	11	1	34	33	0.030303	0	0	34	0	0	0	nan	0	0	0	-0.030303	0.030303	nan	nan
26	A	1	11	11	0.090909	0	0	11	0	34	32	0.000000	0	0	34	0	0	0	nan	0	0	0	0.090909	0.090909	nan	nan
27	G	0	11	11	0.000000	0	0	11	1	34	31	0.032258	0	0	34	0	0	0	nan	0	0	0	-0.032258	0.032258	nan	nan
28	G	1	11	11	0.090909	0	0	11	0	34	30	0.000000	0	0	34	0	0	0	nan	0	0	0	0.090909	0.090909	nan	nan
29	C	0	11	11	0.000000	0	0	11	0	34	32	0.000000	0	0	34	0	0	0	nan	0	0	0	0.000000	0.000000	nan	nan
30	G	2	11	10	0.200000	0	0	11	0	34	31	0.000000	0	0	34	0	0	0	nan	0	0	0	0.200000	0.141421	nan	nan
31	A	0	11	10	0.000000	0	0	11	0	34	32	0.000000	0	0	34	0	0	0	nan	0	0	0	0.000000	0.000000	nan	nan
32	C	0	11	10	0.000000	0	0	11	1	34	32	0.031250	0	0	34	0	0	0	nan	0	0	0	-0.031250	0.031250	nan	nan
33	U	0	12	12	0.000000	0	0	12	0	35	32	0.000000	0	0	35	0	0	0	nan	0	0	0	0.000000	0.000000	nan	nan
34	C	3	15	15	0.200000	0	0	15	10	37	34	0.294118	0	0	37	0	0	0	nan	0	0	0	-0.094118	0.148270	nan	nan
35	A	0	113	110	0.000000	0	0	113	0	138	133	0.000000	0	1	138	0	0	0	nan	0	0	0	0.000000	0.000000	nan	nan
36	U	0	114	111	0.000000	0	0	114	0	142	137	0.000000	0	1	142	0	0	0	nan	0	0	0	0.000000	0.000000	nan	nan
37	A	4	118	116	0.034483	0	0	118	3	145	139	0.021583	0	1	145	0	0	0	nan	0	0	0	0.012900	0.021273	nan	nan
38	A	1	121	119	0.008403	0	0	121	1	146	143	0.006993	0	1	146	0	0	0	nan	0	0	0	0.001410	0.010932	nan	nan
39	U	2	124	119	0.016807	0	0	124	3	147	143	0.020979	0	1	147	0	0	0	nan	0	0	0	-0.004172	0.016969	nan	nan
40	C	0	124	117	0.000000	0	0	124	1	147	139	0.007194	0	1	147	0	0	0	nan	0	0	0	-0.007194	0.007194	nan	nan
41	G	1	124	117	0.008547	0	0	124	0	147	138	0.000000	0	1	147	0	0	0	nan	0	0	0	0.008547	0.008547	nan	nan
42	C	2	124	111	0.018018	0	0	124	2	147	133	0.015038	0	1	147	0	0	0	nan	0	0	0	0.002980	0.016595	nan	nan
43	U	3	124	113	0.026549	0	0	124	2	147	133	0.015038	0	1	147	0	0	0	nan	0	0	0	0.011511	0.018655	nan	nan
44	U	2	125	113	0.017699	0	0	125	2	147	131	0.015267	0	1	147	0	0	0	nan	0	0	0	0.002432	0.016528	nan	nan
45	G	5	125	116	0.043103	0	0	125	0	147	136	0.000000	0	1	147	0	0	0	nan	0	0	0	0.043103	0.019276	nan	nan
46	G	8	125	117	0.068376	0	0	125	4	149	138	0.028986	0	1	149	0	0	0	nan	0	0	0	0.039391	0.028186	nan	nan
47	U	20	164	155	0.129032	0	0	164	26	186	177	0.146893	0	1	186	0	0	0	nan	0	0	0	-0.017860	0.040772	nan	nan
48	C	2	171	161	0.012422	0	0	171	0	193	186	0.000000	0	1	193	0	0	0	nan	0	0	0	0.012422	0.008784	nan	nan
49	G	2	171	159	0.012579	0	0	171	0	194	189	0.000000	0	1	194	0	0	0	nan	0	0	0	0.012579	0.008894	nan	nan
50	C	1	171	160	0.006250	0	0	171	0	194	186	0.000000	0	1	194	0	0	0	nan	0	0	0	0.006250	0.006250	nan	nan
51	U	1	171	161	0.006211	0	0	171	1	194	186	0.005376	0	1	194	0	0	0	nan	0	0	0	0.000835	0.008215	nan	nan
52	G	2	171	161	0.012422	0	0	171	2	194	184	0.010870	0	1	194	0	0	0	nan	0	0	0	0.001553	0.011672	nan	nan
53	G	4	171	162	0.024691	0	0	171	4	194	183	0.021858	0	1	194	0	0	0	nan	0	0	0	0.002833	0.016488	nan	nan
54	U	3	172	163	0.018405	0	0	172	3	196	187	0.016043	0	1	196	0	0	0	nan	0	0	0	0.002362	0.014096	nan	nan
55	U	2	172	162	0.012346	0	0	172	3	197	188	0.015957	0	1	197	0	0	0	nan	0	0	0	-0.003612	0.012692	nan	nan
56	C	1	172	155	0.006452	0	0	172	0	197	179	0.000000	0	1	197	0	0	0	nan	0	0	0	0.006452	0.006452	nan	nan
57	A	0	172	146	0.000000	0	0	172	0	197	173	0.000000	0	1	197	0	0	0	nan	0	0	0	0.000000	0.000000	nan	nan
58	A	10	172	145	0.068966	0	0	172	0	197	171	0.000000	0	1	197	0	0	0	nan	0	0	0	0.068966	0.021809	nan	nan
59	G	2	172	154	0.012987	0	0	172	1	197	178	0.005618	0	1	197	0	0	0	nan	0	0	0	0.007369	0.010765	nan	nan
60	U	2	172	161	0.012422	0	0	172	5	197	185	0.027027	0	1	197	0	0	0	nan	0	0	0	-0.014605	0.014942	nan	nan
61	C	1	172	152	0.006579	0	0	172	1	197	172	0.005814	0	1	197	0	0	0	nan	0	0	0	0.000765	0.008780	nan	nan
62	C	0	172	142	0.000000	0	0	172	0	197	168	0.000000	0	1	197	0	0	0	nan	0	0	0	0.000000	0.000000	nan	nan
63	A	0	172	141	0.000000	0	0	172	0	197	169	0.000000	0	1	197	0	0	0	nan	0	0	0	0.000000	0.000000	nan	nan
64	G	1	172	151	0.006623	0	0	172	0	197	180	0.000000	0	1	197	0	0	0	nan	0	0	0	0.006623	0.006623	nan	nan
65	C	3	172	158	0.018987	0	0	172	0	197	184	0.000000	0	1	197	0	0	0	nan	0	0	0	0.018987	0.010962	nan	nan
66	A	0	172	161	0.000000	0	0	172	1	197	186	0.005376	0	1	197	0	0	0	nan	0	0	0	-0.005376	0.005376	nan	nan
67	G	0	172	158	0.000000	0	0	172	0	197	181	0.000000	0	1	197	0	0	0	nan	0	0	0	0.000000	0.000000	nan	nan
68	G	0	172	155	0.000000	0	0	172	5	197	177	0.028249	0	1	197	0	0	0	nan	0	0	0	-0.028249	0.012633	nan	nan
69	G	1	172	154	0.006494	0	0	172	0	197	179	0.000000	0	1	197	0	0	0	nan	0	0	0	0.006494	0.006494	nan	nan
70	G	0	172	156	0.000000	0	0	172	1	197	178	0.005618	0	1	197	0	0	0	nan	0	0	0	-0.005618	0.005618	nan	nan
71	C	1	172	156	0.006410	0	0	172	1	197	181	0.005525	0	1	197	0	0	0	nan	0	0	0	0.000885	0.008463	nan	nan
72	C	1	172	96	0.010417	0	0	172	0	197	116	0.000000	0	1	197	0	0	0	nan	0	0	0	0.010417	0.010417	nan	nan
73	A	0	172	95	0.000000	0	0	172	1	197	116	0.008621	0	1	197	0	0	0	nan	0	0	0	-0.008621	0.008621	nan	nan
74	C	1	172	96	0.010417	0	0	172	0	197	115	0.000000	0	1	197	0	0	0	nan	0	0	0	0.010417	0.010417	nan	nan
75	C	1	171	137	0.007299	0	0	171	0	197	162	0.000000	0	1	197	0	0	0	nan	0	0	0	0.007299	0.007299	nan	nan
76	A	0	169	0	nan	0	0	169	0	193	0	nan	0	1	193	0	0	0	nan	0	0	0	nan	nan	nan	nan