Nucleotide	Sequence	Modified_mutations	Modified_read_depth	Modified_effective_depth	Modified_rate	Modified_off_target_mapped_depth	Modified_low_mapq_mapped_depth	Modified_mapped_depth	Untreated_mutations	Untreated_read_depth	Untreated_effective_depth	Untreated_rate	Untreated_off_target_mapped_depth	Untreated_low_mapq_mapped_depth	Untreated_mapped_depth	Denatured_mutations	Denatured_read_depth	Denatured_effective_depth	Denatured_rate	Denatured_off_target_mapped_depth	Denatured_low_mapq_mapped_depth	Denatured_mapped_depth	Reactivity_profile	Std_err	HQ_profile	HQ_stderr	Norm_profile	Norm_stderr
1	A	0	5535	5425	0.000000	0	0	5535	0	8921	8748	0.000000	0	1	8921	0	0	0	nan	0	0	0	0.000000	0.000000	0.000000	0.000000	0.000000	0.000000
2	G	0	5731	5485	0.000000	0	0	5731	0	9061	8681	0.000000	0	1	9061	0	0	0	nan	0	0	0	0.000000	0.000000	0.000000	0.000000	0.000000	0.000000
3	G	168	5904	5597	0.030016	0	0	5904	93	9191	8741	0.010640	0	1	9191	0	0	0	nan	0	0	0	0.019377	0.002565	0.019377	0.002565	0.621901	0.082323
4	C	31	5932	5627	0.005509	0	0	5932	51	9205	8753	0.005827	0	1	9205	0	0	0	nan	0	0	0	-0.000317	0.001282	-0.000317	0.001282	-0.010174	0.041146
5	U	57	6043	5738	0.009934	0	0	6043	66	9296	8826	0.007478	0	1	9296	0	0	0	nan	0	0	0	0.002456	0.001606	0.002456	0.001606	0.078825	0.051544
6	U	63	6091	5679	0.011094	0	0	6091	63	9340	8733	0.007214	0	1	9340	0	0	0	nan	0	0	0	0.003879	0.001667	0.003879	0.001667	0.124496	0.053502
7	G	243	6140	5742	0.042320	0	0	6140	72	9399	8779	0.008201	0	1	9399	0	0	0	nan	0	0	0	0.034118	0.002882	0.034118	0.002882	1.095010	0.092497
8	U	51	6362	6022	0.008469	0	0	6362	74	9553	9083	0.008147	0	1	9553	0	0	0	nan	0	0	0	0.000322	0.001518	0.000322	0.001518	0.010335	0.048720
9	A	327	6402	6148	0.053188	0	0	6402	18	9605	9218	0.001953	0	1	9605	0	0	0	nan	0	0	0	0.051235	0.002977	0.051235	0.002977	1.644376	0.095546
10	G	139	6676	6461	0.021514	0	1	6676	114	9616	9300	0.012258	0	1	9616	0	0	0	nan	0	0	0	0.009256	0.002156	0.009256	0.002156	0.297069	0.069196
11	C	45	6718	6495	0.006928	0	1	6718	54	9642	9298	0.005808	0	1	9642	0	0	0	nan	0	0	0	0.001121	0.001301	0.001121	0.001301	0.035978	0.041755
12	U	82	6849	6621	0.012385	0	1	6849	108	9773	9445	0.011435	0	1	9773	0	0	0	nan	0	0	0	0.000950	0.001755	0.000950	0.001755	0.030490	0.056326
13	C	25	6911	6695	0.003734	0	1	6911	18	9831	9508	0.001893	0	1	9831	0	0	0	nan	0	0	0	0.001841	0.000870	0.001841	0.000870	0.059086	0.027922
14	A	231	7010	6728	0.034334	0	1	7010	24	9979	9545	0.002514	0	1	9979	0	0	0	nan	0	0	0	0.031820	0.002317	0.031820	0.002317	1.021256	0.074364
15	G	83	7046	6674	0.012436	0	1	7046	90	9987	9429	0.009545	0	1	9987	0	0	0	nan	0	0	0	0.002891	0.001696	0.002891	0.001696	0.092786	0.054433
16	G	320	7137	6683	0.047883	0	1	7137	107	10085	9428	0.011349	0	1	10085	0	0	0	nan	0	0	0	0.036534	0.002893	0.036534	0.002893	1.172551	0.092850
17	U	96	7203	6772	0.014176	0	1	7203	183	10139	9525	0.019213	0	1	10139	0	0	0	nan	0	0	0	-0.005037	0.002027	-0.005037	0.002027	-0.161661	0.065056
18	G	40	7216	6824	0.005862	0	1	7216	24	10166	9651	0.002487	0	1	10166	0	0	0	nan	0	0	0	0.003375	0.001057	0.003375	0.001057	0.108320	0.033924
19	G	97	7267	6874	0.014111	0	2	7267	52	10215	9712	0.005354	0	1	10215	0	0	0	nan	0	0	0	0.008757	0.001614	0.008757	0.001614	0.281054	0.051801
20	U	181	7407	7048	0.025681	0	2	7407	311	10365	9921	0.031348	0	1	10365	0	0	0	nan	0	0	0	-0.005667	0.002608	-0.005667	0.002608	-0.181881	0.083703
21	U	17	7503	7193	0.002363	0	2	7503	27	10511	10100	0.002673	0	1	10511	0	0	0	nan	0	0	0	-0.000310	0.000770	-0.000310	0.000770	-0.009949	0.024713
22	A	23	7561	7294	0.003153	0	2	7561	32	10607	10223	0.003130	0	1	10607	0	0	0	nan	0	0	0	0.000023	0.000859	0.000023	0.000859	0.000738	0.027569
23	G	47	7571	7161	0.006563	0	2	7571	20	10615	10088	0.001983	0	1	10615	0	0	0	nan	0	0	0	0.004581	0.001055	0.004581	0.001055	0.147026	0.033860
24	A	48	7579	7080	0.006780	0	2	7579	34	10625	10007	0.003398	0	1	10625	0	0	0	nan	0	0	0	0.003382	0.001139	0.003382	0.001139	0.108545	0.036556
25	G	347	7579	7046	0.049248	0	2	7579	122	10628	9962	0.012247	0	1	10628	0	0	0	nan	0	0	0	0.037001	0.002867	0.037001	0.002867	1.187539	0.092016
26	C	56	7580	7107	0.007880	0	2	7580	85	10631	9982	0.008515	0	1	10631	0	0	0	nan	0	0	0	-0.000636	0.001401	-0.000636	0.001401	-0.020412	0.044965
27	G	157	7580	7174	0.021885	0	2	7580	151	10637	10027	0.015059	0	1	10637	0	0	0	nan	0	0	0	0.006825	0.002134	0.006825	0.002134	0.219047	0.068490
28	C	25	7579	7102	0.003520	0	2	7579	41	10641	10008	0.004097	0	1	10641	0	0	0	nan	0	0	0	-0.000577	0.000951	-0.000577	0.000951	-0.018519	0.030522
29	A	60	7581	7207	0.008325	0	2	7581	36	10658	10209	0.003526	0	1	10658	0	0	0	nan	0	0	0	0.004799	0.001225	0.004799	0.001225	0.154023	0.039316
30	C	55	7582	6977	0.007883	0	2	7582	64	10655	9877	0.006480	0	1	10655	0	0	0	nan	0	0	0	0.001403	0.001336	0.001403	0.001336	0.045029	0.042879
31	C	52	7581	7009	0.007419	0	2	7581	71	10652	9868	0.007195	0	1	10652	0	0	0	nan	0	0	0	0.000224	0.001337	0.000224	0.001337	0.007189	0.042911
32	C	40	7587	7000	0.005714	0	2	7587	51	10658	9850	0.005178	0	1	10658	0	0	0	nan	0	0	0	0.000537	0.001158	0.000537	0.001158	0.017235	0.037166
33	C	177	7590	7157	0.024731	0	2	7590	69	10662	10036	0.006875	0	1	10662	0	0	0	nan	0	0	0	0.017856	0.002035	0.017856	0.002035	0.573084	0.065313
34	U	86	7602	7105	0.012104	0	2	7602	110	10673	9990	0.011011	0	1	10673	0	0	0	nan	0	0	0	0.001093	0.001675	0.001093	0.001675	0.035080	0.053759
35	G	248	7608	7175	0.034564	0	2	7608	37	10677	10059	0.003678	0	1	10677	0	0	0	nan	0	0	0	0.030886	0.002277	0.030886	0.002277	0.991279	0.073080
36	A	232	7644	7193	0.032254	0	2	7644	39	10698	10072	0.003872	0	1	10698	0	0	0	nan	0	0	0	0.028381	0.002206	0.028381	0.002206	0.910882	0.070801
37	U	72	7677	7181	0.010026	0	2	7677	104	10704	10035	0.010364	0	1	10704	0	0	0	nan	0	0	0	-0.000337	0.001559	-0.000337	0.001559	-0.010816	0.050036
38	A	249	7691	7185	0.034656	0	2	7691	500	10705	10004	0.049980	0	1	10705	0	0	0	nan	0	0	0	-0.015324	0.003134	-0.015324	0.003134	-0.491820	0.100585
39	A	145	7745	7256	0.019983	0	2	7745	40	10730	10110	0.003956	0	1	10730	0	0	0	nan	0	0	0	0.016027	0.001774	0.016027	0.001774	0.514383	0.056936
40	G	144	7750	7274	0.019797	0	2	7750	104	10725	10150	0.010246	0	1	10725	0	0	0	nan	0	0	0	0.009550	0.001932	0.009550	0.001932	0.306505	0.062007
41	G	164	7750	7143	0.022960	0	2	7750	136	10720	9972	0.013638	0	1	10720	0	0	0	nan	0	0	0	0.009321	0.002141	0.009321	0.002141	0.299155	0.068715
42	G	280	7750	7115	0.039353	0	2	7750	100	10721	9915	0.010086	0	1	10721	0	0	0	nan	0	0	0	0.029268	0.002559	0.029268	0.002559	0.939350	0.082131
43	U	154	7745	7212	0.021353	0	2	7745	183	10718	10010	0.018282	0	1	10718	0	0	0	nan	0	0	0	0.003072	0.002188	0.003072	0.002188	0.098595	0.070223
44	G	174	7744	7398	0.023520	0	2	7744	80	10719	10259	0.007798	0	1	10719	0	0	0	nan	0	0	0	0.015722	0.001985	0.015722	0.001985	0.504594	0.063708
45	A	55	7750	7440	0.007392	0	2	7750	74	10718	10297	0.007187	0	1	10718	0	0	0	nan	0	0	0	0.000206	0.001301	0.000206	0.001301	0.006612	0.041755
46	G	66	7748	7336	0.008997	0	2	7748	65	10715	10175	0.006388	0	1	10715	0	0	0	nan	0	0	0	0.002609	0.001362	0.002609	0.001362	0.083735	0.043713
47	G	695	7766	7262	0.095704	0	2	7766	633	10734	10014	0.063212	0	1	10734	0	0	0	nan	0	0	0	0.032492	0.004415	nan	nan	nan	nan
48	U	717	9059	8533	0.084027	0	2	9059	1101	11405	10721	0.102696	0	1	11405	0	0	0	nan	0	0	0	-0.018669	0.004408	nan	nan	nan	nan
49	C	19	9263	8698	0.002184	0	2	9263	21	11571	10872	0.001932	0	1	11571	0	0	0	nan	0	0	0	0.000253	0.000655	0.000253	0.000655	0.008120	0.021022
50	G	43	9267	8683	0.004952	0	2	9267	32	11583	10883	0.002940	0	1	11583	0	0	0	nan	0	0	0	0.002012	0.000917	0.002012	0.000917	0.064575	0.029431
51	G	154	9272	8628	0.017849	0	2	9272	108	11584	10855	0.009949	0	1	11584	0	0	0	nan	0	0	0	0.007900	0.001728	0.007900	0.001728	0.253549	0.055460
52	U	163	9271	8693	0.018751	0	2	9271	160	11582	10938	0.014628	0	1	11582	0	0	0	nan	0	0	0	0.004123	0.001869	0.004123	0.001869	0.132327	0.059985
53	G	249	9268	8725	0.028539	0	2	9268	215	11578	10935	0.019662	0	1	11578	0	0	0	nan	0	0	0	0.008877	0.002251	0.008877	0.002251	0.284905	0.072245
54	G	343	9267	8719	0.039339	0	2	9267	167	11579	10896	0.015327	0	1	11579	0	0	0	nan	0	0	0	0.024013	0.002433	0.024013	0.002433	0.770692	0.078087
55	U	189	9266	8732	0.021645	0	2	9266	253	11584	10920	0.023168	0	1	11584	0	0	0	nan	0	0	0	-0.001524	0.002145	-0.001524	0.002145	-0.048912	0.068843
56	U	203	9266	8742	0.023221	0	2	9266	225	11593	10964	0.020522	0	1	11593	0	0	0	nan	0	0	0	0.002700	0.002128	0.002700	0.002128	0.086656	0.068298
57	C	255	9265	8743	0.029166	0	2	9265	66	11591	10970	0.006016	0	1	11591	0	0	0	nan	0	0	0	0.023150	0.001971	0.023150	0.001971	0.742994	0.063259
58	A	156	9264	8724	0.017882	0	2	9264	26	11590	10997	0.002364	0	1	11590	0	0	0	nan	0	0	0	0.015517	0.001505	0.015517	0.001505	0.498015	0.048303
59	A	3802	9261	8633	0.440403	0	2	9261	36	11586	10953	0.003287	0	1	11586	0	0	0	nan	0	0	0	0.437116	0.007163	0.437116	0.007163	14.029142	0.229895
60	G	131	9259	8582	0.015265	0	2	9259	139	11584	10772	0.012904	0	1	11584	0	0	0	nan	0	0	0	0.002361	0.001725	0.002361	0.001725	0.075776	0.055363
61	U	72	9258	8537	0.008434	0	2	9258	141	11580	10725	0.013147	0	1	11580	0	0	0	nan	0	0	0	-0.004713	0.001488	-0.004713	0.001488	-0.151263	0.047757
62	C	30	9256	8430	0.003559	0	2	9256	77	11578	10449	0.007369	0	1	11578	0	0	0	nan	0	0	0	-0.003810	0.001062	-0.003810	0.001062	-0.122281	0.034085
63	C	15	9254	8399	0.001786	0	2	9254	26	11575	10441	0.002490	0	1	11575	0	0	0	nan	0	0	0	-0.000704	0.000672	-0.000704	0.000672	-0.022595	0.021568
64	A	74	9251	8444	0.008764	0	1	9251	81	11571	10485	0.007725	0	1	11571	0	0	0	nan	0	0	0	0.001038	0.001332	0.001038	0.001332	0.033314	0.042750
65	C	57	9244	8554	0.006664	0	1	9244	79	11565	10734	0.007360	0	1	11565	0	0	0	nan	0	0	0	-0.000696	0.001210	-0.000696	0.001210	-0.022338	0.038835
66	U	149	9232	8538	0.017451	0	1	9232	208	11538	10681	0.019474	0	1	11538	0	0	0	nan	0	0	0	-0.002022	0.001967	-0.002022	0.001967	-0.064896	0.063130
67	C	52	9226	8266	0.006291	0	1	9226	55	11534	10251	0.005365	0	1	11534	0	0	0	nan	0	0	0	0.000925	0.001133	0.000925	0.001133	0.029688	0.036363
68	A	34	9222	8182	0.004155	0	1	9222	36	11529	10122	0.003557	0	1	11529	0	0	0	nan	0	0	0	0.000599	0.000927	0.000599	0.000927	0.019225	0.029752
69	G	172	9219	8027	0.021428	0	1	9219	86	11516	9958	0.008636	0	1	11516	0	0	0	nan	0	0	0	0.012791	0.001881	0.012791	0.001881	0.410524	0.060370
70	G	255	9216	8216	0.031037	0	1	9216	140	11514	10239	0.013673	0	1	11514	0	0	0	nan	0	0	0	0.017364	0.002261	0.017364	0.002261	0.557294	0.072566
71	C	76	9214	8234	0.009230	0	1	9214	53	11513	10275	0.005158	0	1	11513	0	0	0	nan	0	0	0	0.004072	0.001274	0.004072	0.001274	0.130690	0.040889
72	C	76	9207	8395	0.009053	0	1	9207	56	11509	10498	0.005334	0	1	11509	0	0	0	nan	0	0	0	0.003719	0.001260	0.003719	0.001260	0.119360	0.040439
73	U	48	9204	8318	0.005771	0	1	9204	46	11509	10396	0.004425	0	1	11509	0	0	0	nan	0	0	0	0.001346	0.001058	0.001346	0.001058	0.043200	0.033956
74	A	251	9191	8408	0.029853	0	1	9191	29	11506	10524	0.002756	0	1	11506	0	0	0	nan	0	0	0	0.027097	0.001953	0.027097	0.001953	0.869672	0.062681
75	C	566	9183	8243	0.068664	0	1	9183	36	11500	10247	0.003513	0	1	11500	0	0	0	nan	0	0	0	0.065151	0.002945	0.065151	0.002945	2.091007	0.094519
76	C	133	9156	7935	0.016761	0	1	9156	16	11476	10123	0.001581	0	1	11476	0	0	0	nan	0	0	0	0.015181	0.001506	0.015181	0.001506	0.487231	0.048335
77	A	0	8741	0	nan	0	1	8741	0	11238	0	nan	0	1	11238	0	0	0	nan	0	0	0	nan	nan	nan	nan	nan	nan