0.000000
0.000000
0.209152
0.850000
0.195816
0.035241
0.143868
0.000000
0.850000
0.797962
0.049868
0.000000
0.051051
0.350654
0.148170
0.037356
0.050944
0.208292
0.480756
0.048147
0.094825
0.221341
0.174628
0.850000
0.000000
0.850000
0.000000
0.000000
0.110240
0.850000
0.241238
0.000000
0.115905
0.000000
0.000000
0.850000
0.175990
0.000000
0.000000
0.015416
0.021761
0.182945
0.747412
0.000000
0.000000
0.000000
0.023267
0.071845
0.850000
0.000000
0.130998
0.142040
0.607918
0.000000
0.092028
0.032481
0.000000
0.850000
0.017925
0.000000
0.000000
0.000000
0.024629
0.000000
0.000000
0.000000
0.078692
0.799216
0.079517
0.000000
0.111173
0.000000
0.000000
0.850000
0.567622
0.000000
