0.000000
0.000000
0.020492
0.777097
0.059762
0.628916
0.092266
0.000000
0.527677
0.279439
0.134789
0.112659
0.247448
0.462195
0.470775
0.795973
0.359812
0.850000
0.850000
0.083923
0.240151
0.472826
0.850000
0.241729
0.201611
0.416930
0.850000
0.023845
0.003452
0.142974
0.716527
0.000000
0.170863
0.000000
0.850000
0.195497
0.217666
0.000000
0.251077
0.068223
0.000000
0.035246
0.502944
0.661953
0.489808
0.793251
0.000000
0.054574
0.600515
0.166543
0.416418
0.498467
0.850000
0.850000
0.850000
0.000000
0.014536
0.110865
0.052503
0.129700
0.209106
0.170389
0.402394
0.000000
0.099701
0.244095
0.850000
0.000000
0.035186
0.525507
0.454010
0.850000
0.000000
0.000000
0.070314
0.061694
0.000000
0.103212
0.005187
0.000000
0.000000
0.051537
0.066034
0.016055
0.000000
0.000000
0.850000
0.733114
0.675601
0.000000
