0.000000
0.000000
0.162510
0.472724
0.850000
0.058909
0.050516
0.000000
0.850000
0.311101
0.112609
0.140516
0.528153
0.843780
0.279782
0.850000
0.268114
0.248690
0.415885
0.039189
0.850000
0.133693
0.850000
0.054678
0.850000
0.005550
0.000000
0.266681
0.497493
0.005231
0.000000
0.000000
0.848829
0.000000
0.450275
0.000000
0.000000
0.000000
0.000000
0.000000
0.123572
0.269524
0.167787
0.030523
0.000000
0.000000
0.066301
0.111835
0.126528
0.167833
0.512277
0.415180
0.000000
0.000000
0.148409
0.000000
0.850000
0.040258
0.000000
0.000000
0.000000
0.000000
0.000000
0.850000
0.000000
0.007892
0.000000
0.017013
0.026225
0.013306
0.183435
0.589654
0.715478
0.282261
0.000000
