Nucleotide	Sequence	Modified_mutations	Modified_read_depth	Modified_effective_depth	Modified_rate	Modified_off_target_mapped_depth	Modified_low_mapq_mapped_depth	Modified_mapped_depth	Untreated_mutations	Untreated_read_depth	Untreated_effective_depth	Untreated_rate	Untreated_off_target_mapped_depth	Untreated_low_mapq_mapped_depth	Untreated_mapped_depth	Denatured_mutations	Denatured_read_depth	Denatured_effective_depth	Denatured_rate	Denatured_off_target_mapped_depth	Denatured_low_mapq_mapped_depth	Denatured_mapped_depth	Reactivity_profile	Std_err	HQ_profile	HQ_stderr	Norm_profile	Norm_stderr
1	U	0	24006	23621	0.000000	0	0	24006	0	32541	32015	0.000000	0	0	32541	0	0	0	nan	0	0	0	0.000000	0.000000	0.000000	0.000000	0.000000	0.000000
2	C	0	24780	24203	0.000000	0	0	24780	0	33502	32710	0.000000	0	0	33502	0	0	0	nan	0	0	0	0.000000	0.000000	0.000000	0.000000	0.000000	0.000000
3	C	252	25710	25103	0.010039	0	0	25710	257	34596	33800	0.007604	0	0	34596	0	0	0	nan	0	0	0	0.002435	0.000790	0.002435	0.000790	0.069835	0.022657
4	U	300	26727	25974	0.011550	0	0	26727	313	35776	34738	0.009010	0	0	35776	0	0	0	nan	0	0	0	0.002540	0.000839	0.002540	0.000839	0.072847	0.024062
5	C	315	27027	25941	0.012143	0	0	27027	335	36119	34655	0.009667	0	0	36119	0	0	0	nan	0	0	0	0.002476	0.000864	0.002476	0.000864	0.071011	0.024779
6	U	231	27829	26063	0.008863	0	0	27829	242	37038	34749	0.006964	0	0	37038	0	0	0	nan	0	0	0	0.001899	0.000735	0.001899	0.000735	0.054463	0.021080
7	G	957	28097	26062	0.036720	0	0	28097	231	37348	34735	0.006650	0	0	37348	0	0	0	nan	0	0	0	0.030070	0.001265	0.030070	0.001265	0.862402	0.036280
8	U	2942	30301	28300	0.103958	0	0	30301	3162	38484	36243	0.087244	0	0	38484	0	0	0	nan	0	0	0	0.016713	0.002466	nan	nan	nan	nan
9	A	2127	31414	29872	0.071204	0	0	31414	65	39496	37608	0.001728	0	0	39496	0	0	0	nan	0	0	0	0.069475	0.001559	0.069475	0.001559	1.992531	0.044712
10	G	497	35591	33745	0.014728	0	0	35591	336	39639	37543	0.008950	0	0	39639	0	0	0	nan	0	0	0	0.005778	0.000821	0.005778	0.000821	0.165712	0.023546
11	U	386	37138	35073	0.011006	0	0	37138	455	40867	38522	0.011811	0	0	40867	0	0	0	nan	0	0	0	-0.000806	0.000788	-0.000806	0.000788	-0.023116	0.022600
12	U	443	40673	38447	0.011522	0	0	40673	505	44472	41847	0.012068	0	0	44472	0	0	0	nan	0	0	0	-0.000545	0.000767	-0.000545	0.000767	-0.015631	0.021997
13	C	269	41621	40043	0.006718	0	0	41621	237	45576	43685	0.005425	0	0	45576	0	0	0	nan	0	0	0	0.001293	0.000540	0.001293	0.000540	0.037083	0.015487
14	A	976	42334	40427	0.024142	0	0	42334	61	46537	44385	0.001374	0	0	46537	0	0	0	nan	0	0	0	0.022768	0.000793	0.022768	0.000793	0.652982	0.022743
15	G	504	42608	40732	0.012374	0	0	42608	269	46580	44593	0.006032	0	0	46580	0	0	0	nan	0	0	0	0.006341	0.000663	0.006341	0.000663	0.181859	0.019015
16	U	1066	43693	41475	0.025702	0	0	43693	1527	47620	45421	0.033619	0	0	47620	0	0	0	nan	0	0	0	-0.007917	0.001166	-0.007917	0.001166	-0.227058	0.033441
17	C	1323	43906	41782	0.031664	0	0	43906	138	47908	45660	0.003022	0	0	47908	0	0	0	nan	0	0	0	0.028642	0.000908	0.028642	0.000908	0.821448	0.026041
18	G	987	44556	42116	0.023435	0	0	44556	336	48204	45743	0.007345	0	0	48204	0	0	0	nan	0	0	0	0.016090	0.000847	0.016090	0.000847	0.461458	0.024292
19	G	1246	44684	42166	0.029550	0	0	44684	464	48304	45679	0.010158	0	0	48304	0	0	0	nan	0	0	0	0.019392	0.000961	0.019392	0.000961	0.556159	0.027561
20	U	532	44899	42997	0.012373	0	0	44899	678	48412	46454	0.014595	0	0	48412	0	0	0	nan	0	0	0	-0.002222	0.000776	-0.002222	0.000776	-0.063727	0.022256
21	A	166	44942	43388	0.003826	0	0	44942	76	48477	46851	0.001622	0	0	48477	0	0	0	nan	0	0	0	0.002204	0.000350	0.002204	0.000350	0.063210	0.010038
22	G	317	44999	42513	0.007457	0	0	44999	156	48523	45746	0.003410	0	0	48523	0	0	0	nan	0	0	0	0.004046	0.000500	0.004046	0.000500	0.116039	0.014340
23	A	369	45020	40647	0.009078	0	0	45020	69	48583	43673	0.001580	0	1	48583	0	0	0	nan	0	0	0	0.007498	0.000509	0.007498	0.000509	0.215041	0.014598
24	A	453	45082	40874	0.011083	0	0	45082	228	48682	43923	0.005191	0	1	48682	0	0	0	nan	0	0	0	0.005892	0.000624	0.005892	0.000624	0.168982	0.017896
25	C	480	45103	41108	0.011677	0	0	45103	458	48678	44122	0.010380	0	1	48678	0	0	0	nan	0	0	0	0.001296	0.000721	0.001296	0.000721	0.037169	0.020678
26	G	2075	45092	41927	0.049491	0	0	45092	483	48654	45112	0.010707	0	1	48654	0	0	0	nan	0	0	0	0.038784	0.001191	0.038784	0.001191	1.112318	0.034158
27	G	779	45107	41842	0.018618	0	0	45107	612	48660	44959	0.013612	0	1	48660	0	0	0	nan	0	0	0	0.005005	0.000865	0.005005	0.000865	0.143543	0.024808
28	C	406	45112	41973	0.009673	0	0	45112	385	48664	45021	0.008552	0	1	48664	0	0	0	nan	0	0	0	0.001121	0.000648	0.001121	0.000648	0.032150	0.018585
29	G	835	45106	42116	0.019826	0	0	45106	558	48664	45227	0.012338	0	1	48664	0	0	0	nan	0	0	0	0.007488	0.000862	0.007488	0.000862	0.214755	0.024722
30	G	1025	45104	41819	0.024510	0	0	45104	218	48662	45024	0.004842	0	1	48662	0	0	0	nan	0	0	0	0.019669	0.000833	0.019669	0.000833	0.564104	0.023890
31	A	585	45116	42353	0.013812	0	0	45116	390	48686	45825	0.008511	0	3	48686	0	0	0	nan	0	0	0	0.005302	0.000715	0.005302	0.000715	0.152060	0.020506
32	C	1617	45116	42736	0.037837	0	0	45116	322	48677	46198	0.006970	0	3	48677	0	0	0	nan	0	0	0	0.030867	0.001018	0.030867	0.001018	0.885260	0.029196
33	U	271	45162	42575	0.006365	0	0	45162	241	48716	45975	0.005242	0	3	48716	0	0	0	nan	0	0	0	0.001123	0.000513	0.001123	0.000513	0.032207	0.014713
34	G	483	45183	42204	0.011444	0	0	45183	572	48737	45620	0.012538	0	3	48737	0	0	0	nan	0	0	0	-0.001094	0.000739	-0.001094	0.000739	-0.031376	0.021194
35	U	654	45442	42449	0.015407	0	0	45442	693	48928	45855	0.015113	0	5	48928	0	0	0	nan	0	0	0	0.000294	0.000832	0.000294	0.000832	0.008432	0.023862
36	U	344	45603	43142	0.007974	0	0	45603	358	49031	46553	0.007690	0	6	49031	0	0	0	nan	0	0	0	0.000284	0.000592	0.000284	0.000592	0.008145	0.016978
37	A	1433	45683	43613	0.032857	0	0	45683	1686	49115	47075	0.035815	0	7	49115	0	0	0	nan	0	0	0	-0.002958	0.001231	-0.002958	0.001231	-0.084835	0.035305
38	A	2250	45775	43789	0.051383	0	0	45775	154	49175	47148	0.003266	0	7	49175	0	0	0	nan	0	0	0	0.048116	0.001115	0.048116	0.001115	1.379959	0.031978
39	U	570	45854	43358	0.013146	0	0	45854	736	49216	46656	0.015775	0	7	49216	0	0	0	nan	0	0	0	-0.002629	0.000801	-0.002629	0.000801	-0.075399	0.022973
40	C	282	45902	42160	0.006689	0	0	45902	306	49246	45116	0.006783	0	7	49246	0	0	0	nan	0	0	0	-0.000094	0.000556	-0.000094	0.000556	-0.002696	0.015946
41	C	259	46152	42138	0.006146	0	0	46152	233	49434	44960	0.005182	0	7	49434	0	0	0	nan	0	0	0	0.000964	0.000511	0.000964	0.000511	0.027647	0.014655
42	G	2197	46171	42145	0.052130	0	0	46171	365	49448	44871	0.008134	0	7	49448	0	0	0	nan	0	0	0	0.043995	0.001191	0.043995	0.001191	1.261769	0.034158
43	U	365	46191	43611	0.008369	0	0	46191	392	49474	46685	0.008397	0	7	49474	0	0	0	nan	0	0	0	-0.000027	0.000610	-0.000027	0.000610	-0.000774	0.017495
44	A	527	46206	44289	0.011899	0	0	46206	181	49508	47448	0.003815	0	7	49508	0	0	0	nan	0	0	0	0.008084	0.000591	0.008084	0.000591	0.231848	0.016950
45	U	702	46238	43737	0.016050	0	0	46238	692	49514	47008	0.014721	0	7	49514	0	0	0	nan	0	0	0	0.001330	0.000825	0.001330	0.000825	0.038144	0.023661
46	G	6143	46254	43672	0.140662	0	0	46254	7247	49517	46907	0.154497	0	7	49517	0	0	0	nan	0	0	0	-0.013835	0.002552	nan	nan	nan	nan
47	U	504	46386	43793	0.011509	0	0	46386	552	49653	47016	0.011741	0	8	49653	0	0	0	nan	0	0	0	-0.000232	0.000716	-0.000232	0.000716	-0.006654	0.020535
48	C	181	46391	44157	0.004099	0	0	46391	110	49655	47356	0.002323	0	8	49655	0	0	0	nan	0	0	0	0.001776	0.000377	0.001776	0.000377	0.050935	0.010812
49	A	500	46397	44452	0.011248	0	0	46397	268	49675	47661	0.005623	0	8	49675	0	0	0	nan	0	0	0	0.005625	0.000609	0.005625	0.000609	0.161324	0.017466
50	C	432	46368	44092	0.009798	0	0	46368	418	49656	47192	0.008857	0	8	49656	0	0	0	nan	0	0	0	0.000940	0.000640	0.000940	0.000640	0.026959	0.018355
51	U	412	46354	43437	0.009485	0	0	46354	407	49633	46331	0.008785	0	8	49633	0	0	0	nan	0	0	0	0.000700	0.000639	0.000700	0.000639	0.020076	0.018326
52	G	508	46338	42928	0.011834	0	0	46338	463	49620	45761	0.010118	0	8	49620	0	0	0	nan	0	0	0	0.001716	0.000705	0.001716	0.000705	0.049215	0.020219
53	G	1127	46324	42914	0.026262	0	0	46324	491	49599	45954	0.010685	0	8	49599	0	0	0	nan	0	0	0	0.015577	0.000919	0.015577	0.000919	0.446746	0.026357
54	U	1231	46305	43339	0.028404	0	0	46305	1475	49600	46596	0.031655	0	8	49600	0	0	0	nan	0	0	0	-0.003251	0.001155	-0.003251	0.001155	-0.093238	0.033125
55	U	879	46284	43487	0.020213	0	0	46284	890	49601	46820	0.019009	0	8	49601	0	0	0	nan	0	0	0	0.001204	0.000933	0.001204	0.000933	0.034531	0.026758
56	C	890	46259	43437	0.020489	0	0	46259	782	49586	46558	0.016796	0	8	49586	0	0	0	nan	0	0	0	0.003693	0.000912	0.003693	0.000912	0.105915	0.026156
57	G	98	46240	43146	0.002271	0	0	46240	217	49572	46887	0.004628	0	8	49572	0	0	0	nan	0	0	0	-0.002357	0.000389	-0.002357	0.000389	-0.067598	0.011156
58	A	23254	46222	42663	0.545062	0	0	46222	137	49569	46756	0.002930	0	8	49569	0	0	0	nan	0	0	0	0.542132	0.003583	0.542132	0.003583	15.548252	0.102760
59	G	569	46221	42796	0.013296	0	0	46221	661	49563	46596	0.014186	0	8	49563	0	0	0	nan	0	0	0	-0.000890	0.000784	-0.000890	0.000784	-0.025525	0.022485
60	U	557	46208	42855	0.012997	0	0	46208	710	49553	46119	0.015395	0	8	49553	0	0	0	nan	0	0	0	-0.002398	0.000798	-0.002398	0.000798	-0.068774	0.022887
61	C	210	46198	42252	0.004970	0	0	46198	342	49535	44599	0.007668	0	8	49535	0	0	0	nan	0	0	0	-0.002698	0.000538	-0.002698	0.000538	-0.077378	0.015430
62	C	147	46183	42935	0.003424	0	0	46183	140	49520	45348	0.003087	0	8	49520	0	0	0	nan	0	0	0	0.000337	0.000384	0.000337	0.000384	0.009665	0.011013
63	A	284	46172	42622	0.006663	0	0	46172	354	49486	44987	0.007869	0	7	49486	0	0	0	nan	0	0	0	-0.001206	0.000576	-0.001206	0.000576	-0.034588	0.016520
64	G	1014	46157	43341	0.023396	0	0	46157	383	49473	46281	0.008276	0	7	49473	0	0	0	nan	0	0	0	0.015120	0.000848	0.015120	0.000848	0.433639	0.024320
65	U	934	46146	42999	0.021721	0	0	46146	812	49413	45804	0.017728	0	7	49413	0	0	0	nan	0	0	0	0.003994	0.000945	0.003994	0.000945	0.114547	0.027102
66	C	209	46140	43398	0.004816	0	0	46140	210	49380	46460	0.004520	0	6	49380	0	0	0	nan	0	0	0	0.000296	0.000456	0.000296	0.000456	0.008489	0.013078
67	A	301	46123	43488	0.006921	0	0	46123	261	49339	46475	0.005616	0	6	49339	0	0	0	nan	0	0	0	0.001306	0.000529	0.001306	0.000529	0.037456	0.015172
68	G	1664	46088	43331	0.038402	0	0	46088	258	49279	46281	0.005575	0	5	49279	0	0	0	nan	0	0	0	0.032827	0.001003	0.032827	0.001003	0.941473	0.028766
69	A	494	46061	42766	0.011551	0	0	46061	245	49201	45523	0.005382	0	5	49201	0	0	0	nan	0	0	0	0.006169	0.000623	0.006169	0.000623	0.176926	0.017868
70	G	1844	46008	41708	0.044212	0	0	46008	559	49143	44373	0.012598	0	5	49143	0	0	0	nan	0	0	0	0.031614	0.001159	0.031614	0.001159	0.906684	0.033240
71	G	1566	45994	41587	0.037656	0	0	45994	226	49110	44236	0.005109	0	5	49110	0	0	0	nan	0	0	0	0.032547	0.001010	0.032547	0.001010	0.933442	0.028967
72	A	578	45965	41488	0.013932	0	0	45965	313	49103	44299	0.007066	0	5	49103	0	0	0	nan	0	0	0	0.006866	0.000704	0.006866	0.000704	0.196916	0.020191
73	G	1896	45918	41832	0.045324	0	0	45918	533	49083	44851	0.011884	0	5	49083	0	0	0	nan	0	0	0	0.033440	0.001161	0.033440	0.001161	0.959053	0.033297
74	C	2779	45858	41683	0.066670	0	0	45858	435	49065	44601	0.009753	0	5	49065	0	0	0	nan	0	0	0	0.056917	0.001348	0.056917	0.001348	1.632370	0.038660
75	C	822	45696	40281	0.020407	0	0	45696	80	49012	44432	0.001801	0	5	49012	0	0	0	nan	0	0	0	0.018606	0.000740	0.018606	0.000740	0.533617	0.021223
76	A	0	43740	0	nan	0	0	43740	0	48377	0	nan	0	5	48377	0	0	0	nan	0	0	0	nan	nan	nan	nan	nan	nan