Nucleotide	Sequence	Modified_mutations	Modified_read_depth	Modified_effective_depth	Modified_rate	Modified_off_target_mapped_depth	Modified_low_mapq_mapped_depth	Modified_mapped_depth	Untreated_mutations	Untreated_read_depth	Untreated_effective_depth	Untreated_rate	Untreated_off_target_mapped_depth	Untreated_low_mapq_mapped_depth	Untreated_mapped_depth	Denatured_mutations	Denatured_read_depth	Denatured_effective_depth	Denatured_rate	Denatured_off_target_mapped_depth	Denatured_low_mapq_mapped_depth	Denatured_mapped_depth	Reactivity_profile	Std_err	HQ_profile	HQ_stderr	Norm_profile	Norm_stderr
1	G	0	8113	7896	0.000000	0	0	8113	0	15939	15521	0.000000	0	0	15939	0	0	0	nan	0	0	0	0.000000	0.000000	0.000000	0.000000	0.000000	0.000000
2	C	0	8820	8520	0.000000	0	0	8820	0	16554	15964	0.000000	0	0	16554	0	0	0	nan	0	0	0	0.000000	0.000000	0.000000	0.000000	0.000000	0.000000
3	C	45	9031	8680	0.005184	0	0	9031	51	16770	16047	0.003178	0	0	16770	0	0	0	nan	0	0	0	0.002006	0.000892	0.002006	0.000892	0.057017	0.025354
4	G	155	9118	8555	0.018118	0	0	9118	42	16844	15713	0.002673	0	0	16844	0	0	0	nan	0	0	0	0.015445	0.001513	0.015445	0.001513	0.438998	0.043004
5	A	85	9221	8649	0.009828	0	0	9221	58	16911	15749	0.003683	0	0	16911	0	0	0	nan	0	0	0	0.006145	0.001171	0.006145	0.001171	0.174661	0.033284
6	C	72	9309	8755	0.008224	0	0	9309	103	16972	15841	0.006502	0	0	16972	0	0	0	nan	0	0	0	0.001722	0.001162	0.001722	0.001162	0.048945	0.033028
7	U	81	9999	9502	0.008525	0	0	9999	152	17618	16596	0.009159	0	0	17618	0	0	0	nan	0	0	0	-0.000634	0.001204	-0.000634	0.001204	-0.018020	0.034222
8	U	1729	10557	9995	0.172986	0	0	10557	2191	18624	17643	0.124185	0	0	18624	0	0	0	nan	0	0	0	0.048801	0.004934	nan	nan	nan	nan
9	A	703	11407	10885	0.064584	0	0	11407	36	19665	18749	0.001920	0	0	19665	0	0	0	nan	0	0	0	0.062664	0.002457	0.062664	0.002457	1.781116	0.069836
10	G	159	12194	11702	0.013587	0	0	12194	226	19714	18905	0.011955	0	0	19714	0	0	0	nan	0	0	0	0.001633	0.001339	0.001633	0.001339	0.046415	0.038059
11	C	73	12343	11808	0.006182	0	0	12343	123	19892	18960	0.006487	0	0	19892	0	0	0	nan	0	0	0	-0.000305	0.000930	-0.000305	0.000930	-0.008669	0.026434
12	U	132	12918	12338	0.010699	0	0	12918	195	20740	19725	0.009886	0	0	20740	0	0	0	nan	0	0	0	0.000813	0.001170	0.000813	0.001170	0.023108	0.033255
13	C	42	13029	12486	0.003364	0	0	13029	49	20949	20042	0.002445	0	0	20949	0	0	0	nan	0	0	0	0.000919	0.000626	0.000919	0.000626	0.026121	0.017793
14	A	264	13173	12487	0.021142	0	0	13173	29	21246	20147	0.001439	0	0	21246	0	0	0	nan	0	0	0	0.019703	0.001328	0.019703	0.001328	0.560024	0.037746
15	G	183	13243	12484	0.014659	0	0	13243	152	21265	20022	0.007592	0	0	21265	0	0	0	nan	0	0	0	0.007067	0.001246	0.007067	0.001246	0.200867	0.035415
16	U	195	13574	12810	0.015222	0	0	13574	374	21571	20352	0.018377	0	0	21571	0	0	0	nan	0	0	0	-0.003154	0.001446	-0.003154	0.001446	-0.089647	0.041100
17	A	84	13635	12922	0.006501	0	0	13635	29	21674	20550	0.001411	0	0	21674	0	0	0	nan	0	0	0	0.005089	0.000756	0.005089	0.000756	0.144646	0.021488
18	G	361	13909	13116	0.027524	0	0	13909	180	21741	20603	0.008737	0	0	21741	0	0	0	nan	0	0	0	0.018787	0.001588	0.018787	0.001588	0.533988	0.045136
19	G	438	13979	13098	0.033440	0	0	13979	216	21792	20447	0.010564	0	0	21792	0	0	0	nan	0	0	0	0.022876	0.001752	0.022876	0.001752	0.650211	0.049798
20	U	161	14066	13343	0.012066	0	0	14066	273	21865	20785	0.013134	0	0	21865	0	0	0	nan	0	0	0	-0.001068	0.001239	-0.001068	0.001239	-0.030356	0.035216
21	A	40	14089	13464	0.002971	0	0	14089	43	21923	20944	0.002053	0	0	21923	0	0	0	nan	0	0	0	0.000918	0.000565	0.000918	0.000565	0.026093	0.016059
22	G	69	14119	13293	0.005191	0	0	14119	52	21978	20673	0.002515	0	0	21978	0	0	0	nan	0	0	0	0.002675	0.000716	0.002675	0.000716	0.076032	0.020351
23	A	98	14129	13123	0.007468	0	0	14129	68	21992	20409	0.003332	0	0	21992	0	0	0	nan	0	0	0	0.004136	0.000856	0.004136	0.000856	0.117559	0.024330
24	G	291	14134	13020	0.022350	0	0	14134	142	21994	20150	0.007047	0	0	21994	0	0	0	nan	0	0	0	0.015303	0.001437	0.015303	0.001437	0.434961	0.040844
25	C	70	14146	13291	0.005267	0	0	14146	120	22011	20613	0.005822	0	0	22011	0	0	0	nan	0	0	0	-0.000555	0.000824	-0.000555	0.000824	-0.015775	0.023421
26	A	1115	14151	13393	0.083252	0	0	14151	25	22027	20725	0.001206	0	0	22027	0	0	0	nan	0	0	0	0.082046	0.002505	0.082046	0.002505	2.332016	0.071200
27	A	139	14175	13544	0.010263	0	0	14175	141	22037	20975	0.006722	0	0	22037	0	0	0	nan	0	0	0	0.003541	0.001038	0.003541	0.001038	0.100647	0.029503
28	C	109	14183	13308	0.008191	0	0	14183	177	22040	20471	0.008646	0	0	22040	0	0	0	nan	0	0	0	-0.000456	0.001019	-0.000456	0.001019	-0.012961	0.028963
29	U	199	14189	13215	0.015059	0	0	14189	309	22057	20340	0.015192	0	0	22057	0	0	0	nan	0	0	0	-0.000133	0.001373	-0.000133	0.001373	-0.003780	0.039025
30	G	182	14203	13109	0.013884	0	0	14203	47	22073	20256	0.002320	0	0	22073	0	0	0	nan	0	0	0	0.011563	0.001083	0.011563	0.001083	0.328658	0.030782
31	A	91	14219	13194	0.006897	0	0	14219	139	22098	20470	0.006790	0	0	22098	0	0	0	nan	0	0	0	0.000107	0.000924	0.000107	0.000924	0.003041	0.026263
32	C	1115	14221	13247	0.084170	0	0	14221	995	22100	20676	0.048123	0	0	22100	0	0	0	nan	0	0	0	0.036047	0.002946	0.036047	0.002946	1.024574	0.083735
33	U	149	14387	13446	0.011081	0	0	14387	375	22240	20811	0.018019	0	0	22240	0	0	0	nan	0	0	0	-0.006938	0.001300	-0.006938	0.001300	-0.197201	0.036950
34	U	512	14422	13071	0.039171	0	0	14422	435	22270	20599	0.021118	0	0	22270	0	0	0	nan	0	0	0	0.018053	0.002005	0.018053	0.002005	0.513125	0.056989
35	G	331	14490	13358	0.024779	0	0	14490	69	22319	20629	0.003345	0	0	22319	0	0	0	nan	0	0	0	0.021434	0.001420	0.021434	0.001420	0.609225	0.040361
36	U	84	14581	13576	0.006187	0	0	14581	144	22363	20900	0.006890	0	0	22363	0	0	0	nan	0	0	0	-0.000703	0.000886	-0.000703	0.000886	-0.019982	0.025183
37	A	432	14599	13823	0.031252	0	0	14599	778	22377	21287	0.036548	0	0	22377	0	0	0	nan	0	0	0	-0.005296	0.001994	-0.005296	0.001994	-0.150530	0.056676
38	A	538	14646	14009	0.038404	0	0	14646	62	22431	21467	0.002888	0	0	22431	0	0	0	nan	0	0	0	0.035516	0.001696	0.035516	0.001696	1.009481	0.048206
39	U	173	14697	13977	0.012377	0	0	14697	272	22473	21358	0.012735	0	0	22473	0	0	0	nan	0	0	0	-0.000358	0.001217	-0.000358	0.001217	-0.010176	0.034591
40	C	59	14711	14060	0.004196	0	0	14711	59	22490	21535	0.002740	0	0	22490	0	0	0	nan	0	0	0	0.001457	0.000652	0.001457	0.000652	0.041413	0.018532
41	A	96	14784	14091	0.006813	0	0	14784	45	22550	21567	0.002087	0	0	22550	0	0	0	nan	0	0	0	0.004726	0.000762	0.004726	0.000762	0.134328	0.021659
42	G	417	14782	14007	0.029771	0	0	14782	161	22532	21331	0.007548	0	0	22532	0	0	0	nan	0	0	0	0.022223	0.001575	0.022223	0.001575	0.631651	0.044767
43	U	214	14789	14068	0.015212	0	0	14789	258	22540	21400	0.012056	0	0	22540	0	0	0	nan	0	0	0	0.003156	0.001282	0.003156	0.001282	0.089704	0.036439
44	A	117	14791	14091	0.008303	0	0	14791	75	22545	21432	0.003499	0	0	22545	0	0	0	nan	0	0	0	0.004804	0.000867	0.004804	0.000867	0.136545	0.024643
45	G	397	14782	13776	0.028818	0	0	14782	193	22531	21227	0.009092	0	0	22531	0	0	0	nan	0	0	0	0.019726	0.001588	0.019726	0.001588	0.560678	0.045136
46	G	2579	14777	13648	0.188965	0	0	14777	4311	22531	20723	0.208030	0	0	22531	0	0	0	nan	0	0	0	-0.019064	0.004887	nan	nan	nan	nan
47	U	198	14823	13667	0.014487	0	0	14823	252	22558	20603	0.012231	0	0	22558	0	0	0	nan	0	0	0	0.002256	0.001286	0.002256	0.001286	0.064123	0.036552
48	C	68	14828	13538	0.005023	0	0	14828	95	22555	20414	0.004654	0	0	22555	0	0	0	nan	0	0	0	0.000369	0.000774	0.000369	0.000774	0.010488	0.022000
49	A	179	14848	13749	0.013019	0	0	14848	103	22572	20716	0.004972	0	0	22572	0	0	0	nan	0	0	0	0.008047	0.001089	0.008047	0.001089	0.228722	0.030953
50	C	152	14851	13675	0.011115	0	0	14851	165	22573	20599	0.008010	0	0	22573	0	0	0	nan	0	0	0	0.003105	0.001096	0.003105	0.001096	0.088254	0.031152
51	C	83	14847	14046	0.005909	0	0	14847	79	22573	21241	0.003719	0	0	22573	0	0	0	nan	0	0	0	0.002190	0.000772	0.002190	0.000772	0.062247	0.021943
52	A	103	14854	13892	0.007414	0	0	14854	53	22574	21100	0.002512	0	0	22574	0	0	0	nan	0	0	0	0.004902	0.000808	0.004902	0.000808	0.139331	0.022966
53	G	356	14834	13905	0.025602	0	0	14834	216	22542	21186	0.010195	0	0	22542	0	0	0	nan	0	0	0	0.015407	0.001524	0.015407	0.001524	0.437917	0.043317
54	U	288	14827	13736	0.020967	0	0	14827	691	22539	20967	0.032957	0	0	22539	0	0	0	nan	0	0	0	-0.011990	0.001760	-0.011990	0.001760	-0.340795	0.050025
55	U	287	14816	13658	0.021013	0	0	14816	389	22533	20846	0.018661	0	0	22533	0	0	0	nan	0	0	0	0.002353	0.001560	0.002353	0.001560	0.066880	0.044340
56	C	167	14802	13578	0.012299	0	0	14802	344	22518	20700	0.016618	0	0	22518	0	0	0	nan	0	0	0	-0.004319	0.001307	-0.004319	0.001307	-0.122760	0.037149
57	G	13	14793	13427	0.000968	0	0	14793	80	22504	20851	0.003837	0	0	22504	0	0	0	nan	0	0	0	-0.002869	0.000506	-0.002869	0.000506	-0.081546	0.014382
58	A	8140	14776	13322	0.611019	0	0	14776	225	22500	20648	0.010897	0	0	22500	0	0	0	nan	0	0	0	0.600122	0.006811	0.600122	0.006811	17.057435	0.193591
59	U	126	14765	13489	0.009341	0	0	14765	304	22475	20731	0.014664	0	0	22475	0	0	0	nan	0	0	0	-0.005323	0.001183	-0.005323	0.001183	-0.151297	0.033625
60	U	124	14745	13396	0.009256	0	0	14745	304	22437	20161	0.015079	0	0	22437	0	0	0	nan	0	0	0	-0.005822	0.001200	-0.005822	0.001200	-0.165480	0.034108
61	C	53	14728	13394	0.003957	0	0	14728	230	22418	20106	0.011439	0	0	22418	0	0	0	nan	0	0	0	-0.007482	0.000930	-0.007482	0.000930	-0.212663	0.026434
62	C	115	14724	13151	0.008745	0	0	14724	140	22412	19796	0.007072	0	0	22412	0	0	0	nan	0	0	0	0.001672	0.001011	0.001672	0.001011	0.047524	0.028736
63	G	147	14710	12961	0.011342	0	0	14710	162	22385	19585	0.008272	0	0	22385	0	0	0	nan	0	0	0	0.003070	0.001139	0.003070	0.001139	0.087259	0.032374
64	G	672	14702	12960	0.051852	0	0	14702	247	22362	19580	0.012615	0	0	22362	0	0	0	nan	0	0	0	0.039237	0.002155	0.039237	0.002155	1.115244	0.061252
65	U	111	14697	13290	0.008352	0	0	14697	159	22359	20090	0.007914	0	0	22359	0	0	0	nan	0	0	0	0.000438	0.001011	0.000438	0.001011	0.012449	0.028736
66	A	103	14686	13658	0.007541	0	0	14686	55	22351	20760	0.002649	0	0	22351	0	0	0	nan	0	0	0	0.004892	0.000824	0.004892	0.000824	0.139047	0.023421
67	G	392	14670	13609	0.028804	0	0	14670	178	22319	20660	0.008616	0	0	22319	0	0	0	nan	0	0	0	0.020189	0.001592	0.020189	0.001592	0.573838	0.045250
68	U	279	14660	13497	0.020671	0	0	14660	323	22309	20526	0.015736	0	0	22309	0	0	0	nan	0	0	0	0.004935	0.001516	0.004935	0.001516	0.140269	0.043090
69	C	129	14649	13228	0.009752	0	0	14649	178	22298	20103	0.008854	0	0	22298	0	0	0	nan	0	0	0	0.000898	0.001085	0.000898	0.001085	0.025524	0.030839
70	G	402	14638	12923	0.031107	0	0	14638	193	22290	19658	0.009818	0	0	22290	0	0	0	nan	0	0	0	0.021289	0.001705	0.021289	0.001705	0.605103	0.048462
71	G	819	14629	12866	0.063656	0	0	14629	331	22283	19560	0.016922	0	0	22283	0	0	0	nan	0	0	0	0.046734	0.002411	0.046734	0.002411	1.328334	0.068529
72	C	304	14624	12417	0.024483	0	0	14624	437	22282	19184	0.022779	0	0	22282	0	0	0	nan	0	0	0	0.001703	0.001777	0.001703	0.001777	0.048405	0.050508
73	A	402	14616	12842	0.031304	0	0	14616	126	22274	19937	0.006320	0	0	22274	0	0	0	nan	0	0	0	0.024984	0.001660	0.024984	0.001660	0.710127	0.047183
74	C	571	14583	12650	0.045138	0	0	14583	75	22239	19597	0.003827	0	0	22239	0	0	0	nan	0	0	0	0.041311	0.001940	0.041311	0.001940	1.174194	0.055141
75	C	604	14551	12555	0.048108	0	0	14551	36	22219	19979	0.001802	0	0	22219	0	0	0	nan	0	0	0	0.046306	0.001980	0.046306	0.001980	1.316168	0.056278
76	A	0	13945	0	nan	0	0	13945	0	21931	0	nan	0	0	21931	0	0	0	nan	0	0	0	nan	nan	nan	nan	nan	nan