Nucleotide	Sequence	Modified_mutations	Modified_read_depth	Modified_effective_depth	Modified_rate	Modified_off_target_mapped_depth	Modified_low_mapq_mapped_depth	Modified_mapped_depth	Untreated_mutations	Untreated_read_depth	Untreated_effective_depth	Untreated_rate	Untreated_off_target_mapped_depth	Untreated_low_mapq_mapped_depth	Untreated_mapped_depth	Denatured_mutations	Denatured_read_depth	Denatured_effective_depth	Denatured_rate	Denatured_off_target_mapped_depth	Denatured_low_mapq_mapped_depth	Denatured_mapped_depth	Reactivity_profile	Std_err	HQ_profile	HQ_stderr	Norm_profile	Norm_stderr
1	G	0	5902	5779	0.000000	0	0	5902	0	9046	8883	0.000000	0	0	9046	0	0	0	nan	0	0	0	0.000000	0.000000	0.000000	0.000000	0.000000	0.000000
2	C	0	6290	6114	0.000000	0	0	6290	0	9279	9031	0.000000	0	0	9279	0	0	0	nan	0	0	0	0.000000	0.000000	0.000000	0.000000	0.000000	0.000000
3	A	31	6397	6244	0.004965	0	0	6397	13	9342	9075	0.001433	0	0	9342	0	0	0	nan	0	0	0	0.003532	0.000976	0.003532	0.000976	0.109797	0.030340
4	U	87	6574	6359	0.013681	0	0	6574	110	9444	9094	0.012096	0	0	9444	0	0	0	nan	0	0	0	0.001586	0.001866	0.001586	0.001866	0.049303	0.058007
5	C	64	6643	6361	0.010061	0	0	6643	75	9500	9099	0.008243	0	0	9500	0	0	0	nan	0	0	0	0.001819	0.001577	0.001819	0.001577	0.056546	0.049023
6	C	48	6935	6603	0.007269	0	0	6935	47	9784	9356	0.005024	0	0	9784	0	0	0	nan	0	0	0	0.002246	0.001280	0.002246	0.001280	0.069820	0.039791
7	G	187	7000	6631	0.028201	0	0	7000	53	9866	9410	0.005632	0	0	9866	0	0	0	nan	0	0	0	0.022569	0.002203	0.022569	0.002203	0.701589	0.068483
8	U	936	7243	6881	0.136027	0	0	7243	1138	10165	9696	0.117368	0	0	10165	0	0	0	nan	0	0	0	0.018659	0.005646	nan	nan	nan	nan
9	A	207	7421	7096	0.029171	0	0	7421	15	10466	10060	0.001491	0	0	10466	0	0	0	nan	0	0	0	0.027680	0.002064	0.027680	0.002064	0.860471	0.064162
10	G	134	7604	7284	0.018396	0	0	7604	152	10512	10100	0.015050	0	0	10512	0	0	0	nan	0	0	0	0.003347	0.002004	0.003347	0.002004	0.104046	0.062297
11	C	71	7679	7352	0.009657	0	0	7679	66	10593	10187	0.006479	0	0	10593	0	0	0	nan	0	0	0	0.003178	0.001396	0.003178	0.001396	0.098793	0.043397
12	U	61	7942	7542	0.008088	0	0	7942	92	10990	10486	0.008774	0	0	10990	0	0	0	nan	0	0	0	-0.000686	0.001382	-0.000686	0.001382	-0.021325	0.042961
13	C	31	8006	7467	0.004152	0	0	8006	64	11094	10295	0.006217	0	0	11094	0	0	0	nan	0	0	0	-0.002065	0.001077	-0.002065	0.001077	-0.064193	0.033480
14	A	124	8089	7482	0.016573	0	0	8089	20	11311	10448	0.001914	0	0	11311	0	0	0	nan	0	0	0	0.014659	0.001549	0.014659	0.001549	0.455695	0.048153
15	G	70	8106	7565	0.009253	0	0	8106	104	11325	10507	0.009898	0	0	11325	0	0	0	nan	0	0	0	-0.000645	0.001471	-0.000645	0.001471	-0.020051	0.045728
16	C	220	8161	7696	0.028586	0	0	8161	103	11473	10851	0.009492	0	0	11473	0	0	0	nan	0	0	0	0.019094	0.002142	0.019094	0.002142	0.593563	0.066587
17	U	55	8203	7725	0.007120	0	0	8203	135	11546	10862	0.012429	0	0	11546	0	0	0	nan	0	0	0	-0.005309	0.001437	-0.005309	0.001437	-0.165038	0.044671
18	G	133	8235	7735	0.017195	0	0	8235	96	11593	10896	0.008811	0	0	11593	0	0	0	nan	0	0	0	0.008384	0.001741	0.008384	0.001741	0.260628	0.054121
19	G	71	8312	7896	0.008992	0	0	8312	36	11669	11103	0.003242	0	0	11669	0	0	0	nan	0	0	0	0.005750	0.001196	0.005750	0.001196	0.178747	0.037179
20	A	233	8359	7999	0.029129	0	0	8359	92	11725	11233	0.008190	0	0	11725	0	0	0	nan	0	0	0	0.020938	0.002091	0.020938	0.002091	0.650887	0.065002
21	U	41	8425	8064	0.005084	0	0	8425	88	11782	11321	0.007773	0	0	11782	0	0	0	nan	0	0	0	-0.002689	0.001148	-0.002689	0.001148	-0.083591	0.035687
22	A	24	8438	7996	0.003002	0	0	8438	19	11821	11271	0.001686	0	0	11821	0	0	0	nan	0	0	0	0.001316	0.000725	0.001316	0.000725	0.040910	0.022538
23	G	45	8458	8058	0.005585	0	0	8458	39	11854	11375	0.003429	0	0	11854	0	0	0	nan	0	0	0	0.002156	0.000997	0.002156	0.000997	0.067022	0.030993
24	A	72	8460	8024	0.008973	0	0	8460	23	11865	11272	0.002040	0	0	11865	0	0	0	nan	0	0	0	0.006933	0.001140	0.006933	0.001140	0.215522	0.035438
25	G	233	8463	7988	0.029169	0	0	8463	102	11866	11189	0.009116	0	0	11866	0	0	0	nan	0	0	0	0.020053	0.002113	0.020053	0.002113	0.623375	0.065686
26	U	54	8472	7988	0.006760	0	0	8472	63	11884	11214	0.005618	0	2	11884	0	0	0	nan	0	0	0	0.001142	0.001161	0.001142	0.001161	0.035501	0.036091
27	A	396	8475	8074	0.049046	0	0	8475	67	11907	11369	0.005893	0	2	11907	0	0	0	nan	0	0	0	0.043153	0.002568	0.043153	0.002568	1.341471	0.079830
28	C	87	8487	8117	0.010718	0	0	8487	102	11910	11395	0.008951	0	2	11910	0	0	0	nan	0	0	0	0.001767	0.001451	0.001767	0.001451	0.054930	0.045106
29	U	117	8548	8097	0.014450	0	0	8548	123	11973	11339	0.010848	0	2	11973	0	0	0	nan	0	0	0	0.003602	0.001656	0.003602	0.001656	0.111973	0.051479
30	C	87	8564	7960	0.010930	0	0	8564	115	11992	11152	0.010312	0	2	11992	0	0	0	nan	0	0	0	0.000618	0.001516	0.000618	0.001516	0.019211	0.047127
31	G	199	8565	7865	0.025302	0	0	8565	211	12015	11092	0.019023	0	2	12015	0	0	0	nan	0	0	0	0.006279	0.002221	0.006279	0.002221	0.195191	0.069043
32	G	170	8565	7651	0.022219	0	0	8565	197	12017	11111	0.017730	0	2	12017	0	0	0	nan	0	0	0	0.004489	0.002121	0.004489	0.002121	0.139547	0.065934
33	C	4575	8568	7874	0.581026	0	0	8568	913	12024	11237	0.081249	0	2	12024	0	0	0	nan	0	0	0	0.499777	0.009001	nan	nan	nan	nan
34	U	38	8591	7967	0.004770	0	0	8591	13	12028	11299	0.001151	0	2	12028	0	0	0	nan	0	0	0	0.003619	0.000837	0.003619	0.000837	0.112502	0.026019
35	A	6779	8594	7688	0.881764	0	0	8594	10538	12022	11222	0.939048	0	2	12022	0	0	0	nan	0	0	0	-0.057285	0.014084	nan	nan	nan	nan
36	C	399	8664	8094	0.049296	0	0	8664	145	12072	11335	0.012792	0	2	12072	0	0	0	nan	0	0	0	0.036504	0.002687	0.036504	0.002687	1.134777	0.083529
37	G	285	8679	7969	0.035764	0	0	8679	87	12071	11048	0.007875	0	2	12071	0	0	0	nan	0	0	0	0.027889	0.002280	0.027889	0.002280	0.866968	0.070877
38	A	192	8692	7361	0.026083	0	0	8692	33	12074	10041	0.003287	0	2	12074	0	0	0	nan	0	0	0	0.022797	0.001967	0.022797	0.001967	0.708676	0.061147
39	A	487	8694	7481	0.065098	0	0	8694	151	12078	10171	0.014846	0	2	12078	0	0	0	nan	0	0	0	0.050252	0.003188	0.050252	0.003188	1.562153	0.099103
40	C	114	8698	7644	0.014914	0	0	8698	109	12076	10435	0.010446	0	2	12076	0	0	0	nan	0	0	0	0.004468	0.001718	0.004468	0.001718	0.138894	0.053406
41	C	97	8694	8229	0.011788	0	0	8694	96	12075	11476	0.008365	0	2	12075	0	0	0	nan	0	0	0	0.003422	0.001470	0.003422	0.001470	0.106378	0.045697
42	G	192	8695	7849	0.024462	0	0	8695	78	12074	10825	0.007206	0	2	12074	0	0	0	nan	0	0	0	0.017256	0.001945	0.017256	0.001945	0.536427	0.060463
43	A	129	8694	7828	0.016479	0	0	8694	34	12072	10795	0.003150	0	2	12072	0	0	0	nan	0	0	0	0.013330	0.001548	0.013330	0.001548	0.414381	0.048122
44	G	353	8687	7898	0.044695	0	1	8687	235	12066	10882	0.021595	0	3	12066	0	0	0	nan	0	0	0	0.023100	0.002765	0.023100	0.002765	0.718095	0.085954
45	C	208	8686	8192	0.025391	0	1	8686	120	12068	11407	0.010520	0	3	12068	0	0	0	nan	0	0	0	0.014871	0.002005	0.014871	0.002005	0.462286	0.062328
46	G	46	8691	8131	0.005657	0	1	8691	20	12078	11331	0.001765	0	4	12078	0	0	0	nan	0	0	0	0.003892	0.000923	0.003892	0.000923	0.120988	0.028693
47	G	484	8711	8016	0.060379	0	1	8711	183	12114	11124	0.016451	0	4	12114	0	0	0	nan	0	0	0	0.043928	0.003002	0.043928	0.003002	1.365563	0.093321
48	U	934	10688	10035	0.093074	0	1	10688	1517	13069	12166	0.124692	0	5	13069	0	0	0	nan	0	0	0	-0.031618	0.004419	nan	nan	nan	nan
49	C	29	11036	10270	0.002824	0	1	11036	18	13345	12334	0.001459	0	5	13345	0	0	0	nan	0	0	0	0.001364	0.000627	0.001364	0.000627	0.042402	0.019491
50	G	97	11073	10322	0.009397	0	1	11073	43	13374	12439	0.003457	0	5	13374	0	0	0	nan	0	0	0	0.005941	0.001090	0.005941	0.001090	0.184684	0.033884
51	G	54	11089	10346	0.005219	0	1	11089	40	13386	12426	0.003219	0	5	13386	0	0	0	nan	0	0	0	0.002000	0.000874	0.002000	0.000874	0.062173	0.027169
52	A	100	11085	10448	0.009571	0	1	11085	78	13384	12589	0.006196	0	5	13384	0	0	0	nan	0	0	0	0.003375	0.001187	0.003375	0.001187	0.104917	0.036900
53	G	374	11082	10382	0.036024	0	1	11082	320	13378	12582	0.025433	0	5	13378	0	0	0	nan	0	0	0	0.010591	0.002343	0.010591	0.002343	0.329236	0.072835
54	G	554	11074	10298	0.053797	0	1	11074	169	13374	12481	0.013541	0	5	13374	0	0	0	nan	0	0	0	0.040256	0.002512	0.040256	0.002512	1.251413	0.078089
55	U	192	11073	10338	0.018572	0	1	11073	320	13378	12527	0.025545	0	5	13378	0	0	0	nan	0	0	0	-0.006973	0.001958	-0.006973	0.001958	-0.216765	0.060867
56	U	195	11081	10348	0.018844	0	1	11081	233	13390	12560	0.018551	0	5	13390	0	0	0	nan	0	0	0	0.000293	0.001816	0.000293	0.001816	0.009108	0.056453
57	C	103	11079	10315	0.009985	0	1	11079	115	13388	12501	0.009199	0	5	13388	0	0	0	nan	0	0	0	0.000786	0.001305	0.000786	0.001305	0.024434	0.040568
58	G	37	11078	10084	0.003669	0	1	11078	49	13387	12461	0.003932	0	5	13387	0	0	0	nan	0	0	0	-0.000263	0.000824	-0.000263	0.000824	-0.008176	0.025615
59	A	3306	11073	10193	0.324340	0	1	11073	19	13386	12582	0.001510	0	5	13386	0	0	0	nan	0	0	0	0.322830	0.005652	0.322830	0.005652	10.035616	0.175700
60	A	88	11072	10260	0.008577	0	1	11072	105	13381	12603	0.008331	0	5	13381	0	0	0	nan	0	0	0	0.000246	0.001224	0.000246	0.001224	0.007647	0.038050
61	U	91	11065	10319	0.008819	0	1	11065	148	13374	12425	0.011911	0	5	13374	0	0	0	nan	0	0	0	-0.003093	0.001347	-0.003093	0.001347	-0.096150	0.041873
62	C	36	11062	10084	0.003570	0	1	11062	69	13367	12114	0.005696	0	5	13367	0	0	0	nan	0	0	0	-0.002126	0.000908	-0.002126	0.000908	-0.066090	0.028226
63	C	25	11057	10020	0.002495	0	1	11057	34	13352	12097	0.002811	0	5	13352	0	0	0	nan	0	0	0	-0.000316	0.000694	-0.000316	0.000694	-0.009823	0.021574
64	U	81	11043	10056	0.008055	0	1	11043	76	13332	12126	0.006268	0	5	13332	0	0	0	nan	0	0	0	0.001787	0.001148	0.001787	0.001148	0.055551	0.035687
65	C	73	11036	10008	0.007294	0	1	11036	115	13315	12083	0.009518	0	5	13315	0	0	0	nan	0	0	0	-0.002223	0.001231	-0.002223	0.001231	-0.069105	0.038267
66	C	118	11028	9910	0.011907	0	1	11028	127	13295	11907	0.010666	0	5	13295	0	0	0	nan	0	0	0	0.001241	0.001448	0.001241	0.001448	0.038578	0.045013
67	C	81	11019	9792	0.008272	0	1	11019	83	13283	11698	0.007095	0	5	13283	0	0	0	nan	0	0	0	0.001177	0.001205	0.001177	0.001205	0.036589	0.037459
68	G	199	11003	9741	0.020429	0	1	11003	132	13253	11666	0.011315	0	3	13253	0	0	0	nan	0	0	0	0.009114	0.001751	0.009114	0.001751	0.283321	0.054432
69	G	170	10999	9631	0.017651	0	1	10999	51	13250	11733	0.004347	0	3	13250	0	0	0	nan	0	0	0	0.013305	0.001484	0.013305	0.001484	0.413604	0.046132
70	A	125	10996	9777	0.012785	0	1	10996	103	13246	11895	0.008659	0	3	13246	0	0	0	nan	0	0	0	0.004126	0.001427	0.004126	0.001427	0.128262	0.044360
71	U	78	10992	9813	0.007949	0	1	10992	56	13241	11998	0.004667	0	3	13241	0	0	0	nan	0	0	0	0.003281	0.001095	0.003281	0.001095	0.101994	0.034040
72	G	352	10974	9918	0.035491	0	1	10974	98	13230	11965	0.008191	0	3	13230	0	0	0	nan	0	0	0	0.027300	0.002065	0.027300	0.002065	0.848658	0.064193
73	C	217	10973	8944	0.024262	0	1	10973	250	13228	11001	0.022725	0	3	13228	0	0	0	nan	0	0	0	0.001537	0.002186	0.001537	0.002186	0.047780	0.067955
74	A	285	10969	9044	0.031513	0	1	10969	76	13217	11178	0.006799	0	3	13217	0	0	0	nan	0	0	0	0.024714	0.002023	0.024714	0.002023	0.768269	0.062888
75	C	385	10936	8741	0.044045	0	1	10936	58	13192	10859	0.005341	0	3	13192	0	0	0	nan	0	0	0	0.038704	0.002352	0.038704	0.002352	1.203167	0.073115
76	C	257	10924	9215	0.027889	0	1	10924	12	13171	11497	0.001044	0	3	13171	0	0	0	nan	0	0	0	0.026846	0.001766	0.026846	0.001766	0.834545	0.054899
77	A	0	10568	0	nan	0	1	10568	0	12973	0	nan	0	3	12973	0	0	0	nan	0	0	0	nan	nan	nan	nan	nan	nan