0.000000
0.000000
0.101710
0.441714
0.431648
0.007208
0.088456
0.000000
0.850000
0.071807
0.063915
0.000000
0.052031
0.254378
0.106981
0.000000
0.000000
0.067667
0.246486
0.000000
0.000000
0.105641
0.126936
0.614427
0.028651
0.850000
0.181231
0.080921
0.367792
0.108024
0.121545
0.000000
0.098225
0.850000
0.850000
0.058464
0.000000
0.598165
0.000000
0.411097
0.066982
0.601173
0.272844
0.137092
0.514385
0.000000
0.127651
0.033357
0.667769
0.032851
0.180605
0.040714
0.516232
0.000000
0.000000
0.093072
0.000000
0.850000
0.724059
0.000000
0.000000
0.029277
0.062843
0.000000
0.000000
0.068710
0.213665
0.078211
0.041041
0.565642
0.850000
0.002025
0.850000
0.850000
0.850000
0.000000
