0.000000
0.000000
0.128505
0.850000
0.047683
0.000000
0.053664
0.000000
0.850000
0.092481
0.008192
0.022271
0.052826
0.489795
0.159712
0.674874
0.000000
0.402434
0.237230
0.850000
0.182751
0.049638
0.159131
0.682740
0.029694
0.174606
0.088385
0.067674
0.049894
0.378278
0.078611
0.324079
0.072793
0.766913
0.850000
0.850000
0.850000
0.000140
0.482511
0.054409
0.145237
0.126504
0.540318
0.097880
0.254125
0.000000
0.089270
0.053967
0.186475
0.191501
0.117731
0.309046
0.463964
0.000000
0.010239
0.147425
0.000000
0.850000
0.000000
0.000000
0.000000
0.003654
0.313560
0.000000
0.000000
0.000000
0.056643
0.530009
0.052710
0.000000
0.052594
0.005283
0.850000
0.850000
0.579158
0.000000
