0.000000
0.000000
0.000000
0.157298
0.394387
0.309973
0.261402
0.000000
0.000000
0.136494
0.171697
0.273016
0.347738
0.667597
0.558341
0.850000
0.481697
0.397590
0.850000
0.156017
0.850000
0.187432
0.850000
0.367762
0.377983
0.850000
0.850000
0.366982
0.011057
0.105719
0.850000
0.167825
0.307132
0.036010
0.155154
0.032668
0.304096
0.000000
0.850000
0.042332
0.039519
0.000000
0.502111
0.000668
0.074193
0.191832
0.000000
0.255860
0.850000
0.000000
0.587194
0.474345
0.250847
0.053751
0.000000
0.126718
0.390293
0.483340
0.155321
0.092685
0.093465
0.574188
0.000000
0.000000
0.006211
0.101653
0.850000
0.170583
0.000000
0.000000
0.000000
0.000000
0.000000
0.110064
0.000000
0.000000
0.035286
0.011251
0.096947
0.000000
0.000000
0.571180
0.850000
0.850000
0.000000
