Nucleotide	Sequence	Modified_mutations	Modified_read_depth	Modified_effective_depth	Modified_rate	Modified_off_target_mapped_depth	Modified_low_mapq_mapped_depth	Modified_mapped_depth	Untreated_mutations	Untreated_read_depth	Untreated_effective_depth	Untreated_rate	Untreated_off_target_mapped_depth	Untreated_low_mapq_mapped_depth	Untreated_mapped_depth	Denatured_mutations	Denatured_read_depth	Denatured_effective_depth	Denatured_rate	Denatured_off_target_mapped_depth	Denatured_low_mapq_mapped_depth	Denatured_mapped_depth	Reactivity_profile	Std_err	HQ_profile	HQ_stderr	Norm_profile	Norm_stderr
1	A	0	11702	11480	0.000000	0	0	11702	0	24695	24260	0.000000	0	0	24695	0	0	0	nan	0	0	0	0.000000	0.000000	0.000000	0.000000	0.000000	0.000000
2	G	0	12185	11717	0.000000	0	0	12185	0	25260	24247	0.000000	0	0	25260	0	0	0	nan	0	0	0	0.000000	0.000000	0.000000	0.000000	0.000000	0.000000
3	G	268	12694	11985	0.022361	0	0	12694	282	25703	24273	0.011618	0	0	25703	0	0	0	nan	0	0	0	0.010743	0.001531	0.010743	0.001531	0.339225	0.048343
4	G	466	12762	11881	0.039222	0	0	12762	239	25773	24236	0.009861	0	0	25773	0	0	0	nan	0	0	0	0.029361	0.001926	0.029361	0.001926	0.927113	0.060816
5	G	982	12822	12012	0.081752	0	0	12822	252	25809	24202	0.010412	0	0	25809	0	0	0	nan	0	0	0	0.071339	0.002690	0.071339	0.002690	2.252624	0.084940
6	C	72	12915	12189	0.005907	0	0	12915	103	25853	24386	0.004224	0	0	25853	0	0	0	nan	0	0	0	0.001683	0.000811	0.001683	0.000811	0.053143	0.025608
7	G	321	12944	11994	0.026763	0	0	12944	123	25914	23864	0.005154	0	0	25914	0	0	0	nan	0	0	0	0.021609	0.001564	0.021609	0.001564	0.682333	0.049385
8	U	2151	13430	12572	0.171094	0	0	13430	3514	26506	24630	0.142672	0	0	26506	0	0	0	nan	0	0	0	0.028423	0.004405	nan	nan	nan	nan
9	A	154	13811	12966	0.011877	0	0	13811	35	26948	25130	0.001393	0	0	26948	0	0	0	nan	0	0	0	0.010484	0.000986	0.010484	0.000986	0.331046	0.031134
10	G	606	14140	13254	0.045722	0	0	14140	206	27019	25151	0.008191	0	0	27019	0	0	0	nan	0	0	0	0.037532	0.001943	0.037532	0.001943	1.185123	0.061353
11	U	135	14599	13600	0.009926	0	0	14599	338	27476	25370	0.013323	0	0	27476	0	0	0	nan	0	0	0	-0.003396	0.001120	-0.003396	0.001120	-0.107233	0.035365
12	U	159	15116	13915	0.011427	0	0	15116	243	28458	25937	0.009369	0	0	28458	0	0	0	nan	0	0	0	0.002058	0.001087	0.002058	0.001087	0.064984	0.034323
13	C	137	15290	14420	0.009501	0	0	15290	113	28859	27033	0.004180	0	0	28859	0	0	0	nan	0	0	0	0.005321	0.000902	0.005321	0.000902	0.168018	0.028482
14	A	29	15521	14577	0.001989	0	0	15521	18	29479	27481	0.000655	0	0	29479	0	0	0	nan	0	0	0	0.001334	0.000400	0.001334	0.000400	0.042123	0.012631
15	A	81	15842	15020	0.005393	0	0	15842	149	29821	28186	0.005286	0	0	29821	0	0	0	nan	0	0	0	0.000106	0.000739	0.000106	0.000739	0.003347	0.023335
16	U	310	16554	15526	0.019967	0	0	16554	663	31116	29106	0.022779	0	1	31116	0	0	0	nan	0	0	0	-0.002812	0.001438	-0.002812	0.001438	-0.088793	0.045407
17	U	22	16811	15701	0.001401	0	0	16811	27	31679	29513	0.000915	0	1	31679	0	0	0	nan	0	0	0	0.000486	0.000347	0.000486	0.000347	0.015346	0.010957
18	G	113	16866	15816	0.007145	0	0	16866	180	31902	29809	0.006038	0	1	31902	0	0	0	nan	0	0	0	0.001106	0.000809	0.001106	0.000809	0.034923	0.025545
19	G	429	17026	16051	0.026727	0	0	17026	223	32034	30125	0.007402	0	1	32034	0	0	0	nan	0	0	0	0.019325	0.001382	0.019325	0.001382	0.610213	0.043638
20	U	156	17125	16316	0.009561	0	0	17125	377	32120	30577	0.012330	0	1	32120	0	0	0	nan	0	0	0	-0.002768	0.000995	-0.002768	0.000995	-0.087403	0.031418
21	A	67	17147	16353	0.004097	0	0	17147	71	32160	30693	0.002313	0	1	32160	0	0	0	nan	0	0	0	0.001784	0.000571	0.001784	0.000571	0.056332	0.018030
22	G	214	17191	16152	0.013249	0	0	17191	117	32197	30378	0.003851	0	1	32197	0	0	0	nan	0	0	0	0.009398	0.000973	0.009398	0.000973	0.296754	0.030724
23	A	172	17201	16003	0.010748	0	0	17201	70	32216	30036	0.002331	0	1	32216	0	0	0	nan	0	0	0	0.008417	0.000866	0.008417	0.000866	0.265778	0.027345
24	G	783	17204	15931	0.049149	0	0	17204	362	32213	29748	0.012169	0	1	32213	0	0	0	nan	0	0	0	0.036981	0.001869	0.036981	0.001869	1.167724	0.059016
25	C	86	17200	15897	0.005410	0	0	17200	147	32213	29727	0.004945	0	1	32213	0	0	0	nan	0	0	0	0.000465	0.000712	0.000465	0.000712	0.014683	0.022482
26	A	1634	17201	15988	0.102202	0	0	17201	247	32226	29950	0.008247	0	1	32226	0	0	0	nan	0	0	0	0.093955	0.002582	0.093955	0.002582	2.966755	0.081530
27	C	201	17197	15893	0.012647	0	0	17197	366	32220	29795	0.012284	0	1	32220	0	0	0	nan	0	0	0	0.000363	0.001099	0.000363	0.001099	0.011462	0.034702
28	C	98	17195	15812	0.006198	0	0	17195	210	32206	29472	0.007125	0	1	32206	0	0	0	nan	0	0	0	-0.000928	0.000796	-0.000928	0.000796	-0.029303	0.025135
29	G	367	17195	15639	0.023467	0	0	17195	370	32194	29174	0.012683	0	1	32194	0	0	0	nan	0	0	0	0.010784	0.001391	0.010784	0.001391	0.340519	0.043923
30	G	477	17193	15719	0.030345	0	0	17193	315	32184	29302	0.010750	0	1	32184	0	0	0	nan	0	0	0	0.019595	0.001516	0.019595	0.001516	0.618738	0.047870
31	U	194	17217	15984	0.012137	0	0	17217	428	32207	29833	0.014347	0	1	32207	0	0	0	nan	0	0	0	-0.002209	0.001114	-0.002209	0.001114	-0.069752	0.035176
32	C	857	17220	16216	0.052849	0	0	17220	1608	32209	30285	0.053096	0	1	32209	0	0	0	nan	0	0	0	-0.000247	0.002239	nan	nan	nan	nan
33	U	429	17291	16366	0.026213	0	0	17291	927	32265	30477	0.030416	0	1	32265	0	0	0	nan	0	0	0	-0.004203	0.001612	-0.004203	0.001612	-0.132715	0.050901
34	C	783	17309	16309	0.048010	0	0	17309	286	32295	30336	0.009428	0	2	32295	0	0	0	nan	0	0	0	0.038583	0.001804	0.038583	0.001804	1.218310	0.056964
35	C	525	17384	16446	0.031923	0	0	17384	291	32319	30396	0.009574	0	3	32319	0	0	0	nan	0	0	0	0.022349	0.001502	0.022349	0.001502	0.705700	0.047428
36	A	383	17462	16424	0.023320	0	0	17462	49	32370	30257	0.001619	0	3	32370	0	0	0	nan	0	0	0	0.021700	0.001214	0.021700	0.001214	0.685206	0.038334
37	A	1288	17489	16054	0.080229	0	0	17489	2555	32386	29460	0.086728	0	3	32386	0	0	0	nan	0	0	0	-0.006499	0.002818	nan	nan	nan	nan
38	A	596	17630	14495	0.041118	0	0	17630	18	32477	26371	0.000683	0	3	32477	0	0	0	nan	0	0	0	0.040435	0.001692	0.040435	0.001692	1.276789	0.053427
39	A	209	17683	14527	0.014387	0	0	17683	256	32470	26422	0.009689	0	3	32470	0	0	0	nan	0	0	0	0.004698	0.001165	0.004698	0.001165	0.148346	0.036786
40	C	192	17677	14845	0.012934	0	0	17677	358	32440	27086	0.013217	0	3	32440	0	0	0	nan	0	0	0	-0.000284	0.001166	-0.000284	0.001166	-0.008968	0.036818
41	C	178	17663	16237	0.010963	0	0	17663	304	32397	29761	0.010215	0	3	32397	0	0	0	nan	0	0	0	0.000748	0.001009	0.000748	0.001009	0.023619	0.031861
42	G	423	17643	16034	0.026381	0	0	17643	393	32357	29311	0.013408	0	3	32357	0	0	0	nan	0	0	0	0.012974	0.001450	0.012974	0.001450	0.409671	0.045786
43	G	435	17631	15950	0.027273	0	0	17631	511	32331	29138	0.017537	0	3	32331	0	0	0	nan	0	0	0	0.009735	0.001520	0.009735	0.001520	0.307396	0.047996
44	G	420	17613	16019	0.026219	0	0	17613	379	32310	29237	0.012963	0	3	32310	0	0	0	nan	0	0	0	0.013256	0.001442	0.013256	0.001442	0.418576	0.045533
45	U	258	17614	15929	0.016197	0	0	17614	438	32280	29000	0.015103	0	3	32280	0	0	0	nan	0	0	0	0.001093	0.001240	0.001093	0.001240	0.034513	0.039155
46	G	1740	17597	16037	0.108499	0	0	17597	4101	32240	29271	0.140105	0	3	32240	0	0	0	nan	0	0	0	-0.031605	0.003399	nan	nan	nan	nan
47	U	150	17829	16316	0.009193	0	0	17829	264	32364	29517	0.008944	0	3	32364	0	0	0	nan	0	0	0	0.000249	0.000931	0.000249	0.000931	0.007863	0.029398
48	U	161	17836	16037	0.010039	0	0	17836	271	32370	28770	0.009420	0	3	32370	0	0	0	nan	0	0	0	0.000620	0.000976	0.000620	0.000976	0.019577	0.030819
49	G	391	17870	16072	0.024328	0	0	17870	331	32372	28840	0.011477	0	3	32372	0	0	0	nan	0	0	0	0.012851	0.001383	0.012851	0.001383	0.405787	0.043670
50	G	428	17871	16168	0.026472	0	0	17871	624	32362	28944	0.021559	0	3	32362	0	0	0	nan	0	0	0	0.004913	0.001543	0.004913	0.001543	0.155135	0.048722
51	G	205	17863	16493	0.012430	0	0	17863	179	32353	29726	0.006022	0	3	32353	0	0	0	nan	0	0	0	0.006408	0.000978	0.006408	0.000978	0.202341	0.030882
52	A	288	17855	16764	0.017180	0	0	17855	177	32336	30183	0.005864	0	3	32336	0	0	0	nan	0	0	0	0.011315	0.001104	0.011315	0.001104	0.357286	0.034860
53	G	609	17837	16796	0.036259	0	0	17837	271	32305	30248	0.008959	0	3	32305	0	0	0	nan	0	0	0	0.027299	0.001567	0.027299	0.001567	0.862002	0.049480
54	U	334	17821	16729	0.019965	0	0	17821	677	32288	30275	0.022362	0	3	32288	0	0	0	nan	0	0	0	-0.002396	0.001390	-0.002396	0.001390	-0.075657	0.043891
55	U	355	17799	15921	0.022298	0	0	17799	575	32244	28898	0.019898	0	3	32244	0	0	0	nan	0	0	0	0.002400	0.001445	0.002400	0.001445	0.075783	0.045628
56	C	307	17771	15788	0.019445	0	0	17771	346	32205	28684	0.012062	0	3	32205	0	0	0	nan	0	0	0	0.007383	0.001285	0.007383	0.001285	0.233128	0.040576
57	G	56	17763	15479	0.003618	0	0	17763	95	32179	28327	0.003354	0	3	32179	0	0	0	nan	0	0	0	0.000264	0.000593	0.000264	0.000593	0.008336	0.018725
58	A	8500	17739	15806	0.537770	0	0	17739	104	32156	28945	0.003593	0	3	32156	0	0	0	nan	0	0	0	0.534177	0.005844	0.534177	0.005844	16.867352	0.184532
59	G	195	17732	15702	0.012419	0	0	17732	283	32132	28622	0.009887	0	3	32132	0	0	0	nan	0	0	0	0.002531	0.001066	0.002531	0.001066	0.079920	0.033660
60	U	177	17723	15562	0.011374	0	0	17723	419	32112	28540	0.014681	0	3	32112	0	0	0	nan	0	0	0	-0.003307	0.001116	-0.003307	0.001116	-0.104423	0.035239
61	C	72	17710	15629	0.004607	0	0	17710	182	32095	28731	0.006335	0	3	32095	0	0	0	nan	0	0	0	-0.001728	0.000718	-0.001728	0.000718	-0.054564	0.022672
62	U	109	17684	15845	0.006879	0	0	17684	264	32055	29096	0.009073	0	3	32055	0	0	0	nan	0	0	0	-0.002194	0.000864	-0.002194	0.000864	-0.069278	0.027282
63	C	151	17669	16051	0.009408	0	0	17669	267	32017	29184	0.009149	0	3	32017	0	0	0	nan	0	0	0	0.000259	0.000948	0.000259	0.000948	0.008178	0.029934
64	U	94	17657	15950	0.005893	0	0	17657	219	31983	28964	0.007561	0	3	31983	0	0	0	nan	0	0	0	-0.001668	0.000794	-0.001668	0.000794	-0.052669	0.025072
65	C	175	17647	15401	0.011363	0	0	17647	275	31967	27847	0.009875	0	3	31967	0	0	0	nan	0	0	0	0.001488	0.001045	0.001488	0.001045	0.046986	0.032997
66	C	130	17641	14900	0.008725	0	0	17641	181	31952	27137	0.006670	0	3	31952	0	0	0	nan	0	0	0	0.002055	0.000912	0.002055	0.000912	0.064889	0.028798
67	G	418	17638	15017	0.027835	0	0	17638	286	31944	27334	0.010463	0	3	31944	0	0	0	nan	0	0	0	0.017372	0.001495	0.017372	0.001495	0.548544	0.047207
68	C	111	17637	15456	0.007182	0	0	17637	204	31937	28086	0.007263	0	3	31937	0	0	0	nan	0	0	0	-0.000082	0.000850	-0.000082	0.000850	-0.002589	0.026840
69	C	77	17624	16041	0.004800	0	0	17624	114	31922	29012	0.003929	0	3	31922	0	0	0	nan	0	0	0	0.000871	0.000659	0.000871	0.000659	0.027503	0.020809
70	C	61	17606	16072	0.003795	0	0	17606	79	31872	29017	0.002723	0	3	31872	0	0	0	nan	0	0	0	0.001073	0.000574	0.001073	0.000574	0.033881	0.018125
71	C	143	17593	15193	0.009412	0	0	17593	199	31850	27659	0.007195	0	3	31850	0	0	0	nan	0	0	0	0.002217	0.000938	0.002217	0.000938	0.070005	0.029619
72	U	187	17588	14694	0.012726	0	0	17588	239	31846	26803	0.008917	0	3	31846	0	0	0	nan	0	0	0	0.003809	0.001095	0.003809	0.001095	0.120274	0.034576
73	G	548	17569	14388	0.038087	0	0	17569	223	31831	26213	0.008507	0	3	31831	0	0	0	nan	0	0	0	0.029580	0.001724	0.029580	0.001724	0.934028	0.054438
74	C	389	17566	14631	0.026587	0	0	17566	156	31826	26702	0.005842	0	3	31826	0	0	0	nan	0	0	0	0.020745	0.001427	0.020745	0.001427	0.655051	0.045059
75	C	146	17544	14388	0.010147	0	0	17544	42	31809	27060	0.001552	0	3	31809	0	0	0	nan	0	0	0	0.008595	0.000873	0.008595	0.000873	0.271399	0.027566
76	A	0	16928	0	nan	0	0	16928	0	31443	0	nan	0	3	31443	0	0	0	nan	0	0	0	nan	nan	nan	nan	nan	nan