Nucleotide	Sequence	Modified_mutations	Modified_read_depth	Modified_effective_depth	Modified_rate	Modified_off_target_mapped_depth	Modified_low_mapq_mapped_depth	Modified_mapped_depth	Untreated_mutations	Untreated_read_depth	Untreated_effective_depth	Untreated_rate	Untreated_off_target_mapped_depth	Untreated_low_mapq_mapped_depth	Untreated_mapped_depth	Denatured_mutations	Denatured_read_depth	Denatured_effective_depth	Denatured_rate	Denatured_off_target_mapped_depth	Denatured_low_mapq_mapped_depth	Denatured_mapped_depth	Reactivity_profile	Std_err	HQ_profile	HQ_stderr	Norm_profile	Norm_stderr
1	U	0	13376	12932	0.000000	0	37	13376	0	27245	26378	0.000000	0	106	27245	0	0	0	nan	0	0	0	0.000000	0.000000	0.000000	0.000000	0.000000	0.000000
2	G	0	14331	13458	0.000000	0	42	14331	0	28807	27094	0.000000	0	118	28807	0	0	0	nan	0	0	0	0.000000	0.000000	0.000000	0.000000	0.000000	0.000000
3	G	293	15392	14247	0.020566	0	43	15392	378	29566	27335	0.013828	0	125	29566	0	0	0	nan	0	0	0	0.006737	0.001396	0.006737	0.001396	0.169789	0.035183
4	G	441	15546	14245	0.030958	0	43	15546	327	29692	27346	0.011958	0	125	29692	0	0	0	nan	0	0	0	0.019000	0.001616	0.019000	0.001616	0.478848	0.040727
5	G	1205	15689	14617	0.082438	0	43	15689	304	29788	27701	0.010974	0	126	29788	0	0	0	nan	0	0	0	0.071464	0.002457	0.071464	0.002457	1.801073	0.061923
6	U	111	16098	15304	0.007253	0	43	16098	207	30248	28758	0.007198	0	126	30248	0	0	0	nan	0	0	0	0.000055	0.000851	0.000055	0.000851	0.001386	0.021447
7	A	81	16537	15918	0.005089	0	43	16537	86	30783	29611	0.002904	0	126	30783	0	0	0	nan	0	0	0	0.002184	0.000646	0.002184	0.000646	0.055042	0.016281
8	U	2765	17377	16768	0.164897	0	43	17377	4339	31905	30988	0.140022	0	128	31905	0	0	0	nan	0	0	0	0.024875	0.003788	nan	nan	nan	nan
9	C	803	17898	17140	0.046849	0	43	17898	148	32722	31387	0.004715	0	128	32722	0	0	0	nan	0	0	0	0.042134	0.001698	0.042134	0.001698	1.061883	0.042794
10	G	470	18382	17702	0.026551	0	43	18382	514	32846	31719	0.016205	0	128	32846	0	0	0	nan	0	0	0	0.010346	0.001418	0.010346	0.001418	0.260745	0.035737
11	C	220	18553	17692	0.012435	0	43	18553	250	33002	31549	0.007924	0	128	33002	0	0	0	nan	0	0	0	0.004511	0.000977	0.004511	0.000977	0.113689	0.024623
12	C	169	18662	18000	0.009389	0	43	18662	125	33171	32011	0.003905	0	128	33171	0	0	0	nan	0	0	0	0.005484	0.000802	0.005484	0.000802	0.138211	0.020212
13	A	410	18874	17917	0.022883	0	43	18874	60	33523	31764	0.001889	0	128	33523	0	0	0	nan	0	0	0	0.020994	0.001156	0.020994	0.001156	0.529102	0.029134
14	A	685	18980	17941	0.038181	0	43	18980	157	33577	31725	0.004949	0	128	33577	0	0	0	nan	0	0	0	0.033232	0.001511	0.033232	0.001511	0.837530	0.038081
15	G	384	19224	18172	0.021131	0	43	19224	277	33648	31845	0.008698	0	128	33648	0	0	0	nan	0	0	0	0.012433	0.001198	0.012433	0.001198	0.313343	0.030193
16	C	920	19301	18409	0.049976	0	43	19301	437	33758	32318	0.013522	0	128	33758	0	0	0	nan	0	0	0	0.036454	0.001770	0.036454	0.001770	0.918733	0.044608
17	G	484	19388	18478	0.026193	0	43	19388	395	33806	32410	0.012188	0	128	33806	0	0	0	nan	0	0	0	0.014006	0.001339	0.014006	0.001339	0.352986	0.033746
18	G	403	19434	18488	0.021798	0	43	19434	241	33873	32395	0.007439	0	128	33873	0	0	0	nan	0	0	0	0.014359	0.001187	0.014359	0.001187	0.361883	0.029915
19	U	762	19591	18882	0.040356	0	43	19591	691	33988	32880	0.021016	0	128	33988	0	0	0	nan	0	0	0	0.019340	0.001666	0.019340	0.001666	0.487417	0.041987
20	A	41	19737	19144	0.002142	0	43	19737	50	34079	33035	0.001514	0	128	34079	0	0	0	nan	0	0	0	0.000628	0.000397	0.000628	0.000397	0.015827	0.010005
21	A	1877	19784	19149	0.098021	0	43	19784	117	34112	33011	0.003544	0	128	34112	0	0	0	nan	0	0	0	0.094477	0.002286	0.094477	0.002286	2.381059	0.057613
22	G	259	20186	19108	0.013555	0	43	20186	293	34139	32410	0.009040	0	128	34139	0	0	0	nan	0	0	0	0.004514	0.000994	0.004514	0.000994	0.113764	0.025051
23	G	2354	20203	19150	0.122924	0	43	20203	329	34150	32535	0.010112	0	128	34150	0	0	0	nan	0	0	0	0.112812	0.002594	0.112812	0.002594	2.843147	0.065375
24	C	143	20303	18764	0.007621	0	41	20303	151	34164	31770	0.004753	0	124	34164	0	0	0	nan	0	0	0	0.002868	0.000745	0.002868	0.000745	0.072281	0.018776
25	A	3197	20314	18950	0.168707	0	35	20314	336	34219	32039	0.010487	0	109	34219	0	0	0	nan	0	0	0	0.158220	0.003038	0.158220	0.003038	3.987543	0.076565
26	C	207	20357	18697	0.011071	0	34	20357	345	34234	31628	0.010908	0	97	34234	0	0	0	nan	0	0	0	0.000163	0.000968	0.000163	0.000968	0.004108	0.024396
27	C	133	20369	19028	0.006990	0	26	20369	206	34243	32026	0.006432	0	65	34243	0	0	0	nan	0	0	0	0.000557	0.000754	0.000557	0.000754	0.014038	0.019003
28	G	470	20377	18816	0.024979	0	18	20377	386	34250	31642	0.012199	0	45	34250	0	0	0	nan	0	0	0	0.012780	0.001309	0.012780	0.001309	0.322088	0.032990
29	G	561	20384	18698	0.030003	0	11	20384	463	34261	31449	0.014722	0	29	34261	0	0	0	nan	0	0	0	0.015281	0.001440	0.015281	0.001440	0.385120	0.036292
30	U	293	20622	18893	0.015508	0	8	20622	582	34456	31674	0.018375	0	28	34456	0	0	0	nan	0	0	0	-0.002866	0.001184	-0.002866	0.001184	-0.072230	0.029840
31	U	590	21113	19544	0.030188	0	8	21113	1186	34715	32297	0.036722	0	31	34715	0	0	0	nan	0	0	0	-0.006533	0.001638	-0.006533	0.001638	-0.164648	0.041282
32	U	270	21448	20233	0.013345	0	8	21448	444	34993	33125	0.013404	0	32	34993	0	0	0	nan	0	0	0	-0.000059	0.001032	-0.000059	0.001032	-0.001487	0.026009
33	U	3473	21625	20577	0.168781	0	8	21625	4740	35159	33548	0.141290	0	35	35159	0	0	0	nan	0	0	0	0.027491	0.003523	nan	nan	nan	nan
34	U	238	21930	20769	0.011459	0	8	21930	410	35391	33704	0.012165	0	37	35391	0	0	0	nan	0	0	0	-0.000705	0.000955	-0.000705	0.000955	-0.017768	0.024068
35	G	537	21990	20856	0.025748	0	8	21990	284	35424	33674	0.008434	0	37	35424	0	0	0	nan	0	0	0	0.017314	0.001219	0.017314	0.001219	0.436356	0.030722
36	A	314	22065	20911	0.015016	0	7	22065	444	35470	33719	0.013168	0	38	35470	0	0	0	nan	0	0	0	0.001848	0.001053	0.001848	0.001053	0.046574	0.026538
37	U	112	22085	20920	0.005354	0	7	22085	282	35486	33668	0.008376	0	40	35486	0	0	0	nan	0	0	0	-0.003022	0.000710	-0.003022	0.000710	-0.076162	0.017894
38	A	214	22104	20983	0.010199	0	7	22104	474	35511	33694	0.014068	0	40	35511	0	0	0	nan	0	0	0	-0.003869	0.000951	-0.003869	0.000951	-0.097509	0.023968
39	C	213	22115	20506	0.010387	0	7	22115	376	35516	32974	0.011403	0	40	35516	0	0	0	nan	0	0	0	-0.001016	0.000923	-0.001016	0.000923	-0.025606	0.023262
40	C	103	22122	20504	0.005023	0	7	22122	225	35519	32977	0.006823	0	40	35519	0	0	0	nan	0	0	0	-0.001800	0.000672	-0.001800	0.000672	-0.045365	0.016936
41	G	282	22124	20183	0.013972	0	7	22124	239	35518	32528	0.007348	0	40	35518	0	0	0	nan	0	0	0	0.006625	0.000958	0.006625	0.000958	0.166967	0.024144
42	G	515	22121	20659	0.024929	0	7	22121	536	35515	33289	0.016101	0	40	35515	0	0	0	nan	0	0	0	0.008827	0.001300	0.008827	0.001300	0.222463	0.032763
43	C	224	22125	20950	0.010692	0	7	22125	124	35518	33751	0.003674	0	40	35518	0	0	0	nan	0	0	0	0.007018	0.000787	0.007018	0.000787	0.176871	0.019834
44	A	201	22139	21402	0.009392	0	7	22139	198	35522	34484	0.005742	0	40	35522	0	0	0	nan	0	0	0	0.003650	0.000778	0.003650	0.000778	0.091989	0.019608
45	U	203	22158	21193	0.009579	0	7	22158	407	35532	34093	0.011938	0	40	35532	0	0	0	nan	0	0	0	-0.002359	0.000896	-0.002359	0.000896	-0.059453	0.022581
46	U	221	22194	21219	0.010415	0	7	22194	383	35575	34129	0.011222	0	43	35575	0	0	0	nan	0	0	0	-0.000807	0.000905	-0.000807	0.000905	-0.020338	0.022808
47	C	220	22210	20739	0.010608	0	7	22210	306	35580	33413	0.009158	0	43	35580	0	0	0	nan	0	0	0	0.001450	0.000886	0.001450	0.000886	0.036544	0.022329
48	C	130	22217	20464	0.006353	0	7	22217	238	35576	32977	0.007217	0	43	35576	0	0	0	nan	0	0	0	-0.000865	0.000728	-0.000865	0.000728	-0.021800	0.018347
49	C	152	22211	20315	0.007482	0	7	22211	238	35561	32720	0.007274	0	43	35561	0	0	0	nan	0	0	0	0.000208	0.000769	0.000208	0.000769	0.005242	0.019381
50	U	227	22210	20385	0.011136	0	7	22210	320	35555	32632	0.009806	0	43	35555	0	0	0	nan	0	0	0	0.001329	0.000920	0.001329	0.000920	0.033494	0.023186
51	G	349	22206	20530	0.017000	0	7	22206	373	35555	32908	0.011335	0	43	35555	0	0	0	nan	0	0	0	0.005665	0.001083	0.005665	0.001083	0.142772	0.027294
52	G	610	22203	20549	0.029685	0	7	22203	420	35552	32951	0.012746	0	43	35552	0	0	0	nan	0	0	0	0.016939	0.001353	0.016939	0.001353	0.426905	0.034099
53	U	409	22206	20867	0.019600	0	7	22206	836	35556	33526	0.024936	0	43	35556	0	0	0	nan	0	0	0	-0.005336	0.001297	-0.005336	0.001297	-0.134481	0.032688
54	U	416	22204	21019	0.019792	0	7	22204	746	35566	33812	0.022063	0	43	35566	0	0	0	nan	0	0	0	-0.002272	0.001263	-0.002272	0.001263	-0.057260	0.031831
55	C	270	22194	20914	0.012910	0	7	22194	376	35561	33569	0.011201	0	43	35561	0	0	0	nan	0	0	0	0.001709	0.000975	0.001709	0.000975	0.043071	0.024572
56	G	64	22186	20755	0.003084	0	7	22186	151	35555	33842	0.004462	0	43	35555	0	0	0	nan	0	0	0	-0.001378	0.000530	-0.001378	0.000530	-0.034729	0.013357
57	A	13041	22182	20481	0.636736	0	7	22182	100	35552	32793	0.003049	0	43	35552	0	0	0	nan	0	0	0	0.633687	0.005584	0.633687	0.005584	15.970509	0.140731
58	A	163	22181	20728	0.007864	0	7	22181	311	35545	33125	0.009389	0	43	35545	0	0	0	nan	0	0	0	-0.001525	0.000814	-0.001525	0.000814	-0.038434	0.020515
59	U	172	22174	20765	0.008283	0	7	22174	489	35536	32778	0.014919	0	43	35536	0	0	0	nan	0	0	0	-0.006635	0.000924	-0.006635	0.000924	-0.167219	0.023287
60	C	104	22164	20595	0.005050	0	7	22164	271	35530	33061	0.008197	0	43	35530	0	0	0	nan	0	0	0	-0.003147	0.000702	-0.003147	0.000702	-0.079312	0.017692
61	C	104	22152	20646	0.005037	0	7	22152	143	35517	33137	0.004315	0	43	35517	0	0	0	nan	0	0	0	0.000722	0.000612	0.000722	0.000612	0.018196	0.015424
62	A	561	22138	20577	0.027263	0	7	22138	100	35475	32934	0.003036	0	41	35475	0	0	0	nan	0	0	0	0.024227	0.001190	0.024227	0.001190	0.610581	0.029991
63	G	377	22125	20341	0.018534	0	7	22125	424	35458	32652	0.012985	0	41	35458	0	0	0	nan	0	0	0	0.005549	0.001144	0.005549	0.001144	0.139849	0.028832
64	G	909	22110	20116	0.045188	0	7	22110	328	35429	32197	0.010187	0	38	35429	0	0	0	nan	0	0	0	0.035001	0.001601	0.035001	0.001601	0.882113	0.040349
65	U	145	22104	19260	0.007529	0	7	22104	219	35411	30886	0.007091	0	38	35411	0	0	0	nan	0	0	0	0.000438	0.000788	0.000438	0.000788	0.011039	0.019860
66	A	86	22092	19707	0.004364	0	7	22092	115	35390	31692	0.003629	0	38	35390	0	0	0	nan	0	0	0	0.000735	0.000580	0.000735	0.000580	0.018524	0.014617
67	C	167	22087	18875	0.008848	0	7	22087	246	35380	30478	0.008071	0	38	35380	0	0	0	nan	0	0	0	0.000776	0.000856	0.000776	0.000856	0.019557	0.021573
68	C	149	22064	19345	0.007702	0	7	22064	209	35353	31127	0.006714	0	38	35353	0	0	0	nan	0	0	0	0.000988	0.000783	0.000988	0.000783	0.024900	0.019734
69	C	156	22050	18950	0.008232	0	7	22050	213	35337	30335	0.007022	0	38	35337	0	0	0	nan	0	0	0	0.001211	0.000816	0.001211	0.000816	0.030520	0.020565
70	C	143	22034	19326	0.007399	0	7	22034	203	35298	31019	0.006544	0	36	35298	0	0	0	nan	0	0	0	0.000855	0.000771	0.000855	0.000771	0.021548	0.019431
71	A	224	22027	19557	0.011454	0	7	22027	113	35297	31555	0.003581	0	36	35297	0	0	0	nan	0	0	0	0.007873	0.000836	0.007873	0.000836	0.198419	0.021069
72	G	719	22012	19831	0.036256	0	6	22012	319	35280	32060	0.009950	0	34	35280	0	0	0	nan	0	0	0	0.026306	0.001462	0.026306	0.001462	0.662977	0.036846
73	C	847	22003	20099	0.042141	0	6	22003	291	35276	32397	0.008982	0	34	35276	0	0	0	nan	0	0	0	0.033159	0.001541	0.033159	0.001541	0.835690	0.038837
74	C	309	21970	19510	0.015838	0	6	21970	38	35250	32367	0.001174	0	34	35250	0	0	0	nan	0	0	0	0.014664	0.000921	0.014664	0.000921	0.369570	0.023212
75	A	0	21118	0	nan	0	5	21118	0	34868	0	nan	0	34	34868	0	0	0	nan	0	0	0	nan	nan	nan	nan	nan	nan