Nucleotide	Sequence	Modified_mutations	Modified_read_depth	Modified_effective_depth	Modified_rate	Modified_off_target_mapped_depth	Modified_low_mapq_mapped_depth	Modified_mapped_depth	Untreated_mutations	Untreated_read_depth	Untreated_effective_depth	Untreated_rate	Untreated_off_target_mapped_depth	Untreated_low_mapq_mapped_depth	Untreated_mapped_depth	Denatured_mutations	Denatured_read_depth	Denatured_effective_depth	Denatured_rate	Denatured_off_target_mapped_depth	Denatured_low_mapq_mapped_depth	Denatured_mapped_depth	Reactivity_profile	Std_err	HQ_profile	HQ_stderr	Norm_profile	Norm_stderr
1	G	0	1218	1194	0.000000	0	0	1218	0	2829	2773	0.000000	0	0	2829	0	0	0	nan	0	0	0	0.000000	0.000000	0.000000	0.000000	0.000000	0.000000
2	C	0	1290	1247	0.000000	0	0	1290	0	2912	2795	0.000000	0	0	2912	0	0	0	nan	0	0	0	0.000000	0.000000	0.000000	0.000000	0.000000	0.000000
3	G	45	1301	1266	0.035545	0	0	1301	26	2930	2840	0.009155	0	0	2930	0	0	0	nan	0	0	0	0.026390	0.005595	0.026390	0.005595	0.995468	0.211051
4	C	8	1322	1267	0.006314	0	0	1322	25	2936	2821	0.008862	0	0	2936	0	0	0	nan	0	0	0	-0.002548	0.002850	-0.002548	0.002850	-0.096114	0.107506
5	C	16	1326	1278	0.012520	0	0	1326	34	2946	2842	0.011963	0	0	2946	0	0	0	nan	0	0	0	0.000556	0.003742	0.000556	0.003742	0.020973	0.141154
6	C	7	1333	1271	0.005507	0	0	1333	15	2957	2837	0.005287	0	0	2957	0	0	0	nan	0	0	0	0.000220	0.002489	0.000220	0.002489	0.008299	0.093889
7	G	23	1334	1276	0.018025	0	0	1334	17	2962	2838	0.005990	0	0	2962	0	0	0	nan	0	0	0	0.012035	0.004030	0.012035	0.004030	0.453977	0.152017
8	U	218	1394	1299	0.167821	0	0	1394	417	3092	2911	0.143250	0	0	3092	0	0	0	nan	0	0	0	0.024572	0.013357	nan	nan	nan	nan
9	A	46	1432	1352	0.034024	0	0	1432	2	3152	2980	0.000671	0	0	3152	0	0	0	nan	0	0	0	0.033353	0.005039	0.033353	0.005039	1.258122	0.190078
10	G	25	1490	1409	0.017743	0	0	1490	42	3163	2986	0.014066	0	0	3163	0	0	0	nan	0	0	0	0.003677	0.004160	0.003677	0.004160	0.138702	0.156921
11	C	21	1511	1456	0.014423	0	0	1511	25	3191	3059	0.008173	0	0	3191	0	0	0	nan	0	0	0	0.006250	0.003546	0.006250	0.003546	0.235759	0.133760
12	U	11	1581	1506	0.007304	0	0	1581	43	3343	3170	0.013565	0	0	3343	0	0	0	nan	0	0	0	-0.006261	0.003021	-0.006261	0.003021	-0.236174	0.113956
13	C	4	1591	1454	0.002751	0	0	1591	10	3369	3070	0.003257	0	0	3369	0	0	0	nan	0	0	0	-0.000506	0.001718	-0.000506	0.001718	-0.019087	0.064805
14	A	31	1612	1477	0.020988	0	0	1612	7	3455	3158	0.002217	0	0	3455	0	0	0	nan	0	0	0	0.018772	0.003862	0.018772	0.003862	0.708106	0.145680
15	G	15	1617	1484	0.010108	0	0	1617	32	3457	3178	0.010069	0	0	3457	0	0	0	nan	0	0	0	0.000039	0.003159	0.000039	0.003159	0.001471	0.119162
16	C	39	1632	1554	0.025097	0	0	1632	37	3487	3283	0.011270	0	0	3487	0	0	0	nan	0	0	0	0.013826	0.004425	0.013826	0.004425	0.521536	0.166917
17	U	8	1638	1554	0.005148	0	0	1638	45	3501	3268	0.013770	0	0	3501	0	0	0	nan	0	0	0	-0.008622	0.002743	-0.008622	0.002743	-0.325234	0.103470
18	G	25	1641	1555	0.016077	0	0	1641	40	3511	3269	0.012236	0	0	3511	0	0	0	nan	0	0	0	0.003841	0.003753	0.003841	0.003753	0.144888	0.141568
19	G	14	1657	1584	0.008838	0	0	1657	14	3524	3346	0.004184	0	0	3524	0	0	0	nan	0	0	0	0.004654	0.002613	0.004654	0.002613	0.175555	0.098566
20	A	51	1663	1608	0.031716	0	0	1663	45	3536	3413	0.013185	0	0	3536	0	0	0	nan	0	0	0	0.018532	0.004857	0.018532	0.004857	0.699053	0.183213
21	U	10	1674	1625	0.006154	0	0	1674	35	3546	3445	0.010160	0	0	3546	0	0	0	nan	0	0	0	-0.004006	0.002595	-0.004006	0.002595	-0.151112	0.097887
22	A	6	1677	1629	0.003683	0	0	1677	12	3551	3414	0.003515	0	0	3551	0	0	0	nan	0	0	0	0.000168	0.001814	0.000168	0.001814	0.006337	0.068427
23	G	11	1681	1548	0.007106	0	0	1681	17	3554	3138	0.005417	0	0	3554	0	0	0	nan	0	0	0	0.001688	0.002513	0.001688	0.002513	0.063674	0.094794
24	A	8	1680	1528	0.005236	0	0	1680	12	3556	3121	0.003845	0	0	3556	0	0	0	nan	0	0	0	0.001391	0.002158	0.001391	0.002158	0.052470	0.081403
25	G	66	1680	1511	0.043680	0	0	1680	31	3553	3093	0.010023	0	0	3553	0	0	0	nan	0	0	0	0.033657	0.005670	0.033657	0.005670	1.269590	0.213880
26	C	12	1679	1566	0.007663	0	0	1679	24	3554	3322	0.007225	0	0	3554	0	0	0	nan	0	0	0	0.000438	0.002659	0.000438	0.002659	0.016522	0.100301
27	G	41	1678	1580	0.025949	0	0	1678	36	3554	3352	0.010740	0	0	3554	0	0	0	nan	0	0	0	0.015210	0.004430	0.015210	0.004430	0.573743	0.167106
28	C	17	1678	1572	0.010814	0	0	1678	22	3554	3343	0.006581	0	0	3554	0	0	0	nan	0	0	0	0.004233	0.002975	0.004233	0.002975	0.159675	0.112221
29	U	8	1678	1576	0.005076	0	0	1678	37	3555	3344	0.011065	0	0	3555	0	0	0	nan	0	0	0	-0.005988	0.002555	-0.005988	0.002555	-0.225876	0.096378
30	G	32	1676	1556	0.020566	0	0	1676	52	3553	3315	0.015686	0	0	3553	0	0	0	nan	0	0	0	0.004879	0.004237	0.004879	0.004237	0.184043	0.159826
31	C	43	1677	1575	0.027302	0	0	1677	68	3552	3338	0.020371	0	0	3552	0	0	0	nan	0	0	0	0.006930	0.004841	0.006930	0.004841	0.261409	0.182609
32	C	6	1677	1549	0.003873	0	0	1677	39	3553	3339	0.011680	0	0	3553	0	0	0	nan	0	0	0	-0.007807	0.002449	-0.007807	0.002449	-0.294491	0.092380
33	C	1118	1674	1552	0.720361	0	0	1674	153	3551	3301	0.046350	0	0	3551	0	0	0	nan	0	0	0	0.674011	0.021868	0.674011	0.021868	25.424646	0.824892
34	U	29	1684	1571	0.018460	0	0	1684	38	3554	3328	0.011418	0	0	3554	0	0	0	nan	0	0	0	0.007041	0.003896	0.007041	0.003896	0.265596	0.146963
35	C	31	1690	1591	0.019485	0	0	1690	20	3555	3364	0.005945	0	0	3555	0	0	0	nan	0	0	0	0.013539	0.003744	0.013539	0.003744	0.510710	0.141229
36	C	39	1706	1595	0.024451	0	0	1706	86	3557	3317	0.025927	0	0	3557	0	0	0	nan	0	0	0	-0.001476	0.004811	-0.001476	0.004811	-0.055677	0.181478
37	G	34	1707	1575	0.021587	0	0	1707	4	3558	3238	0.001235	0	0	3558	0	0	0	nan	0	0	0	0.020352	0.003753	0.020352	0.003753	0.767706	0.141568
38	G	706	1710	1587	0.444865	0	0	1710	1429	3558	3233	0.442004	0	0	3558	0	0	0	nan	0	0	0	0.002860	0.020421	nan	nan	nan	nan
39	A	6	1721	1618	0.003708	0	0	1721	2	3563	3285	0.000609	0	0	3563	0	0	0	nan	0	0	0	0.003099	0.001574	0.003099	0.001574	0.116899	0.059374
40	G	37	1722	1629	0.022713	0	0	1722	24	3562	3329	0.007209	0	0	3562	0	0	0	nan	0	0	0	0.015504	0.004014	0.015504	0.004014	0.584833	0.151414
41	G	59	1724	1636	0.036064	0	0	1724	37	3564	3349	0.011048	0	0	3564	0	0	0	nan	0	0	0	0.025015	0.005034	0.025015	0.005034	0.943601	0.189890
42	C	10	1723	1642	0.006090	0	0	1723	19	3563	3359	0.005656	0	0	3563	0	0	0	nan	0	0	0	0.000434	0.002322	0.000434	0.002322	0.016371	0.087589
43	A	18	1723	1664	0.010817	0	0	1723	16	3562	3384	0.004728	0	0	3562	0	0	0	nan	0	0	0	0.006089	0.002810	0.006089	0.002810	0.229686	0.105997
44	G	73	1722	1658	0.044029	0	0	1722	27	3558	3368	0.008017	0	0	3558	0	0	0	nan	0	0	0	0.036012	0.005379	0.036012	0.005379	1.358423	0.202903
45	A	22	1723	1644	0.013382	0	0	1723	23	3557	3340	0.006886	0	0	3557	0	0	0	nan	0	0	0	0.006496	0.003194	0.006496	0.003194	0.245038	0.120482
46	G	26	1719	1611	0.016139	0	0	1719	25	3555	3276	0.007631	0	0	3555	0	0	0	nan	0	0	0	0.008508	0.003514	0.008508	0.003514	0.320934	0.132553
47	G	321	1718	1575	0.203810	0	0	1718	713	3555	3189	0.223581	0	0	3555	0	0	0	nan	0	0	0	-0.019772	0.014125	nan	nan	nan	nan
48	U	39	1729	1579	0.024699	0	0	1729	91	3567	3172	0.028689	0	0	3567	0	0	0	nan	0	0	0	-0.003989	0.004969	-0.003989	0.004969	-0.150471	0.187438
49	C	10	1732	1583	0.006317	0	0	1732	15	3567	3210	0.004673	0	0	3567	0	0	0	nan	0	0	0	0.001644	0.002334	0.001644	0.002334	0.062014	0.088042
50	U	15	1736	1635	0.009174	0	0	1736	26	3573	3331	0.007805	0	0	3573	0	0	0	nan	0	0	0	0.001369	0.002820	0.001369	0.002820	0.051641	0.106374
51	C	11	1735	1645	0.006687	0	0	1735	21	3571	3389	0.006197	0	0	3571	0	0	0	nan	0	0	0	0.000490	0.002428	0.000490	0.002428	0.018483	0.091588
52	A	12	1735	1651	0.007268	0	0	1735	11	3569	3396	0.003239	0	0	3569	0	0	0	nan	0	0	0	0.004029	0.002314	0.004029	0.002314	0.151980	0.087287
53	G	40	1734	1619	0.024707	0	0	1734	41	3567	3330	0.012312	0	0	3567	0	0	0	nan	0	0	0	0.012394	0.004354	0.012394	0.004354	0.467519	0.164239
54	G	45	1733	1591	0.028284	0	0	1733	37	3566	3261	0.011346	0	0	3566	0	0	0	nan	0	0	0	0.016938	0.004611	0.016938	0.004611	0.638925	0.173933
55	U	35	1731	1586	0.022068	0	0	1731	108	3566	3246	0.033272	0	0	3566	0	0	0	nan	0	0	0	-0.011204	0.004916	-0.011204	0.004916	-0.422631	0.185438
56	U	24	1731	1609	0.014916	0	0	1731	62	3564	3264	0.018995	0	0	3564	0	0	0	nan	0	0	0	-0.004079	0.003885	-0.004079	0.003885	-0.153866	0.146548
57	C	22	1731	1625	0.013538	0	0	1731	41	3563	3285	0.012481	0	0	3563	0	0	0	nan	0	0	0	0.001057	0.003483	0.001057	0.003483	0.039872	0.131384
58	G	6	1731	1608	0.003731	0	0	1731	10	3558	3289	0.003040	0	0	3558	0	0	0	nan	0	0	0	0.000691	0.001801	0.000691	0.001801	0.026065	0.067936
59	A	763	1730	1582	0.482301	0	0	1730	7	3558	3209	0.002181	0	0	3558	0	0	0	nan	0	0	0	0.480120	0.017480	0.480120	0.017480	18.110804	0.659370
60	A	14	1729	1593	0.008788	0	0	1729	34	3557	3216	0.010572	0	0	3557	0	0	0	nan	0	0	0	-0.001784	0.002967	-0.001784	0.002967	-0.067295	0.111919
61	U	14	1729	1592	0.008794	0	0	1729	33	3552	3184	0.010364	0	0	3552	0	0	0	nan	0	0	0	-0.001570	0.002963	-0.001570	0.002963	-0.059223	0.111769
62	C	11	1727	1617	0.006803	0	0	1727	24	3548	3237	0.007414	0	0	3548	0	0	0	nan	0	0	0	-0.000612	0.002549	-0.000612	0.002549	-0.023086	0.096152
63	C	14	1725	1606	0.008717	0	0	1725	26	3545	3204	0.008115	0	0	3545	0	0	0	nan	0	0	0	0.000602	0.002821	0.000602	0.002821	0.022708	0.106412
64	U	22	1724	1580	0.013924	0	0	1724	34	3540	3132	0.010856	0	0	3540	0	0	0	nan	0	0	0	0.003068	0.003504	0.003068	0.003504	0.115729	0.132176
65	G	55	1719	1562	0.035211	0	0	1719	49	3535	3137	0.015620	0	0	3535	0	0	0	nan	0	0	0	0.019591	0.005246	0.019591	0.005246	0.739000	0.197887
66	U	40	1718	1584	0.025253	0	0	1718	83	3531	3186	0.026051	0	0	3531	0	0	0	nan	0	0	0	-0.000799	0.004911	-0.000799	0.004911	-0.030139	0.185250
67	C	23	1718	1597	0.014402	0	0	1718	49	3527	3221	0.015213	0	0	3527	0	0	0	nan	0	0	0	-0.000811	0.003707	-0.000811	0.003707	-0.030592	0.139833
68	G	32	1717	1578	0.020279	0	0	1717	29	3523	3182	0.009114	0	0	3523	0	0	0	nan	0	0	0	0.011165	0.003964	0.011165	0.003964	0.421160	0.149528
69	G	32	1715	1551	0.020632	0	0	1715	33	3521	3142	0.010503	0	0	3521	0	0	0	nan	0	0	0	0.010129	0.004080	0.010129	0.004080	0.382080	0.153903
70	G	77	1714	1569	0.049076	0	0	1714	50	3518	3195	0.015649	0	0	3518	0	0	0	nan	0	0	0	0.033426	0.006015	0.033426	0.006015	1.260876	0.226894
71	C	14	1713	1587	0.008822	0	0	1713	27	3518	3218	0.008390	0	0	3518	0	0	0	nan	0	0	0	0.000431	0.002858	0.000431	0.002858	0.016258	0.107808
72	G	63	1713	1599	0.039400	0	0	1713	39	3518	3262	0.011956	0	0	3518	0	0	0	nan	0	0	0	0.027444	0.005320	0.027444	0.005320	1.035226	0.200678
73	C	21	1713	1568	0.013393	0	0	1713	31	3518	3220	0.009627	0	0	3518	0	0	0	nan	0	0	0	0.003766	0.003396	0.003766	0.003396	0.142059	0.128102
74	G	43	1711	1567	0.027441	0	0	1711	37	3517	3229	0.011459	0	0	3517	0	0	0	nan	0	0	0	0.015982	0.004589	0.015982	0.004589	0.602864	0.173104
75	C	24	1709	1544	0.015544	0	0	1709	8	3517	3175	0.002520	0	0	3517	0	0	0	nan	0	0	0	0.013024	0.003296	0.013024	0.003296	0.491284	0.124330
76	C	19	1708	1474	0.012890	0	0	1708	3	3517	3043	0.000986	0	0	3517	0	0	0	nan	0	0	0	0.011904	0.003011	0.011904	0.003011	0.449036	0.113579
77	A	0	1673	0	nan	0	0	1673	0	3482	0	nan	0	0	3482	0	0	0	nan	0	0	0	nan	nan	nan	nan	nan	nan