0.000000
0.000000
0.318910
0.216933
0.850000
0.057518
0.441937
0.000000
0.520559
0.454513
0.204544
0.446549
0.061460
0.029309
0.000000
0.000000
0.000000
0.000000
0.808954
0.000000
0.110531
0.273700
0.850000
0.103345
0.390506
0.031079
0.850000
0.000000
0.000000
0.000000
0.659433
0.133190
0.000000
0.000000
0.079560
0.043950
0.453655
0.000000
0.000000
0.000000
0.032097
0.008634
0.204518
0.591565
0.075001
0.382140
0.003593
0.069692
0.371870
0.850000
0.785517
0.315746
0.398846
0.850000
0.000000
0.591618
0.000000
0.484868
0.096936
0.264020
0.175289
0.836653
0.000000
0.000000
0.850000
0.365944
0.850000
0.174297
0.000000
0.060253
0.000000
0.020326
0.587301
0.000000
0.000000
0.000000
0.095166
0.000000
0.066850
0.850000
0.109754
0.338861
0.850000
0.731941
0.000000
