Nucleotide	Sequence	Modified_mutations	Modified_read_depth	Modified_effective_depth	Modified_rate	Modified_off_target_mapped_depth	Modified_low_mapq_mapped_depth	Modified_mapped_depth	Untreated_mutations	Untreated_read_depth	Untreated_effective_depth	Untreated_rate	Untreated_off_target_mapped_depth	Untreated_low_mapq_mapped_depth	Untreated_mapped_depth	Denatured_mutations	Denatured_read_depth	Denatured_effective_depth	Denatured_rate	Denatured_off_target_mapped_depth	Denatured_low_mapq_mapped_depth	Denatured_mapped_depth	Reactivity_profile	Std_err	HQ_profile	HQ_stderr	Norm_profile	Norm_stderr
1	U	0	20016	19355	0.000000	0	47	20016	0	31358	30362	0.000000	0	104	31358	0	0	0	nan	0	0	0	0.000000	0.000000	0.000000	0.000000	0.000000	0.000000
2	G	0	21482	20224	0.000000	0	50	21482	0	33230	31346	0.000000	0	116	33230	0	0	0	nan	0	0	0	0.000000	0.000000	0.000000	0.000000	0.000000	0.000000
3	G	438	23061	21401	0.020466	0	52	23061	419	34029	31453	0.013321	0	117	34029	0	0	0	nan	0	0	0	0.007145	0.001175	0.007145	0.001175	0.162510	0.026725
4	G	705	23329	21419	0.032915	0	52	23329	382	34171	31491	0.012130	0	117	34171	0	0	0	nan	0	0	0	0.020784	0.001386	0.020784	0.001386	0.472724	0.031524
5	G	1809	23532	21885	0.082659	0	52	23532	322	34265	31792	0.010128	0	118	34265	0	0	0	nan	0	0	0	0.072531	0.002024	0.072531	0.002024	1.649691	0.046035
6	U	211	24151	22924	0.009204	0	53	24151	218	34702	32959	0.006614	0	120	34702	0	0	0	nan	0	0	0	0.002590	0.000776	0.002590	0.000776	0.058909	0.017650
7	A	124	24720	23740	0.005223	0	53	24720	102	35361	33976	0.003002	0	120	35361	0	0	0	nan	0	0	0	0.002221	0.000555	0.002221	0.000555	0.050516	0.012623
8	U	4605	26014	25074	0.183656	0	55	26014	5259	36682	35569	0.147853	0	121	36682	0	0	0	nan	0	0	0	0.035803	0.003388	nan	nan	nan	nan
9	C	1274	26807	25660	0.049649	0	55	26807	156	37705	36092	0.004322	0	121	37705	0	0	0	nan	0	0	0	0.045327	0.001433	0.045327	0.001433	1.030946	0.032593
10	G	781	27518	26487	0.029486	0	55	27518	577	37866	36499	0.015809	0	121	37866	0	0	0	nan	0	0	0	0.013678	0.001244	0.013678	0.001244	0.311101	0.028294
11	C	355	27793	26510	0.013391	0	55	27793	307	38098	36373	0.008440	0	121	38098	0	0	0	nan	0	0	0	0.004951	0.000859	0.004951	0.000859	0.112609	0.019538
12	C	270	27958	26958	0.010016	0	55	27958	142	38324	36999	0.003838	0	121	38324	0	0	0	nan	0	0	0	0.006178	0.000689	0.006178	0.000689	0.140516	0.015671
13	A	661	28200	26770	0.024692	0	55	28200	54	38749	36720	0.001471	0	121	38749	0	0	0	nan	0	0	0	0.023221	0.000981	0.023221	0.000981	0.528153	0.022312
14	A	1111	28336	26827	0.041414	0	55	28336	158	38815	36614	0.004315	0	121	38815	0	0	0	nan	0	0	0	0.037098	0.001289	0.037098	0.001289	0.843780	0.029318
15	G	603	28736	27223	0.022150	0	55	28736	362	38902	36755	0.009849	0	121	38902	0	0	0	nan	0	0	0	0.012301	0.001040	0.012301	0.001040	0.279782	0.023654
16	C	1446	28875	27580	0.052429	0	55	28875	523	39067	37320	0.014014	0	121	39067	0	0	0	nan	0	0	0	0.038415	0.001509	0.038415	0.001509	0.873735	0.034322
17	G	690	28980	27600	0.025000	0	55	28980	494	39123	37391	0.013212	0	121	39123	0	0	0	nan	0	0	0	0.011788	0.001122	0.011788	0.001122	0.268114	0.025519
18	G	519	29036	27607	0.018800	0	55	29036	294	39210	37376	0.007866	0	121	39210	0	0	0	nan	0	0	0	0.010934	0.000944	0.010934	0.000944	0.248690	0.021471
19	U	1071	29270	28149	0.038048	0	55	29270	750	39358	37950	0.019763	0	121	39358	0	0	0	nan	0	0	0	0.018285	0.001368	0.018285	0.001368	0.415885	0.031115
20	A	88	29520	28512	0.003086	0	55	29520	52	39471	38132	0.001364	0	121	39471	0	0	0	nan	0	0	0	0.001723	0.000379	0.001723	0.000379	0.039189	0.008620
21	A	2901	29613	28528	0.101690	0	55	29613	150	39515	38081	0.003939	0	121	39515	0	0	0	nan	0	0	0	0.097751	0.001915	0.097751	0.001915	2.223310	0.043556
22	G	406	30221	28413	0.014289	0	55	30221	314	39546	37332	0.008411	0	121	39546	0	0	0	nan	0	0	0	0.005878	0.000853	0.005878	0.000853	0.133693	0.019401
23	G	3645	30243	28575	0.127559	0	55	30243	369	39555	37542	0.009829	0	121	39555	0	0	0	nan	0	0	0	0.117730	0.002174	0.117730	0.002174	2.677725	0.049447
24	C	186	30397	27870	0.006674	0	55	30397	156	39566	36535	0.004270	0	117	39566	0	0	0	nan	0	0	0	0.002404	0.000597	0.002404	0.000597	0.054678	0.013579
25	A	4364	30418	28213	0.154680	0	45	30418	359	39612	36915	0.009725	0	100	39612	0	0	0	nan	0	0	0	0.144955	0.002397	0.144955	0.002397	3.296947	0.054519
26	C	367	30500	27944	0.013133	0	38	30500	470	39628	36463	0.012890	0	83	39628	0	0	0	nan	0	0	0	0.000244	0.000907	0.000244	0.000907	0.005550	0.020629
27	C	194	30513	28529	0.006800	0	31	30513	266	39644	37136	0.007163	0	67	39644	0	0	0	nan	0	0	0	-0.000363	0.000657	-0.000363	0.000657	-0.008256	0.014943
28	G	769	30519	28374	0.027102	0	17	30519	566	39661	36808	0.015377	0	38	39661	0	0	0	nan	0	0	0	0.011725	0.001172	0.011725	0.001172	0.266681	0.026657
29	G	738	30522	28667	0.025744	0	10	30522	144	39667	37201	0.003871	0	26	39667	0	0	0	nan	0	0	0	0.021873	0.001001	0.021873	0.001001	0.497493	0.022767
30	A	329	30532	28757	0.011441	0	9	30532	419	39688	37376	0.011210	0	16	39688	0	0	0	nan	0	0	0	0.000230	0.000835	0.000230	0.000835	0.005231	0.018992
31	U	1283	30596	29075	0.044127	0	9	30596	2044	39745	37870	0.053974	0	15	39745	0	0	0	nan	0	0	0	-0.009847	0.001716	nan	nan	nan	nan
32	U	405	30691	29191	0.013874	0	10	30691	574	39824	37948	0.015126	0	15	39824	0	0	0	nan	0	0	0	-0.001252	0.000935	-0.001252	0.000935	-0.028476	0.021266
33	C	1449	30743	29494	0.049129	0	10	30743	452	39863	38276	0.011809	0	17	39863	0	0	0	nan	0	0	0	0.037320	0.001405	0.037320	0.001405	0.848829	0.031956
34	U	406	30863	29402	0.013809	0	10	30863	578	39944	38118	0.015163	0	16	39944	0	0	0	nan	0	0	0	-0.001355	0.000931	-0.001355	0.000931	-0.030819	0.021175
35	G	914	30881	29366	0.031124	0	10	30881	430	39949	37961	0.011327	0	17	39949	0	0	0	nan	0	0	0	0.019797	0.001165	0.019797	0.001165	0.450275	0.026497
36	A	705	30907	29291	0.024069	0	10	30907	1079	39959	37728	0.028599	0	17	39959	0	0	0	nan	0	0	0	-0.004531	0.001257	-0.004531	0.001257	-0.103056	0.028590
37	U	335	30921	29229	0.011461	0	10	30921	687	39959	37613	0.018265	0	17	39959	0	0	0	nan	0	0	0	-0.006804	0.000937	-0.006804	0.000937	-0.154754	0.021312
38	U	413	30941	28938	0.014272	0	9	30941	878	39961	37229	0.023584	0	17	39961	0	0	0	nan	0	0	0	-0.009312	0.001061	-0.009312	0.001061	-0.211798	0.024132
39	C	198	30947	28617	0.006919	0	9	30947	361	39968	36881	0.009788	0	17	39968	0	0	0	nan	0	0	0	-0.002869	0.000712	-0.002869	0.000712	-0.065254	0.016194
40	C	146	31129	28760	0.005076	0	9	31129	252	40079	37006	0.006810	0	17	40079	0	0	0	nan	0	0	0	-0.001733	0.000600	-0.001733	0.000600	-0.039416	0.013647
41	G	384	31130	28602	0.013426	0	9	31130	295	40079	36908	0.007993	0	17	40079	0	0	0	nan	0	0	0	0.005433	0.000828	0.005433	0.000828	0.123572	0.018833
42	G	796	31128	29009	0.027440	0	9	31128	583	40068	37396	0.015590	0	17	40068	0	0	0	nan	0	0	0	0.011850	0.001167	0.011850	0.001167	0.269524	0.026543
43	C	309	31130	29393	0.010513	0	9	31130	119	40069	37948	0.003136	0	17	40069	0	0	0	nan	0	0	0	0.007377	0.000664	0.007377	0.000664	0.167787	0.015102
44	A	206	31138	29983	0.006871	0	9	31138	214	40089	38711	0.005528	0	17	40089	0	0	0	nan	0	0	0	0.001342	0.000610	0.001342	0.000610	0.030523	0.013874
45	U	285	31157	29678	0.009603	0	9	31157	421	40107	38303	0.010991	0	17	40107	0	0	0	nan	0	0	0	-0.001388	0.000781	-0.001388	0.000781	-0.031570	0.017764
46	U	384	31192	29737	0.012913	0	9	31192	611	40148	38366	0.015926	0	18	40148	0	0	0	nan	0	0	0	-0.003012	0.000922	-0.003012	0.000922	-0.068507	0.020971
47	C	386	31202	29395	0.013131	0	9	31202	388	40148	37978	0.010216	0	18	40148	0	0	0	nan	0	0	0	0.002915	0.000846	0.002915	0.000846	0.066301	0.019242
48	C	367	31200	28985	0.012662	0	9	31200	290	40151	37445	0.007745	0	18	40151	0	0	0	nan	0	0	0	0.004917	0.000802	0.004917	0.000802	0.111835	0.018241
49	G	306	31199	28514	0.010732	0	9	31199	186	40135	35990	0.005168	0	18	40135	0	0	0	nan	0	0	0	0.005563	0.000721	0.005563	0.000721	0.126528	0.016399
50	A	350	31198	28588	0.012243	0	9	31198	175	40131	35981	0.004864	0	18	40131	0	0	0	nan	0	0	0	0.007379	0.000751	0.007379	0.000751	0.167833	0.017081
51	G	974	31192	28835	0.033778	0	9	31192	410	40125	36426	0.011256	0	19	40125	0	0	0	nan	0	0	0	0.022523	0.001217	0.022523	0.001217	0.512277	0.027680
52	G	840	31178	29219	0.028748	0	9	31178	396	40113	37733	0.010495	0	19	40113	0	0	0	nan	0	0	0	0.018254	0.001123	0.018254	0.001123	0.415180	0.025542
53	U	542	31166	29382	0.018447	0	9	31166	913	40114	37905	0.024087	0	19	40114	0	0	0	nan	0	0	0	-0.005640	0.001124	-0.005640	0.001124	-0.128280	0.025565
54	U	571	31163	29715	0.019216	0	9	31163	782	40114	38381	0.020375	0	19	40114	0	0	0	nan	0	0	0	-0.001159	0.001085	-0.001159	0.001085	-0.026361	0.024678
55	C	475	31149	29409	0.016152	0	9	31149	365	40103	37918	0.009626	0	19	40103	0	0	0	nan	0	0	0	0.006525	0.000896	0.006525	0.000896	0.148409	0.020379
56	G	56	31134	29061	0.001927	0	9	31134	174	40090	38022	0.004576	0	19	40090	0	0	0	nan	0	0	0	-0.002649	0.000432	-0.002649	0.000432	-0.060251	0.009826
57	A	19616	31126	28536	0.687412	0	9	31126	103	40086	36532	0.002819	0	18	40086	0	0	0	nan	0	0	0	0.684593	0.004916	0.684593	0.004916	15.570812	0.111813
58	A	309	31118	28846	0.010712	0	9	31118	330	40057	36905	0.008942	0	18	40057	0	0	0	nan	0	0	0	0.001770	0.000783	0.001770	0.000783	0.040258	0.017809
59	U	221	31115	28952	0.007633	0	9	31115	395	40049	36561	0.010804	0	18	40049	0	0	0	nan	0	0	0	-0.003171	0.000748	-0.003171	0.000748	-0.072123	0.017013
60	C	106	31109	28610	0.003705	0	9	31109	174	40033	36906	0.004715	0	18	40033	0	0	0	nan	0	0	0	-0.001010	0.000507	-0.001010	0.000507	-0.022972	0.011532
61	C	118	31093	28587	0.004128	0	9	31093	162	39999	36828	0.004399	0	18	39999	0	0	0	nan	0	0	0	-0.000271	0.000514	-0.000271	0.000514	-0.006164	0.011691
62	U	235	31082	28724	0.008181	0	9	31082	386	39984	36738	0.010507	0	18	39984	0	0	0	nan	0	0	0	-0.002326	0.000756	-0.002326	0.000756	-0.052904	0.017195
63	C	220	31074	29143	0.007549	0	9	31074	343	39944	37283	0.009200	0	18	39944	0	0	0	nan	0	0	0	-0.001651	0.000711	-0.001651	0.000711	-0.037551	0.016171
64	G	1568	31038	28896	0.054264	0	8	31038	319	39870	36894	0.008646	0	15	39870	0	0	0	nan	0	0	0	0.045617	0.001453	0.045617	0.001453	1.037542	0.033048
65	U	139	31022	26768	0.005193	0	8	31022	208	39857	34252	0.006073	0	15	39857	0	0	0	nan	0	0	0	-0.000880	0.000609	-0.000880	0.000609	-0.020015	0.013851
66	A	138	30993	27021	0.005107	0	8	30993	165	39836	34665	0.004760	0	15	39836	0	0	0	nan	0	0	0	0.000347	0.000571	0.000347	0.000571	0.007892	0.012987
67	C	241	30984	25452	0.009469	0	8	30984	312	39830	32895	0.009485	0	15	39830	0	0	0	nan	0	0	0	-0.000016	0.000813	-0.000016	0.000813	-0.000364	0.018491
68	C	225	30963	26825	0.008388	0	8	30963	265	39801	34685	0.007640	0	15	39801	0	0	0	nan	0	0	0	0.000748	0.000730	0.000748	0.000730	0.017013	0.016604
69	C	254	30954	26246	0.009678	0	8	30954	289	39783	33903	0.008524	0	15	39783	0	0	0	nan	0	0	0	0.001153	0.000788	0.001153	0.000788	0.026225	0.017923
70	C	219	30930	27250	0.008037	0	8	30930	262	39749	35160	0.007452	0	15	39749	0	0	0	nan	0	0	0	0.000585	0.000712	0.000585	0.000712	0.013306	0.016194
71	A	366	30923	27515	0.013302	0	8	30923	186	39746	35517	0.005237	0	15	39746	0	0	0	nan	0	0	0	0.008065	0.000794	0.008065	0.000794	0.183435	0.018059
72	G	1055	30905	27850	0.037882	0	8	30905	431	39736	36046	0.011957	0	15	39736	0	0	0	nan	0	0	0	0.025925	0.001301	0.025925	0.001301	0.589654	0.029591
73	C	1121	30899	28239	0.039697	0	8	30899	300	39729	36409	0.008240	0	15	39729	0	0	0	nan	0	0	0	0.031457	0.001278	0.031457	0.001278	0.715478	0.029068
74	C	387	30862	27463	0.014092	0	8	30862	61	39691	36277	0.001682	0	14	39691	0	0	0	nan	0	0	0	0.012410	0.000748	0.012410	0.000748	0.282261	0.017013
75	A	0	29733	0	nan	0	7	29733	0	39194	0	nan	0	13	39194	0	0	0	nan	0	0	0	nan	nan	nan	nan	nan	nan