Nucleotide	Sequence	Modified_mutations	Modified_read_depth	Modified_effective_depth	Modified_rate	Modified_off_target_mapped_depth	Modified_low_mapq_mapped_depth	Modified_mapped_depth	Untreated_mutations	Untreated_read_depth	Untreated_effective_depth	Untreated_rate	Untreated_off_target_mapped_depth	Untreated_low_mapq_mapped_depth	Untreated_mapped_depth	Denatured_mutations	Denatured_read_depth	Denatured_effective_depth	Denatured_rate	Denatured_off_target_mapped_depth	Denatured_low_mapq_mapped_depth	Denatured_mapped_depth	Reactivity_profile	Std_err	HQ_profile	HQ_stderr	Norm_profile	Norm_stderr
1	G	0	2650	2544	0.000000	0	104	2650	0	3599	3441	0.000000	0	32	3599	0	0	0	nan	0	0	0	0.000000	0.000000	0.000000	0.000000	0.000000	0.000000
2	G	0	2755	2614	0.000000	0	106	2755	0	3664	3471	0.000000	0	33	3664	0	0	0	nan	0	0	0	0.000000	0.000000	0.000000	0.000000	0.000000	0.000000
3	U	39	2883	2723	0.014322	0	110	2883	40	3710	3497	0.011438	0	33	3710	0	0	0	nan	0	0	0	0.002884	0.002921	0.002884	0.002921	0.084886	0.085975
4	G	39	2909	2747	0.014197	0	110	2909	27	3724	3515	0.007681	0	33	3724	0	0	0	nan	0	0	0	0.006516	0.002712	0.006516	0.002712	0.191789	0.079824
5	G	98	2942	2766	0.035430	0	112	2942	69	3740	3487	0.019788	0	33	3740	0	0	0	nan	0	0	0	0.015642	0.004299	0.015642	0.004299	0.460399	0.126535
6	G	62	2958	2783	0.022278	0	112	2958	28	3757	3499	0.008002	0	33	3757	0	0	0	nan	0	0	0	0.014276	0.003208	0.014276	0.003208	0.420193	0.094423
7	G	81	2980	2749	0.029465	0	113	2980	57	3784	3497	0.016300	0	33	3784	0	0	0	nan	0	0	0	0.013166	0.003922	0.013166	0.003922	0.387522	0.115438
8	U	676	3153	2915	0.231904	0	126	3153	1029	4001	3670	0.280381	0	33	4001	0	0	0	nan	0	0	0	-0.048478	0.012488	nan	nan	nan	nan
9	U	212	3446	3259	0.065051	0	136	3446	370	4418	4185	0.088411	0	41	4418	0	0	0	nan	0	0	0	-0.023360	0.006410	nan	nan	nan	nan
10	C	34	3711	3556	0.009561	0	140	3711	40	5047	4850	0.008247	0	48	5047	0	0	0	nan	0	0	0	0.001314	0.002095	0.001314	0.002095	0.038676	0.061663
11	C	45	3832	3685	0.012212	0	145	3832	34	5141	4945	0.006876	0	51	5141	0	0	0	nan	0	0	0	0.005336	0.002169	0.005336	0.002169	0.157057	0.063841
12	C	78	3928	3749	0.020806	0	148	3928	48	5280	5055	0.009496	0	54	5280	0	0	0	nan	0	0	0	0.011310	0.002725	0.011310	0.002725	0.332893	0.080206
13	G	68	3953	3541	0.019204	0	149	3953	19	5311	4725	0.004021	0	56	5311	0	0	0	nan	0	0	0	0.015182	0.002505	0.015182	0.002505	0.446860	0.073731
14	A	123	3993	3567	0.034483	0	151	3993	34	5329	4718	0.007206	0	56	5329	0	0	0	nan	0	0	0	0.027276	0.003346	0.027276	0.003346	0.802829	0.098485
15	G	95	4057	3640	0.026099	0	154	4057	39	5366	4782	0.008156	0	56	5366	0	0	0	nan	0	0	0	0.017943	0.002979	0.017943	0.002979	0.528126	0.087682
16	C	198	4182	3969	0.049887	0	157	4182	119	5421	5146	0.023125	0	59	5421	0	0	0	nan	0	0	0	0.026762	0.004131	0.026762	0.004131	0.787700	0.121590
17	G	160	4230	4000	0.040000	0	157	4230	157	5449	5176	0.030332	0	59	5449	0	0	0	nan	0	0	0	0.009668	0.003982	0.009668	0.003982	0.284563	0.117204
18	G	152	4288	4076	0.037291	0	159	4288	91	5481	5223	0.017423	0	59	5481	0	0	0	nan	0	0	0	0.019869	0.003533	0.019869	0.003533	0.584815	0.103989
19	C	280	4408	4230	0.066194	0	162	4408	46	5509	5309	0.008665	0	60	5509	0	0	0	nan	0	0	0	0.057529	0.004157	0.057529	0.004157	1.693281	0.122355
20	C	52	4560	4455	0.011672	0	165	4560	27	5584	5456	0.004949	0	60	5584	0	0	0	nan	0	0	0	0.006724	0.001878	0.006724	0.001878	0.197911	0.055276
21	A	135	4764	4614	0.029259	0	172	4764	12	5682	5497	0.002183	0	60	5682	0	0	0	nan	0	0	0	0.027076	0.002596	0.027076	0.002596	0.796942	0.076409
22	A	58	4890	4718	0.012293	0	175	4890	20	5721	5514	0.003627	0	60	5721	0	0	0	nan	0	0	0	0.008666	0.001806	0.008666	0.001806	0.255071	0.053157
23	A	543	4961	4704	0.115434	0	177	4961	35	5753	5474	0.006394	0	61	5753	0	0	0	nan	0	0	0	0.109040	0.005070	0.109040	0.005070	3.209430	0.149228
24	G	130	5105	4762	0.027299	0	181	5105	111	5763	5405	0.020537	0	61	5763	0	0	0	nan	0	0	0	0.006763	0.003087	0.006763	0.003087	0.199059	0.090861
25	G	165	5150	4733	0.034862	0	182	5150	102	5781	5366	0.019009	0	60	5781	0	0	0	nan	0	0	0	0.015853	0.003303	0.015853	0.003303	0.466610	0.097219
26	G	180	5168	4757	0.037839	0	184	5168	36	5795	5371	0.006703	0	60	5795	0	0	0	nan	0	0	0	0.031136	0.003034	0.031136	0.003034	0.916442	0.089301
27	A	669	5182	4842	0.138166	0	184	5182	24	5815	5452	0.004402	0	59	5815	0	0	0	nan	0	0	0	0.133764	0.005417	0.133764	0.005417	3.937145	0.159441
28	G	103	5201	4934	0.020876	0	184	5201	50	5822	5528	0.009045	0	59	5822	0	0	0	nan	0	0	0	0.011831	0.002422	0.011831	0.002422	0.348228	0.071288
29	C	30	5218	4972	0.006034	0	186	5218	23	5830	5583	0.004120	0	59	5830	0	0	0	nan	0	0	0	0.001914	0.001397	0.001914	0.001397	0.056336	0.041119
30	A	44	5221	5013	0.008777	0	186	5221	24	5837	5626	0.004266	0	59	5837	0	0	0	nan	0	0	0	0.004511	0.001584	0.004511	0.001584	0.132775	0.046623
31	G	205	5231	4914	0.041718	0	186	5231	26	5844	5535	0.004697	0	59	5844	0	0	0	nan	0	0	0	0.037020	0.003056	0.037020	0.003056	1.089629	0.089949
32	A	81	5242	4900	0.016531	0	186	5242	55	5851	5529	0.009948	0	60	5851	0	0	0	nan	0	0	0	0.006583	0.002274	0.006583	0.002274	0.193761	0.066932
33	C	117	5247	4917	0.023795	0	186	5247	50	5853	5527	0.009046	0	60	5853	0	0	0	nan	0	0	0	0.014748	0.002545	0.014748	0.002545	0.434085	0.074908
34	U	54	5261	4965	0.010876	0	185	5261	43	5865	5553	0.007744	0	60	5865	0	0	0	nan	0	0	0	0.003133	0.001893	0.003133	0.001893	0.092215	0.055718
35	G	161	5265	4927	0.032677	0	184	5265	195	5878	5526	0.035288	0	59	5878	0	0	0	nan	0	0	0	-0.002611	0.003608	-0.002611	0.003608	-0.076851	0.106196
36	U	59	5350	5025	0.011741	0	186	5350	62	6000	5664	0.010946	0	59	6000	0	0	0	nan	0	0	0	0.000795	0.002066	0.000795	0.002066	0.023400	0.060810
37	A	90	5372	5123	0.017568	0	184	5372	12	6033	5794	0.002071	0	58	6033	0	0	0	nan	0	0	0	0.015497	0.001946	0.015497	0.001946	0.456131	0.057278
38	A	640	5402	5198	0.123124	0	183	5402	771	6043	5869	0.131368	0	58	6043	0	0	0	nan	0	0	0	-0.008244	0.006788	nan	nan	nan	nan
39	A	315	5527	5317	0.059244	0	181	5527	24	6228	6021	0.003986	0	59	6228	0	0	0	nan	0	0	0	0.055258	0.003436	0.055258	0.003436	1.626437	0.101134
40	U	64	5577	5339	0.011987	0	181	5577	85	6257	6031	0.014094	0	59	6257	0	0	0	nan	0	0	0	-0.002107	0.002141	-0.002107	0.002141	-0.062016	0.063017
41	C	40	5588	5329	0.007506	0	181	5588	53	6272	6014	0.008813	0	60	6272	0	0	0	nan	0	0	0	-0.001307	0.001695	-0.001307	0.001695	-0.038470	0.049890
42	U	31	5617	5294	0.005856	0	180	5617	43	6329	5991	0.007177	0	61	6329	0	0	0	nan	0	0	0	-0.001322	0.001518	-0.001322	0.001518	-0.038911	0.044680
43	G	173	5623	5295	0.032672	0	179	5623	100	6343	5983	0.016714	0	59	6343	0	0	0	nan	0	0	0	0.015958	0.002994	0.015958	0.002994	0.469700	0.088124
44	C	42	5631	5280	0.007955	0	179	5631	64	6348	5990	0.010684	0	58	6348	0	0	0	nan	0	0	0	-0.002730	0.001814	-0.002730	0.001814	-0.080353	0.053392
45	C	54	5633	5299	0.010191	0	178	5633	39	6351	5997	0.006503	0	57	6351	0	0	0	nan	0	0	0	0.003687	0.001734	0.003687	0.001734	0.108521	0.051038
46	G	79	5636	5203	0.015184	0	179	5636	40	6355	5872	0.006812	0	57	6355	0	0	0	nan	0	0	0	0.008372	0.002019	0.008372	0.002019	0.246417	0.059426
47	U	94	5669	5253	0.017895	0	180	5669	100	6370	5901	0.016946	0	55	6370	0	0	0	nan	0	0	0	0.000948	0.002506	0.000948	0.002506	0.027903	0.073760
48	C	68	5673	5258	0.012933	0	179	5673	21	6372	5939	0.003536	0	52	6372	0	0	0	nan	0	0	0	0.009397	0.001748	0.009397	0.001748	0.276587	0.051450
49	A	289	5698	5394	0.053578	0	180	5698	37	6391	6124	0.006042	0	49	6391	0	0	0	nan	0	0	0	0.047536	0.003304	0.047536	0.003304	1.399152	0.097248
50	C	143	5702	5420	0.026384	0	179	5702	13	6394	6136	0.002119	0	49	6394	0	0	0	nan	0	0	0	0.024265	0.002283	0.024265	0.002283	0.714204	0.067197
51	A	205	5706	5430	0.037753	0	179	5706	27	6399	6108	0.004420	0	49	6399	0	0	0	nan	0	0	0	0.033333	0.002771	0.033333	0.002771	0.981107	0.081560
52	G	166	5704	5130	0.032359	0	184	5704	34	6398	5790	0.005872	0	51	6398	0	0	0	nan	0	0	0	0.026486	0.002706	0.026486	0.002706	0.779576	0.079647
53	A	123	5703	5109	0.024075	0	185	5703	42	6398	5797	0.007245	0	54	6398	0	0	0	nan	0	0	0	0.016830	0.002442	0.016830	0.002442	0.495366	0.071877
54	C	92	5702	5130	0.017934	0	185	5702	47	6397	5815	0.008083	0	54	6397	0	0	0	nan	0	0	0	0.009851	0.002210	0.009851	0.002210	0.289950	0.065048
55	U	63	5702	5362	0.011749	0	197	5702	82	6397	6060	0.013531	0	60	6397	0	0	0	nan	0	0	0	-0.001782	0.002103	-0.001782	0.002103	-0.052451	0.061899
56	U	57	5702	5354	0.010646	0	260	5702	69	6395	6033	0.011437	0	85	6395	0	0	0	nan	0	0	0	-0.000791	0.001971	-0.000791	0.001971	-0.023282	0.058013
57	C	113	5701	5300	0.021321	0	269	5701	70	6395	5943	0.011779	0	92	6395	0	0	0	nan	0	0	0	0.009542	0.002450	0.009542	0.002450	0.280855	0.072112
58	G	78	5700	5323	0.014653	0	277	5700	29	6393	6017	0.004820	0	99	6393	0	0	0	nan	0	0	0	0.009834	0.001885	0.009834	0.001885	0.289449	0.055482
59	A	59	5696	5305	0.011122	0	279	5696	21	6393	5975	0.003515	0	100	6393	0	0	0	nan	0	0	0	0.007607	0.001638	0.007607	0.001638	0.223901	0.048212
60	A	40	5691	5347	0.007481	0	279	5691	24	6389	6052	0.003966	0	102	6389	0	0	0	nan	0	0	0	0.003515	0.001433	0.003515	0.001433	0.103459	0.042178
61	G	88	5689	5217	0.016868	0	279	5689	77	6387	5861	0.013138	0	103	6387	0	0	0	nan	0	0	0	0.003730	0.002340	0.003730	0.002340	0.109787	0.068874
62	G	184	5685	5176	0.035549	0	279	5685	57	6384	5801	0.009826	0	103	6384	0	0	0	nan	0	0	0	0.025723	0.002926	0.025723	0.002926	0.757118	0.086122
63	U	110	5682	5169	0.021281	0	279	5682	223	6379	5825	0.038283	0	104	6379	0	0	0	nan	0	0	0	-0.017003	0.003269	-0.017003	0.003269	-0.500458	0.096218
64	U	94	5680	5218	0.018015	0	279	5680	111	6379	5912	0.018775	0	104	6379	0	0	0	nan	0	0	0	-0.000761	0.002575	-0.000761	0.002575	-0.022399	0.075791
65	C	111	5677	5183	0.021416	0	279	5677	106	6374	5859	0.018092	0	104	6374	0	0	0	nan	0	0	0	0.003324	0.002687	0.003324	0.002687	0.097837	0.079088
66	G	30	5672	5089	0.005895	0	277	5672	25	6367	5741	0.004355	0	104	6367	0	0	0	nan	0	0	0	0.001540	0.001385	0.001540	0.001385	0.045328	0.040765
67	A	2798	5663	4856	0.576194	0	277	5663	8	6361	5256	0.001522	0	104	6361	0	0	0	nan	0	0	0	0.574672	0.010906	0.574672	0.010906	16.914617	0.321002
68	A	91	5658	4920	0.018496	0	277	5658	66	6356	5325	0.012394	0	104	6356	0	0	0	nan	0	0	0	0.006102	0.002467	0.006102	0.002467	0.179603	0.072612
69	U	27	5652	4911	0.005498	0	277	5652	60	6355	5358	0.011198	0	104	6355	0	0	0	nan	0	0	0	-0.005700	0.001792	-0.005700	0.001792	-0.167771	0.052745
70	C	24	5643	4916	0.004882	0	277	5643	58	6343	5580	0.010394	0	104	6343	0	0	0	nan	0	0	0	-0.005512	0.001690	-0.005512	0.001690	-0.162238	0.049743
71	C	74	5633	4897	0.015111	0	277	5633	99	6334	5574	0.017761	0	104	6334	0	0	0	nan	0	0	0	-0.002650	0.002504	-0.002650	0.002504	-0.077999	0.073702
72	U	62	5628	4911	0.012625	0	277	5628	62	6324	5570	0.011131	0	104	6324	0	0	0	nan	0	0	0	0.001494	0.002138	0.001494	0.002138	0.043974	0.062929
73	U	66	5625	5067	0.013025	0	277	5625	82	6316	5750	0.014261	0	104	6316	0	0	0	nan	0	0	0	-0.001235	0.002247	-0.001235	0.002247	-0.036350	0.066137
74	C	77	5615	4941	0.015584	0	277	5615	105	6310	5568	0.018858	0	104	6310	0	0	0	nan	0	0	0	-0.003274	0.002557	-0.003274	0.002557	-0.096365	0.075261
75	C	64	5610	4851	0.013193	0	277	5610	85	6300	5411	0.015709	0	104	6300	0	0	0	nan	0	0	0	-0.002516	0.002371	-0.002516	0.002371	-0.074055	0.069787
76	C	55	5600	4708	0.011682	0	277	5600	45	6297	5234	0.008598	0	104	6297	0	0	0	nan	0	0	0	0.003085	0.002031	0.003085	0.002031	0.090802	0.059779
77	C	58	5596	4681	0.012391	0	277	5596	52	6294	5183	0.010033	0	104	6294	0	0	0	nan	0	0	0	0.002358	0.002141	0.002358	0.002141	0.069404	0.063017
78	C	33	5580	3953	0.008348	0	276	5580	28	6285	4520	0.006195	0	104	6285	0	0	0	nan	0	0	0	0.002153	0.001866	0.002153	0.001866	0.063370	0.054923
79	A	52	5576	4116	0.012634	0	276	5576	48	6280	4755	0.010095	0	104	6280	0	0	0	nan	0	0	0	0.002539	0.002279	0.002539	0.002279	0.074732	0.067079
80	C	53	5574	4012	0.013210	0	276	5574	46	6280	4698	0.009791	0	104	6280	0	0	0	nan	0	0	0	0.003419	0.002319	0.003419	0.002319	0.100633	0.068256
81	C	189	5571	4048	0.046690	0	276	5571	244	6279	4638	0.052609	0	104	6279	0	0	0	nan	0	0	0	-0.005919	0.004783	nan	nan	nan	nan
82	A	142	5552	4022	0.035306	0	276	5552	34	6263	4609	0.007377	0	104	6263	0	0	0	nan	0	0	0	0.027929	0.003222	0.027929	0.003222	0.822049	0.094835
83	C	197	5544	4194	0.046972	0	276	5544	31	6244	4785	0.006479	0	104	6244	0	0	0	nan	0	0	0	0.040493	0.003543	0.040493	0.003543	1.191851	0.104283
84	C	108	5523	4688	0.023038	0	275	5523	7	6224	5527	0.001267	0	104	6224	0	0	0	nan	0	0	0	0.021771	0.002268	0.021771	0.002268	0.640797	0.066755
85	A	0	5260	0	nan	0	262	5260	0	6113	0	nan	0	103	6113	0	0	0	nan	0	0	0	nan	nan	nan	nan	nan	nan