0.000000
0.000000
0.819421
0.069846
0.850000
0.209508
0.761236
0.000000
0.257404
0.414631
0.086457
0.394202
0.052668
0.702872
0.137276
0.642808
0.000000
0.001253
0.600042
0.693269
0.000000
0.032507
0.326444
0.048970
0.850000
0.047001
0.850000
0.138409
0.016761
0.064865
0.202976
0.522024
0.000000
0.000000
0.850000
0.000000
0.382273
0.000000
0.094241
0.000000
0.011959
0.130596
0.832692
0.117145
0.336823
0.427276
0.000000
0.000000
0.088843
0.158391
0.145895
0.126301
0.406221
0.735141
0.000000
0.000000
0.096567
0.000000
0.850000
0.183740
0.000000
0.016045
0.014971
0.000000
0.024544
0.000000
0.000000
0.000000
0.038830
0.832364
0.053682
0.072530
0.850000
0.850000
0.850000
0.827950
0.000000
