0.000000
0.000000
0.078502
0.850000
0.064561
0.850000
0.000000
0.000000
0.329707
0.217965
0.136318
0.134372
0.180807
0.187258
0.850000
0.047554
0.353164
0.319178
0.000000
0.021032
0.350898
0.000000
0.850000
0.000000
0.850000
0.163161
0.065494
0.239583
0.485324
0.234785
0.000000
0.067946
0.829052
0.747778
0.231720
0.000000
0.850000
0.000000
0.038624
0.002719
0.797065
0.000000
0.850000
0.033240
0.050886
0.542208
0.002053
0.028602
0.018606
0.238997
0.287297
0.000000
0.000000
0.375982
0.000000
0.850000
0.000000
0.000000
0.000000
0.000000
0.043342
0.333705
0.123683
0.156817
0.037825
0.850000
0.063761
0.850000
0.068186
0.068159
0.000000
0.850000
0.390003
0.000000
