0.000000
0.000000
0.038381
0.442535
0.176364
0.323344
0.346941
0.000000
0.357594
0.000000
0.032717
0.136408
0.299624
0.462267
0.664375
0.033760
0.277581
0.319418
0.658302
0.000000
0.332566
0.315062
0.850000
0.099970
0.426913
0.605403
0.387652
0.024885
0.112525
0.071670
0.811784
0.000000
0.202926
0.089071
0.850000
0.467645
0.850000
0.850000
0.850000
0.796591
0.000000
0.850000
0.017054
0.850000
0.022493
0.086127
0.016870
0.103937
0.081628
0.546554
0.375241
0.850000
0.850000
0.681224
0.061569
0.850000
0.000000
0.081915
0.016604
0.134098
0.370292
0.082099
0.090993
0.164627
0.700690
0.000000
0.000000
0.136183
0.000000
0.850000
0.000000
0.000000
0.000000
0.000000
0.000000
0.000000
0.000000
0.000000
0.056232
0.000000
0.169677
0.000000
0.423600
0.812684
0.185995
0.438057
0.850000
0.000000
