0.000000
0.000000
0.100450
0.376672
0.259107
0.582488
0.831038
0.000000
0.067010
0.210366
0.245196
0.170644
0.064317
0.714626
0.068569
0.380049
0.850000
0.087523
0.488298
0.850000
0.000000
0.055407
0.079595
0.067779
0.000000
0.002500
0.384194
0.015769
0.031090
0.177375
0.346437
0.270132
0.000000
0.000000
0.850000
0.528769
0.156049
0.808559
0.850000
0.024210
0.000000
0.000000
0.593342
0.104104
0.025727
0.523833
0.000000
0.004487
0.014487
0.755717
0.000000
0.012073
0.406416
0.341971
0.000000
0.010128
0.057629
0.356266
0.850000
0.068228
0.004615
0.028740
0.022030
0.195858
0.168186
0.055172
0.000000
0.037501
0.006432
0.044573
0.850000
0.032565
0.303359
0.137545
0.850000
0.850000
0.000000
