0.000000
0.000000
0.065860
0.446344
0.358524
0.613955
0.850000
0.000000
0.063610
0.233595
0.239312
0.187384
0.100100
0.600395
0.133949
0.347007
0.850000
0.082701
0.458315
0.850000
0.000000
0.043962
0.042063
0.070297
0.000000
0.000000
0.435859
0.000000
0.053043
0.171161
0.331899
0.243894
0.000000
0.000000
0.850000
0.489067
0.184040
0.770875
0.850000
0.066190
0.000000
0.001424
0.617546
0.105859
0.045509
0.577093
0.000000
0.000000
0.011682
0.811803
0.000000
0.021589
0.404240
0.357100
0.000000
0.003096
0.073125
0.339907
0.850000
0.096633
0.000000
0.037233
0.000000
0.248538
0.218776
0.065777
0.000000
0.040928
0.035933
0.037873
0.850000
0.020226
0.341662
0.128913
0.850000
0.838799
0.000000
