Nucleotide	Sequence	Modified_mutations	Modified_read_depth	Modified_effective_depth	Modified_rate	Modified_off_target_mapped_depth	Modified_low_mapq_mapped_depth	Modified_mapped_depth	Untreated_mutations	Untreated_read_depth	Untreated_effective_depth	Untreated_rate	Untreated_off_target_mapped_depth	Untreated_low_mapq_mapped_depth	Untreated_mapped_depth	Denatured_mutations	Denatured_read_depth	Denatured_effective_depth	Denatured_rate	Denatured_off_target_mapped_depth	Denatured_low_mapq_mapped_depth	Denatured_mapped_depth	Reactivity_profile	Std_err	HQ_profile	HQ_stderr	Norm_profile	Norm_stderr
1	G	0	433	422	0.000000	0	10	433	0	416	401	0.000000	0	4	416	0	0	0	nan	0	0	0	0.000000	0.000000	nan	nan	nan	nan
2	C	0	473	453	0.000000	0	12	473	0	422	398	0.000000	0	4	422	0	0	0	nan	0	0	0	0.000000	0.000000	nan	nan	nan	nan
3	G	18	486	473	0.038055	0	12	486	2	432	415	0.004819	0	4	432	0	0	0	nan	0	0	0	0.033236	0.009595	nan	nan	nan	nan
4	A	5	490	476	0.010504	0	13	490	2	432	418	0.004785	0	4	432	0	0	0	nan	0	0	0	0.005720	0.005789	nan	nan	nan	nan
5	A	3	493	484	0.006198	0	13	493	2	433	420	0.004762	0	4	433	0	0	0	nan	0	0	0	0.001436	0.004914	nan	nan	nan	nan
6	G	16	499	472	0.033898	0	13	499	5	434	413	0.012107	0	4	434	0	0	0	nan	0	0	0	0.021792	0.010056	nan	nan	nan	nan
7	G	40	504	478	0.083682	0	13	504	6	435	399	0.015038	0	4	435	0	0	0	nan	0	0	0	0.068644	0.014586	nan	nan	nan	nan
8	U	8	518	484	0.016529	0	13	518	7	442	402	0.017413	0	4	442	0	0	0	nan	0	0	0	-0.000884	0.008802	nan	nan	nan	nan
9	G	6	522	486	0.012346	0	14	522	7	444	408	0.017157	0	4	444	0	0	0	nan	0	0	0	-0.004811	0.008213	nan	nan	nan	nan
10	G	21	532	501	0.041916	0	14	532	6	450	426	0.014085	0	4	450	0	0	0	nan	0	0	0	0.027832	0.010804	nan	nan	nan	nan
11	C	10	540	512	0.019531	0	14	540	8	456	433	0.018476	0	4	456	0	0	0	nan	0	0	0	0.001055	0.008990	nan	nan	nan	nan
12	G	13	544	521	0.024952	0	14	544	3	457	432	0.006944	0	4	457	0	0	0	nan	0	0	0	0.018008	0.007998	nan	nan	nan	nan
13	G	12	552	528	0.022727	0	14	552	4	461	439	0.009112	0	4	461	0	0	0	nan	0	0	0	0.013616	0.007987	nan	nan	nan	nan
14	A	4	581	552	0.007246	0	15	581	1	513	478	0.002092	0	6	513	0	0	0	nan	0	0	0	0.005154	0.004184	nan	nan	nan	nan
15	A	63	624	587	0.107325	0	15	624	62	537	492	0.126016	0	6	537	0	0	0	nan	0	0	0	-0.018691	0.020952	nan	nan	nan	nan
16	U	24	2660	2536	0.009464	0	52	2660	38	3000	2868	0.013250	0	36	3000	0	0	0	nan	0	0	0	-0.003786	0.002890	-0.003786	0.002890	-0.094268	0.071958
17	U	10	3161	2987	0.003348	0	61	3161	8	3432	3257	0.002456	0	42	3432	0	0	0	nan	0	0	0	0.000892	0.001369	0.000892	0.001369	0.022210	0.034087
18	G	28	3298	3129	0.008949	0	62	3298	71	3627	3441	0.020634	0	43	3627	0	0	0	nan	0	0	0	-0.011685	0.002976	-0.011685	0.002976	-0.290945	0.074100
19	G	133	3421	3271	0.040660	0	64	3421	51	3694	3527	0.014460	0	45	3694	0	0	0	nan	0	0	0	0.026200	0.004066	0.026200	0.004066	0.652355	0.101239
20	U	35	3629	3508	0.009977	0	66	3629	46	3734	3600	0.012778	0	45	3734	0	0	0	nan	0	0	0	-0.002801	0.002529	-0.002801	0.002529	-0.069742	0.062970
21	A	29	3655	3541	0.008190	0	68	3655	14	3751	3640	0.003846	0	46	3751	0	0	0	nan	0	0	0	0.004344	0.001836	0.004344	0.001836	0.108161	0.045715
22	G	55	3699	3546	0.015510	0	68	3699	25	3760	3601	0.006943	0	46	3760	0	0	0	nan	0	0	0	0.008568	0.002510	0.008568	0.002510	0.213335	0.062497
23	A	539	3717	3560	0.151404	0	68	3717	21	3780	3621	0.005800	0	46	3780	0	0	0	nan	0	0	0	0.145605	0.006643	0.145605	0.006643	3.625424	0.165404
24	C	42	3740	3578	0.011738	0	68	3740	32	3781	3617	0.008847	0	46	3781	0	0	0	nan	0	0	0	0.002891	0.002393	0.002891	0.002393	0.071983	0.059583
25	G	94	3744	3616	0.025996	0	67	3744	37	3788	3672	0.010076	0	46	3788	0	0	0	nan	0	0	0	0.015919	0.003152	0.015919	0.003152	0.396368	0.078482
26	C	28	3754	3607	0.007763	0	67	3754	16	3795	3643	0.004392	0	46	3795	0	0	0	nan	0	0	0	0.003371	0.001832	0.003371	0.001832	0.083935	0.045615
27	G	88	3757	3630	0.024242	0	67	3757	47	3800	3659	0.012845	0	46	3800	0	0	0	nan	0	0	0	0.011397	0.003192	0.011397	0.003192	0.283774	0.079478
28	C	54	3765	3612	0.014950	0	67	3765	38	3810	3665	0.010368	0	46	3810	0	0	0	nan	0	0	0	0.004582	0.002640	0.004582	0.002640	0.114087	0.065733
29	U	33	3779	3652	0.009036	0	67	3779	19	3846	3741	0.005079	0	46	3846	0	0	0	nan	0	0	0	0.003957	0.001958	0.003957	0.001958	0.098525	0.048752
30	A	31	3783	3660	0.008470	0	67	3783	9	3868	3765	0.002390	0	46	3868	0	0	0	nan	0	0	0	0.006080	0.001717	0.006080	0.001717	0.151386	0.042752
31	G	127	3786	3682	0.034492	0	67	3786	47	3873	3779	0.012437	0	46	3873	0	0	0	nan	0	0	0	0.022055	0.003558	0.022055	0.003558	0.549148	0.088591
32	C	48	3790	3652	0.013143	0	67	3790	40	3881	3760	0.010638	0	46	3881	0	0	0	nan	0	0	0	0.002505	0.002535	0.002505	0.002535	0.062372	0.063119
33	U	32	3794	3658	0.008748	0	67	3794	64	3894	3778	0.016940	0	46	3894	0	0	0	nan	0	0	0	-0.008192	0.002622	-0.008192	0.002622	-0.203973	0.065285
34	U	55	3809	3665	0.015007	0	67	3809	54	3923	3822	0.014129	0	46	3923	0	0	0	nan	0	0	0	0.000878	0.002791	0.000878	0.002791	0.021861	0.069493
35	C	245	3812	3717	0.065913	0	67	3812	28	3932	3851	0.007271	0	46	3932	0	0	0	nan	0	0	0	0.058643	0.004430	0.058643	0.004430	1.460154	0.110303
36	A	108	3819	3704	0.029158	0	67	3819	84	3938	3843	0.021858	0	46	3938	0	0	0	nan	0	0	0	0.007300	0.003682	0.007300	0.003682	0.181763	0.091678
37	G	60	3821	3662	0.016384	0	66	3821	24	3939	3796	0.006322	0	45	3939	0	0	0	nan	0	0	0	0.010062	0.002478	0.010062	0.002478	0.250534	0.061700
38	G	1530	3822	3594	0.425710	0	65	3822	1551	3939	3684	0.421010	0	45	3939	0	0	0	nan	0	0	0	0.004700	0.015256	nan	nan	nan	nan
39	U	61	3840	3636	0.016777	0	64	3840	98	3962	3762	0.026050	0	45	3962	0	0	0	nan	0	0	0	-0.009273	0.003397	-0.009273	0.003397	-0.230889	0.084582
40	G	38	3843	3629	0.010471	0	64	3843	10	3965	3765	0.002656	0	43	3965	0	0	0	nan	0	0	0	0.007815	0.001895	0.007815	0.001895	0.194586	0.047184
41	U	75	3852	3646	0.020570	0	63	3852	84	3972	3785	0.022193	0	40	3972	0	0	0	nan	0	0	0	-0.001622	0.003392	-0.001622	0.003392	-0.040386	0.084458
42	U	25	3854	3561	0.007020	0	60	3854	19	3978	3710	0.005121	0	38	3978	0	0	0	nan	0	0	0	0.001899	0.001831	0.001899	0.001831	0.047283	0.045590
43	A	35	3856	3591	0.009747	0	55	3856	11	3978	3721	0.002956	0	32	3978	0	0	0	nan	0	0	0	0.006790	0.001873	0.006790	0.001873	0.169064	0.046636
44	G	144	3856	3543	0.040644	0	48	3856	23	3978	3691	0.006231	0	28	3978	0	0	0	nan	0	0	0	0.034412	0.003628	0.034412	0.003628	0.856826	0.090334
45	U	27	3858	3618	0.007463	0	46	3858	28	3978	3748	0.007471	0	26	3978	0	0	0	nan	0	0	0	-0.000008	0.002014	-0.000008	0.002014	-0.000199	0.050147
46	G	53	3858	3570	0.014846	0	43	3858	33	3978	3716	0.008881	0	25	3978	0	0	0	nan	0	0	0	0.005965	0.002559	0.005965	0.002559	0.148523	0.063717
47	U	29	3859	3594	0.008069	0	42	3859	34	3979	3721	0.009137	0	23	3979	0	0	0	nan	0	0	0	-0.001068	0.002168	-0.001068	0.002168	-0.026592	0.053981
48	U	0	3860	3586	0.000000	0	42	3860	0	3979	3723	0.000000	0	23	3979	0	0	0	nan	0	0	0	0.000000	0.000000	0.000000	0.000000	0.000000	0.000000
49	C	27	3860	3648	0.007401	0	42	3860	23	3979	3795	0.006061	0	23	3979	0	0	0	nan	0	0	0	0.001341	0.001904	0.001341	0.001904	0.033390	0.047408
50	U	33	3860	3655	0.009029	0	42	3860	20	3979	3816	0.005241	0	24	3979	0	0	0	nan	0	0	0	0.003788	0.001961	0.003788	0.001961	0.094318	0.048827
51	U	33	3860	3737	0.008831	0	43	3860	20	3978	3879	0.005156	0	25	3978	0	0	0	nan	0	0	0	0.003675	0.001922	0.003675	0.001922	0.091504	0.047856
52	A	198	3858	3741	0.052927	0	43	3858	19	3977	3876	0.004902	0	25	3977	0	0	0	nan	0	0	0	0.048025	0.003926	0.048025	0.003926	1.195776	0.097754
53	C	244	3856	3713	0.065715	0	43	3856	30	3975	3825	0.007843	0	25	3975	0	0	0	nan	0	0	0	0.057872	0.004444	0.057872	0.004444	1.440957	0.110651
54	G	108	3855	3634	0.029719	0	43	3855	37	3972	3760	0.009840	0	25	3972	0	0	0	nan	0	0	0	0.019879	0.003286	0.019879	0.003286	0.494968	0.081818
55	G	142	3854	3547	0.040034	0	43	3854	21	3971	3664	0.005731	0	25	3971	0	0	0	nan	0	0	0	0.034302	0.003585	0.034302	0.003585	0.854087	0.089263
56	A	46	3854	3587	0.012824	0	44	3854	15	3970	3718	0.004034	0	26	3970	0	0	0	nan	0	0	0	0.008790	0.002159	0.008790	0.002159	0.218863	0.053757
57	C	40	3852	3627	0.011028	0	45	3852	26	3968	3753	0.006928	0	26	3968	0	0	0	nan	0	0	0	0.004101	0.002211	0.004101	0.002211	0.102111	0.055052
58	G	110	3848	3627	0.030328	0	43	3848	37	3965	3765	0.009827	0	26	3965	0	0	0	nan	0	0	0	0.020501	0.003312	0.020501	0.003312	0.510455	0.082466
59	U	76	3847	3582	0.021217	0	43	3847	62	3960	3722	0.016658	0	26	3960	0	0	0	nan	0	0	0	0.004559	0.003225	0.004559	0.003225	0.113515	0.080299
60	G	93	3842	3540	0.026271	0	43	3842	41	3953	3700	0.011081	0	26	3953	0	0	0	nan	0	0	0	0.015190	0.003227	0.015190	0.003227	0.378216	0.080349
61	G	52	3833	3525	0.014752	0	43	3833	41	3950	3708	0.011057	0	26	3950	0	0	0	nan	0	0	0	0.003695	0.002677	0.003695	0.002677	0.092002	0.066655
62	G	52	3826	3512	0.014806	0	43	3826	43	3944	3692	0.011647	0	26	3944	0	0	0	nan	0	0	0	0.003160	0.002715	0.003160	0.002715	0.078681	0.067601
63	G	51	3790	3171	0.016083	0	43	3790	40	3912	3222	0.012415	0	25	3912	0	0	0	nan	0	0	0	0.003669	0.002987	0.003669	0.002987	0.091355	0.074373
64	G	150	3466	1579	0.094997	0	41	3466	18	3397	995	0.018090	0	21	3397	0	0	0	nan	0	0	0	0.076906	0.008851	0.076906	0.008851	1.914885	0.220381
65	U	19	2548	1496	0.012701	0	35	2548	13	2314	875	0.014857	0	14	2314	0	0	0	nan	0	0	0	-0.002157	0.005047	-0.002157	0.005047	-0.053707	0.125665
66	U	18	2429	834	0.021583	0	34	2429	7	2173	343	0.020408	0	13	2173	0	0	0	nan	0	0	0	0.001175	0.009240	nan	nan	nan	nan
67	C	35	1951	692	0.050578	0	27	1951	2	1382	310	0.006452	0	12	1382	0	0	0	nan	0	0	0	0.044126	0.009690	nan	nan	nan	nan
68	A	5	1905	613	0.008157	0	26	1905	3	1360	250	0.012000	0	12	1360	0	0	0	nan	0	0	0	-0.003843	0.007830	nan	nan	nan	nan
69	A	480	1658	834	0.575540	0	22	1658	3	1121	371	0.008086	0	11	1121	0	0	0	nan	0	0	0	0.567453	0.026681	nan	nan	nan	nan
70	G	6	1581	769	0.007802	0	22	1581	7	1047	349	0.020057	0	11	1047	0	0	0	nan	0	0	0	-0.012255	0.008223	nan	nan	nan	nan
71	U	1	1530	399	0.002506	0	20	1530	1	1029	240	0.004167	0	11	1029	0	0	0	nan	0	0	0	-0.001660	0.004862	nan	nan	nan	nan
72	C	10	1500	347	0.028818	0	20	1500	8	1012	221	0.036199	0	11	1012	0	0	0	nan	0	0	0	-0.007381	0.015711	nan	nan	nan	nan
73	C	11	1497	364	0.030220	0	19	1497	9	1011	238	0.037815	0	11	1011	0	0	0	nan	0	0	0	-0.007595	0.015553	nan	nan	nan	nan
74	C	16	1496	772	0.020725	0	19	1496	19	1011	495	0.038384	0	11	1011	0	0	0	nan	0	0	0	-0.017658	0.010217	nan	nan	nan	nan
75	C	30	1493	1038	0.028902	0	19	1493	29	1011	732	0.039617	0	11	1011	0	0	0	nan	0	0	0	-0.010716	0.009054	-0.010716	0.009054	-0.266818	0.225436
76	C	68	1484	1095	0.062100	0	19	1484	50	1005	778	0.064267	0	11	1005	0	0	0	nan	0	0	0	-0.002167	0.011803	nan	nan	nan	nan
77	C	5	1468	1084	0.004613	0	18	1468	0	994	744	0.000000	0	11	994	0	0	0	nan	0	0	0	0.004613	0.002063	0.004613	0.002063	0.114859	0.051367
78	C	6	1444	1027	0.005842	0	18	1444	4	972	674	0.005935	0	11	972	0	0	0	nan	0	0	0	-0.000092	0.003807	-0.000092	0.003807	-0.002291	0.094791
79	C	7	1370	392	0.017857	0	18	1370	0	868	213	0.000000	0	11	868	0	0	0	nan	0	0	0	0.017857	0.006749	nan	nan	nan	nan
80	U	6	1091	376	0.015957	0	16	1091	4	594	207	0.019324	0	6	594	0	0	0	nan	0	0	0	-0.003366	0.011653	nan	nan	nan	nan
81	C	4	1071	361	0.011080	0	16	1071	4	590	206	0.019417	0	6	590	0	0	0	nan	0	0	0	-0.008337	0.011178	nan	nan	nan	nan
82	G	11	1032	467	0.023555	0	16	1032	1	572	247	0.004049	0	6	572	0	0	0	nan	0	0	0	0.019506	0.008175	nan	nan	nan	nan
83	C	1	1002	143	0.006993	0	16	1002	7	554	91	0.076923	0	6	554	0	0	0	nan	0	0	0	-0.069930	0.029903	nan	nan	nan	nan
84	A	23	981	149	0.154362	0	16	981	3	542	98	0.030612	0	6	542	0	0	0	nan	0	0	0	0.123750	0.036720	nan	nan	nan	nan
85	C	14	973	146	0.095890	0	16	973	0	542	99	0.000000	0	6	542	0	0	0	nan	0	0	0	0.095890	0.025628	nan	nan	nan	nan
86	C	11	962	218	0.050459	0	16	962	1	528	167	0.005988	0	6	528	0	0	0	nan	0	0	0	0.044471	0.016350	nan	nan	nan	nan
87	A	0	884	0	nan	0	15	884	0	488	0	nan	0	6	488	0	0	0	nan	0	0	0	nan	nan	nan	nan	nan	nan