0.000000
0.000000
0.034318
0.469645
0.195323
0.459852
0.403224
0.000000
0.407592
0.025195
0.012923
0.120815
0.271843
0.460034
0.683255
0.000000
0.225760
0.400318
0.650075
0.000000
0.331885
0.256604
0.850000
0.149748
0.455321
0.598404
0.441788
0.060326
0.095294
0.048582
0.850000
0.000000
0.210095
0.162935
0.850000
0.409644
0.850000
0.850000
0.850000
0.813518
0.000000
0.850000
0.011541
0.850000
0.016621
0.074752
0.040698
0.075037
0.105880
0.574896
0.381767
0.850000
0.850000
0.640992
0.083124
0.850000
0.007741
0.067377
0.039073
0.166491
0.435855
0.107059
0.091739
0.131888
0.820955
0.000000
0.000000
0.154747
0.000000
0.850000
0.000000
0.000000
0.000000
0.000000
0.000000
0.000000
0.000000
0.000000
0.071298
0.000000
0.000000
0.000000
0.000000
0.850000
0.225781
0.384896
0.000000
0.000000
