Nucleotide	Sequence	Modified_mutations	Modified_read_depth	Modified_effective_depth	Modified_rate	Modified_off_target_mapped_depth	Modified_low_mapq_mapped_depth	Modified_mapped_depth	Untreated_mutations	Untreated_read_depth	Untreated_effective_depth	Untreated_rate	Untreated_off_target_mapped_depth	Untreated_low_mapq_mapped_depth	Untreated_mapped_depth	Denatured_mutations	Denatured_read_depth	Denatured_effective_depth	Denatured_rate	Denatured_off_target_mapped_depth	Denatured_low_mapq_mapped_depth	Denatured_mapped_depth	Reactivity_profile	Std_err	HQ_profile	HQ_stderr	Norm_profile	Norm_stderr
1	C	0	5815	5643	0.000000	0	0	5815	0	7912	7697	0.000000	0	0	7912	0	0	0	nan	0	0	0	0.000000	0.000000	0.000000	0.000000	0.000000	0.000000
2	G	0	5929	5595	0.000000	0	0	5929	0	7989	7577	0.000000	0	0	7989	0	0	0	nan	0	0	0	0.000000	0.000000	0.000000	0.000000	0.000000	0.000000
3	G	272	6190	5797	0.046921	0	0	6190	91	8095	7606	0.011964	0	0	8095	0	0	0	nan	0	0	0	0.034957	0.003109	0.034957	0.003109	0.931009	0.082802
4	U	101	6298	5875	0.017191	0	0	6298	129	8124	7576	0.017027	0	0	8124	0	0	0	nan	0	0	0	0.000164	0.002275	0.000164	0.002275	0.004368	0.060590
5	G	153	6323	6014	0.025441	0	0	6323	19	8141	7718	0.002462	0	0	8141	0	0	0	nan	0	0	0	0.022979	0.002133	0.022979	0.002133	0.611999	0.056808
6	A	131	6436	6153	0.021290	0	0	6436	109	8183	7777	0.014016	0	0	8183	0	0	0	nan	0	0	0	0.007275	0.002294	0.007275	0.002294	0.193755	0.061096
7	U	83	6659	6410	0.012949	0	0	6659	103	8312	7985	0.012899	0	0	8312	0	0	0	nan	0	0	0	0.000049	0.001907	0.000049	0.001907	0.001305	0.050789
8	U	885	6760	6404	0.138195	0	0	6760	544	8392	7936	0.068548	0	0	8392	0	0	0	nan	0	0	0	0.069646	0.005497	nan	nan	nan	nan
9	G	114	6982	6578	0.017330	0	0	6982	80	8548	8054	0.009933	0	0	8548	0	0	0	nan	0	0	0	0.007398	0.001967	0.007398	0.001967	0.197031	0.052387
10	G	183	7047	6691	0.027350	0	0	7047	91	8577	8155	0.011159	0	0	8577	0	0	0	nan	0	0	0	0.016191	0.002336	0.016191	0.002336	0.431215	0.062215
11	C	75	7096	6797	0.011034	0	0	7096	72	8601	8249	0.008728	0	0	8601	0	0	0	nan	0	0	0	0.002306	0.001638	0.002306	0.001638	0.061416	0.043625
12	G	152	7109	6882	0.022087	0	0	7109	74	8613	8332	0.008881	0	0	8613	0	0	0	nan	0	0	0	0.013205	0.002068	0.013205	0.002068	0.351689	0.055077
13	C	51	7124	6699	0.007613	0	0	7124	32	8628	8086	0.003957	0	0	8628	0	0	0	nan	0	0	0	0.003656	0.001275	0.003656	0.001275	0.097370	0.033957
14	A	331	7135	6714	0.049300	0	0	7135	26	8631	8117	0.003203	0	0	8631	0	0	0	nan	0	0	0	0.046097	0.002782	0.046097	0.002782	1.227701	0.074093
15	G	117	7170	6725	0.017398	0	0	7170	100	8634	8081	0.012375	0	0	8634	0	0	0	nan	0	0	0	0.005023	0.002029	0.005023	0.002029	0.133777	0.054038
16	C	161	7195	6883	0.023391	0	0	7195	77	8646	8327	0.009247	0	0	8646	0	0	0	nan	0	0	0	0.014144	0.002123	0.014144	0.002123	0.376697	0.056542
17	C	702	7212	6963	0.100819	0	0	7212	88	8662	8372	0.010511	0	0	8662	0	0	0	nan	0	0	0	0.090307	0.003967	0.090307	0.003967	2.405145	0.105653
18	U	87	7263	6961	0.012498	0	0	7263	92	8697	8393	0.010962	0	0	8697	0	0	0	nan	0	0	0	0.001537	0.001761	0.001537	0.001761	0.040935	0.046901
19	G	211	7274	6950	0.030360	0	0	7274	93	8705	8379	0.011099	0	0	8705	0	0	0	nan	0	0	0	0.019261	0.002386	0.019261	0.002386	0.512978	0.063546
20	G	242	7302	6995	0.034596	0	0	7302	52	8720	8394	0.006195	0	0	8720	0	0	0	nan	0	0	0	0.028401	0.002384	0.028401	0.002384	0.756403	0.063493
21	U	91	7327	7058	0.012893	0	0	7327	139	8737	8460	0.016430	0	0	8737	0	0	0	nan	0	0	0	-0.003537	0.001941	-0.003537	0.001941	-0.094201	0.051695
22	A	18	7330	7099	0.002536	0	0	7330	15	8747	8506	0.001763	0	0	8747	0	0	0	nan	0	0	0	0.000772	0.000751	0.000772	0.000751	0.020561	0.020001
23	G	151	7338	7085	0.021313	0	0	7338	102	8756	8486	0.012020	0	0	8756	0	0	0	nan	0	0	0	0.009293	0.002103	0.009293	0.002103	0.247500	0.056009
24	C	63	7341	7032	0.008959	0	0	7341	60	8763	8434	0.007114	0	0	8763	0	0	0	nan	0	0	0	0.001845	0.001455	0.001845	0.001455	0.049138	0.038751
25	G	248	7343	7059	0.035132	0	0	7343	70	8763	8437	0.008297	0	0	8763	0	0	0	nan	0	0	0	0.026836	0.002441	0.026836	0.002441	0.714723	0.065011
26	C	32	7346	7068	0.004527	0	0	7346	27	8764	8452	0.003195	0	0	8764	0	0	0	nan	0	0	0	0.001333	0.001009	0.001333	0.001009	0.035502	0.026873
27	A	214	7348	7132	0.030006	0	0	7348	40	8765	8502	0.004705	0	0	8765	0	0	0	nan	0	0	0	0.025301	0.002182	0.025301	0.002182	0.673841	0.058113
28	C	144	7350	7000	0.020571	0	0	7350	108	8764	8364	0.012912	0	0	8764	0	0	0	nan	0	0	0	0.007659	0.002117	0.007659	0.002117	0.203982	0.056382
29	U	105	7359	6949	0.015110	0	0	7359	113	8781	8329	0.013567	0	0	8781	0	0	0	nan	0	0	0	0.001543	0.001950	0.001543	0.001950	0.041095	0.051934
30	U	117	7366	6947	0.016842	0	0	7366	154	8795	8335	0.018476	0	0	8795	0	0	0	nan	0	0	0	-0.001635	0.002154	-0.001635	0.002154	-0.043545	0.057367
31	C	73	7368	6988	0.010446	0	0	7368	65	8801	8357	0.007778	0	0	8801	0	0	0	nan	0	0	0	0.002669	0.001557	0.002669	0.001557	0.071083	0.041468
32	G	188	7368	6944	0.027074	0	0	7368	54	8800	8356	0.006462	0	0	8800	0	0	0	nan	0	0	0	0.020611	0.002162	0.020611	0.002162	0.548932	0.057581
33	U	646	7371	6931	0.093204	0	1	7371	904	8802	8321	0.108641	0	0	8802	0	0	0	nan	0	0	0	-0.015436	0.005148	nan	nan	nan	nan
34	U	116	7392	6995	0.016583	0	1	7392	194	8815	8434	0.023002	0	0	8815	0	0	0	nan	0	0	0	-0.006419	0.002258	-0.006419	0.002258	-0.170957	0.060137
35	C	474	7392	7012	0.067598	0	1	7392	73	8817	8423	0.008667	0	0	8817	0	0	0	nan	0	0	0	0.058932	0.003266	0.058932	0.003266	1.569535	0.086983
36	G	816	7400	6948	0.117444	0	1	7400	937	8822	8325	0.112553	0	0	8822	0	0	0	nan	0	0	0	0.004891	0.005516	nan	nan	nan	nan
37	G	79	7400	6832	0.011563	0	1	7400	17	8824	8224	0.002067	0	0	8824	0	0	0	nan	0	0	0	0.009496	0.001394	0.009496	0.001394	0.252907	0.037126
38	G	3856	7401	6774	0.569235	0	1	7401	4959	8821	8089	0.613055	0	0	8821	0	0	0	nan	0	0	0	-0.043819	0.012642	nan	nan	nan	nan
39	A	65	7433	6957	0.009343	0	1	7433	49	8855	8297	0.005906	0	0	8855	0	0	0	nan	0	0	0	0.003437	0.001433	0.003437	0.001433	0.091538	0.038165
40	C	39	7439	7038	0.005541	0	1	7439	36	8857	8364	0.004304	0	0	8857	0	0	0	nan	0	0	0	0.001237	0.001141	0.001237	0.001141	0.032945	0.030388
41	G	218	7442	7184	0.030345	0	1	7442	38	8857	8536	0.004452	0	0	8857	0	0	0	nan	0	0	0	0.025893	0.002178	0.025893	0.002178	0.689608	0.058007
42	A	53	7445	7209	0.007352	0	1	7445	28	8856	8575	0.003265	0	0	8856	0	0	0	nan	0	0	0	0.004087	0.001183	0.004087	0.001183	0.108849	0.031507
43	A	61	7445	7237	0.008429	0	1	7445	38	8852	8616	0.004410	0	0	8852	0	0	0	nan	0	0	0	0.004019	0.001295	0.004019	0.001295	0.107038	0.034490
44	G	294	7437	7138	0.041188	0	1	7437	209	8848	8501	0.024585	0	0	8848	0	0	0	nan	0	0	0	0.016603	0.002943	0.016603	0.002943	0.442187	0.078381
45	G	144	7435	7026	0.020495	0	1	7435	83	8846	8399	0.009882	0	0	8846	0	0	0	nan	0	0	0	0.010613	0.002023	0.010613	0.002023	0.282656	0.053879
46	G	179	7436	6830	0.026208	0	1	7436	76	8846	8316	0.009139	0	0	8846	0	0	0	nan	0	0	0	0.017069	0.002222	0.017069	0.002222	0.454598	0.059178
47	G	1939	7434	6946	0.279153	0	1	7434	2450	8845	8347	0.293519	0	0	8845	0	0	0	nan	0	0	0	-0.014365	0.008681	nan	nan	nan	nan
48	U	106	7441	7075	0.014982	0	1	7441	147	8850	8466	0.017364	0	0	8850	0	0	0	nan	0	0	0	-0.002381	0.002042	-0.002381	0.002042	-0.063413	0.054385
49	C	65	7440	7045	0.009226	0	1	7440	69	8851	8414	0.008201	0	0	8851	0	0	0	nan	0	0	0	0.001026	0.001511	0.001026	0.001511	0.027325	0.040242
50	G	175	7437	7019	0.024932	0	1	7437	109	8850	8351	0.013052	0	0	8850	0	0	0	nan	0	0	0	0.011880	0.002262	0.011880	0.002262	0.316400	0.060244
51	G	70	7437	7003	0.009996	0	1	7437	52	8850	8346	0.006231	0	0	8850	0	0	0	nan	0	0	0	0.003765	0.001474	0.003765	0.001474	0.100273	0.039257
52	A	85	7437	7066	0.012029	0	1	7437	54	8850	8423	0.006411	0	0	8850	0	0	0	nan	0	0	0	0.005618	0.001570	0.005618	0.001570	0.149624	0.041814
53	G	166	7436	7104	0.023367	0	1	7436	84	8849	8508	0.009873	0	0	8849	0	0	0	nan	0	0	0	0.013494	0.002109	0.013494	0.002109	0.359385	0.056169
54	G	267	7434	7074	0.037744	0	1	7434	84	8846	8466	0.009922	0	0	8846	0	0	0	nan	0	0	0	0.027822	0.002551	0.027822	0.002551	0.740983	0.067941
55	U	149	7434	7062	0.021099	0	1	7434	214	8846	8475	0.025251	0	0	8846	0	0	0	nan	0	0	0	-0.004152	0.002443	-0.004152	0.002443	-0.110580	0.065064
56	U	102	7435	7086	0.014395	0	1	7435	167	8844	8491	0.019668	0	0	8844	0	0	0	nan	0	0	0	-0.005273	0.002085	-0.005273	0.002085	-0.140436	0.055530
57	C	100	7433	7055	0.014174	0	1	7433	105	8840	8472	0.012394	0	0	8840	0	0	0	nan	0	0	0	0.001781	0.001863	0.001781	0.001863	0.047433	0.049617
58	G	57	7433	7062	0.008071	0	1	7433	52	8835	8491	0.006124	0	0	8835	0	0	0	nan	0	0	0	0.001947	0.001365	0.001947	0.001365	0.051854	0.036354
59	A	1127	7433	6901	0.163310	0	1	7433	6	8832	8261	0.000726	0	0	8832	0	0	0	nan	0	0	0	0.162583	0.004874	0.162583	0.004874	4.330070	0.129809
60	A	87	7431	6954	0.012511	0	1	7431	53	8831	8265	0.006413	0	0	8831	0	0	0	nan	0	0	0	0.006098	0.001605	0.006098	0.001605	0.162408	0.042746
61	U	56	7428	6872	0.008149	0	1	7428	78	8830	8161	0.009558	0	0	8830	0	0	0	nan	0	0	0	-0.001409	0.001535	-0.001409	0.001535	-0.037526	0.040882
62	C	41	7426	6880	0.005959	0	1	7426	64	8829	8207	0.007798	0	0	8829	0	0	0	nan	0	0	0	-0.001839	0.001348	-0.001839	0.001348	-0.048978	0.035901
63	C	28	7424	6864	0.004079	0	1	7424	25	8828	8194	0.003051	0	0	8828	0	0	0	nan	0	0	0	0.001028	0.000983	0.001028	0.000983	0.027379	0.026180
64	U	59	7422	6895	0.008557	0	1	7422	80	8816	8218	0.009735	0	0	8816	0	0	0	nan	0	0	0	-0.001178	0.001557	-0.001178	0.001557	-0.031374	0.041468
65	C	54	7419	7011	0.007702	0	1	7419	54	8813	8322	0.006489	0	0	8813	0	0	0	nan	0	0	0	0.001213	0.001371	0.001213	0.001371	0.032306	0.036514
66	U	45	7418	7054	0.006379	0	1	7418	56	8811	8364	0.006695	0	0	8811	0	0	0	nan	0	0	0	-0.000316	0.001306	-0.000316	0.001306	-0.008416	0.034783
67	A	37	7417	7054	0.005245	0	1	7417	58	8810	8368	0.006931	0	0	8810	0	0	0	nan	0	0	0	-0.001686	0.001254	-0.001686	0.001254	-0.044903	0.033398
68	U	87	7415	6916	0.012580	0	1	7415	127	8793	8239	0.015414	0	0	8793	0	0	0	nan	0	0	0	-0.002835	0.001921	-0.002835	0.001921	-0.075505	0.051162
69	C	37	7410	6708	0.005516	0	1	7410	23	8788	8004	0.002874	0	0	8788	0	0	0	nan	0	0	0	0.002642	0.001087	0.002642	0.001087	0.070364	0.028950
70	A	121	7408	6673	0.018133	0	1	7408	143	8784	7987	0.017904	0	0	8784	0	0	0	nan	0	0	0	0.000229	0.002227	0.000229	0.002227	0.006099	0.059312
71	C	87	7401	6604	0.013174	0	1	7401	80	8783	7872	0.010163	0	0	8783	0	0	0	nan	0	0	0	0.003011	0.001813	0.003011	0.001813	0.080192	0.048286
72	C	67	7394	6657	0.010065	0	1	7394	61	8779	7913	0.007709	0	0	8779	0	0	0	nan	0	0	0	0.002356	0.001577	0.002356	0.001577	0.062747	0.042000
73	G	268	7388	6048	0.044312	0	1	7388	62	8779	7224	0.008583	0	0	8779	0	0	0	nan	0	0	0	0.035730	0.002918	0.035730	0.002918	0.951596	0.077715
74	A	794	7373	6164	0.128812	0	1	7373	110	8772	7362	0.014942	0	0	8772	0	0	0	nan	0	0	0	0.113871	0.004788	0.113871	0.004788	3.032724	0.127519
75	C	513	7364	6187	0.082916	0	1	7364	60	8771	7382	0.008128	0	0	8771	0	0	0	nan	0	0	0	0.074788	0.003808	0.074788	0.003808	1.991827	0.101418
76	C	204	7338	6498	0.031394	0	1	7338	4	8737	7980	0.000501	0	0	8737	0	0	0	nan	0	0	0	0.030893	0.002212	0.030893	0.002212	0.822773	0.058912
77	A	0	6997	0	nan	0	1	6997	0	8561	0	nan	0	0	8561	0	0	0	nan	0	0	0	nan	nan	nan	nan	nan	nan