Nucleotide	Sequence	Modified_mutations	Modified_read_depth	Modified_effective_depth	Modified_rate	Modified_off_target_mapped_depth	Modified_low_mapq_mapped_depth	Modified_mapped_depth	Untreated_mutations	Untreated_read_depth	Untreated_effective_depth	Untreated_rate	Untreated_off_target_mapped_depth	Untreated_low_mapq_mapped_depth	Untreated_mapped_depth	Denatured_mutations	Denatured_read_depth	Denatured_effective_depth	Denatured_rate	Denatured_off_target_mapped_depth	Denatured_low_mapq_mapped_depth	Denatured_mapped_depth	Reactivity_profile	Std_err	HQ_profile	HQ_stderr	Norm_profile	Norm_stderr
1	U	0	13695	13491	0.000000	0	0	13695	0	14826	14592	0.000000	0	0	14826	0	0	0	nan	0	0	0	0.000000	0.000000	0.000000	0.000000	0.000000	0.000000
2	C	0	14114	13792	0.000000	0	0	14114	0	15272	14922	0.000000	0	0	15272	0	0	0	nan	0	0	0	0.000000	0.000000	0.000000	0.000000	0.000000	0.000000
3	C	145	14627	14267	0.010163	0	0	14627	118	15748	15382	0.007671	0	0	15748	0	0	0	nan	0	0	0	0.002492	0.001100	0.002492	0.001100	0.067667	0.029869
4	U	156	15149	14697	0.010614	0	0	15149	137	16281	15789	0.008677	0	0	16281	0	0	0	nan	0	0	0	0.001937	0.001128	0.001937	0.001128	0.052597	0.030629
5	C	178	15308	14655	0.012146	0	0	15308	154	16422	15734	0.009788	0	0	16422	0	0	0	nan	0	0	0	0.002358	0.001205	0.002358	0.001205	0.064028	0.032720
6	U	122	15763	14716	0.008290	0	0	15763	108	16821	15749	0.006858	0	0	16821	0	0	0	nan	0	0	0	0.001433	0.000999	0.001433	0.000999	0.038911	0.027127
7	G	550	15899	14710	0.037390	0	0	15899	106	16980	15766	0.006723	0	0	16980	0	0	0	nan	0	0	0	0.030666	0.001723	0.030666	0.001723	0.832695	0.046786
8	U	1600	17050	15940	0.100376	0	0	17050	1338	17499	16465	0.081263	0	0	17499	0	0	0	nan	0	0	0	0.019113	0.003352	nan	nan	nan	nan
9	A	1200	17677	16815	0.071365	0	0	17677	39	17936	17071	0.002285	0	0	17936	0	0	0	nan	0	0	0	0.069080	0.002092	0.069080	0.002092	1.875776	0.056805
10	G	277	19967	18896	0.014659	0	0	19967	152	18003	17064	0.008908	0	0	18003	0	0	0	nan	0	0	0	0.005752	0.001139	0.005752	0.001139	0.156188	0.030928
11	U	211	20841	19636	0.010746	0	0	20841	219	18574	17503	0.012512	0	0	18574	0	0	0	nan	0	0	0	-0.001767	0.001123	-0.001767	0.001123	-0.047981	0.030494
12	U	249	21982	20733	0.012010	0	0	21982	219	20486	19248	0.011378	0	0	20486	0	0	0	nan	0	0	0	0.000632	0.001082	0.000632	0.001082	0.017161	0.029380
13	C	161	22464	21615	0.007449	0	0	22464	110	21006	20094	0.005474	0	0	21006	0	0	0	nan	0	0	0	0.001974	0.000786	0.001974	0.000786	0.053601	0.021343
14	A	554	22814	21783	0.025433	0	0	22814	32	21455	20413	0.001568	0	0	21455	0	0	0	nan	0	0	0	0.023865	0.001116	0.023865	0.001116	0.648022	0.030304
15	G	308	23007	21956	0.014028	0	0	23007	108	21477	20550	0.005255	0	0	21477	0	0	0	nan	0	0	0	0.008773	0.000946	0.008773	0.000946	0.238219	0.025687
16	U	575	23611	22364	0.025711	0	0	23611	721	21980	20951	0.034414	0	0	21980	0	0	0	nan	0	0	0	-0.008703	0.001671	-0.008703	0.001671	-0.236318	0.045374
17	C	728	23725	22541	0.032297	0	0	23725	62	22122	21060	0.002944	0	0	22122	0	0	0	nan	0	0	0	0.029353	0.001254	0.029353	0.001254	0.797042	0.034051
18	G	535	24154	22846	0.023418	0	0	24154	160	22258	21093	0.007585	0	0	22258	0	0	0	nan	0	0	0	0.015832	0.001177	0.015832	0.001177	0.429897	0.031960
19	G	736	24230	22885	0.032161	0	0	24230	190	22311	21060	0.009022	0	0	22311	0	0	0	nan	0	0	0	0.023139	0.001354	0.023139	0.001354	0.628309	0.036766
20	U	282	24349	23310	0.012098	0	0	24349	305	22364	21448	0.014220	0	0	22364	0	0	0	nan	0	0	0	-0.002123	0.001087	-0.002123	0.001087	-0.057647	0.029516
21	A	97	24364	23516	0.004125	0	0	24364	30	22392	21618	0.001388	0	0	22392	0	0	0	nan	0	0	0	0.002737	0.000489	0.002737	0.000489	0.074320	0.013278
22	G	190	24394	23063	0.008238	0	0	24394	76	22411	21141	0.003595	0	0	22411	0	0	0	nan	0	0	0	0.004643	0.000726	0.004643	0.000726	0.126075	0.019714
23	A	211	24403	21994	0.009594	0	0	24403	33	22440	20183	0.001635	0	0	22440	0	0	0	nan	0	0	0	0.007958	0.000719	0.007958	0.000719	0.216089	0.019523
24	A	246	24426	22104	0.011129	0	0	24426	108	22493	20328	0.005313	0	0	22493	0	0	0	nan	0	0	0	0.005816	0.000875	0.005816	0.000875	0.157926	0.023759
25	C	268	24438	22203	0.012070	0	0	24438	216	22487	20416	0.010580	0	0	22487	0	0	0	nan	0	0	0	0.001491	0.001030	0.001491	0.001030	0.040486	0.027968
26	G	1222	24429	22710	0.053809	0	0	24429	229	22476	20818	0.011000	0	0	22476	0	0	0	nan	0	0	0	0.042809	0.001702	0.042809	0.001702	1.162422	0.046216
27	G	469	24435	22669	0.020689	0	0	24435	305	22476	20738	0.014707	0	0	22476	0	0	0	nan	0	0	0	0.005982	0.001274	0.005982	0.001274	0.162433	0.034594
28	C	223	24436	22744	0.009805	0	0	24436	187	22475	20755	0.009010	0	0	22475	0	0	0	nan	0	0	0	0.000795	0.000930	0.000795	0.000930	0.021587	0.025253
29	G	473	24433	22787	0.020757	0	0	24433	274	22478	20876	0.013125	0	0	22478	0	0	0	nan	0	0	0	0.007632	0.001241	0.007632	0.001241	0.207237	0.033698
30	G	607	24430	22623	0.026831	0	0	24430	106	22477	20798	0.005097	0	0	22477	0	0	0	nan	0	0	0	0.021734	0.001196	0.021734	0.001196	0.590158	0.032476
31	A	293	24435	22889	0.012801	0	0	24435	162	22485	21201	0.007641	0	0	22485	0	0	0	nan	0	0	0	0.005160	0.000959	0.005160	0.000959	0.140113	0.026040
32	C	917	24436	23112	0.039676	0	0	24436	157	22482	21353	0.007353	0	0	22482	0	0	0	nan	0	0	0	0.032324	0.001436	0.032324	0.001436	0.877715	0.038993
33	U	152	24448	23010	0.006606	0	0	24448	114	22499	21223	0.005372	0	0	22499	0	0	0	nan	0	0	0	0.001234	0.000735	0.001234	0.000735	0.033508	0.019958
34	G	270	24453	22823	0.011830	0	0	24453	285	22507	21050	0.013539	0	0	22507	0	0	0	nan	0	0	0	-0.001709	0.001078	-0.001709	0.001078	-0.046406	0.029272
35	U	351	24492	22854	0.015358	0	0	24492	297	22584	21127	0.014058	0	0	22584	0	0	0	nan	0	0	0	0.001301	0.001156	0.001301	0.001156	0.035327	0.031390
36	U	182	24513	23186	0.007850	0	0	24513	153	22623	21440	0.007136	0	0	22623	0	0	0	nan	0	0	0	0.000713	0.000819	0.000713	0.000819	0.019361	0.022239
37	A	759	24529	23408	0.032425	0	0	24529	784	22646	21680	0.036162	0	1	22646	0	0	0	nan	0	0	0	-0.003738	0.001747	-0.003738	0.001747	-0.101500	0.047437
38	A	1239	24528	23463	0.052807	0	0	24528	65	22656	21715	0.002993	0	1	22656	0	0	0	nan	0	0	0	0.049813	0.001545	0.049813	0.001545	1.352606	0.041952
39	U	315	24542	23197	0.013579	0	0	24542	318	22659	21464	0.014816	0	1	22659	0	0	0	nan	0	0	0	-0.001236	0.001129	-0.001236	0.001129	-0.033562	0.030656
40	C	156	24551	22554	0.006917	0	0	24551	151	22668	20740	0.007281	0	1	22668	0	0	0	nan	0	0	0	-0.000364	0.000811	-0.000364	0.000811	-0.009884	0.022022
41	C	143	24565	22458	0.006367	0	0	24565	120	22720	20655	0.005810	0	1	22720	0	0	0	nan	0	0	0	0.000558	0.000752	0.000558	0.000752	0.015152	0.020420
42	G	1221	24569	22443	0.054404	0	0	24569	158	22720	20610	0.007666	0	1	22720	0	0	0	nan	0	0	0	0.046738	0.001672	0.046738	0.001672	1.269108	0.045401
43	U	198	24567	23198	0.008535	0	0	24567	177	22735	21440	0.008256	0	1	22735	0	0	0	nan	0	0	0	0.000280	0.000868	0.000280	0.000868	0.007603	0.023569
44	A	291	24568	23537	0.012364	0	0	24568	90	22740	21782	0.004132	0	1	22740	0	0	0	nan	0	0	0	0.008232	0.000846	0.008232	0.000846	0.223529	0.022972
45	U	385	24577	23203	0.016593	0	0	24577	333	22739	21599	0.015417	0	1	22739	0	0	0	nan	0	0	0	0.001175	0.001195	0.001175	0.001195	0.031906	0.032449
46	G	3532	24576	23187	0.152327	0	0	24576	3347	22735	21543	0.155364	0	1	22735	0	0	0	nan	0	0	0	-0.003037	0.003712	nan	nan	nan	nan
47	U	274	24596	23188	0.011816	0	0	24596	254	22766	21562	0.011780	0	2	22766	0	0	0	nan	0	0	0	0.000036	0.001028	0.000036	0.001028	0.000978	0.027914
48	C	104	24593	23349	0.004454	0	0	24593	51	22764	21708	0.002349	0	2	22764	0	0	0	nan	0	0	0	0.002105	0.000547	0.002105	0.000547	0.057158	0.014853
49	A	291	24597	23502	0.012382	0	0	24597	130	22763	21817	0.005959	0	2	22763	0	0	0	nan	0	0	0	0.006423	0.000894	0.006423	0.000894	0.174408	0.024275
50	C	235	24582	23359	0.010060	0	0	24582	190	22748	21632	0.008783	0	2	22748	0	0	0	nan	0	0	0	0.001277	0.000915	0.001277	0.000915	0.034675	0.024846
51	U	224	24575	23017	0.009732	0	0	24575	175	22733	21209	0.008251	0	2	22733	0	0	0	nan	0	0	0	0.001481	0.000901	0.001481	0.000901	0.040215	0.024465
52	G	303	24563	22737	0.013326	0	0	24563	213	22727	20929	0.010177	0	2	22727	0	0	0	nan	0	0	0	0.003149	0.001036	0.003149	0.001036	0.085507	0.028131
53	G	644	24553	22740	0.028320	0	0	24553	225	22715	20993	0.010718	0	2	22715	0	0	0	nan	0	0	0	0.017602	0.001325	0.017602	0.001325	0.477959	0.035979
54	U	659	24542	22961	0.028701	0	0	24542	663	22715	21300	0.031127	0	2	22715	0	0	0	nan	0	0	0	-0.002426	0.001647	-0.002426	0.001647	-0.065875	0.044722
55	U	484	24531	23048	0.021000	0	0	24531	432	22713	21425	0.020163	0	2	22713	0	0	0	nan	0	0	0	0.000836	0.001361	0.000836	0.001361	0.022700	0.036956
56	C	486	24515	23012	0.021119	0	0	24515	345	22708	21313	0.016187	0	2	22708	0	0	0	nan	0	0	0	0.004932	0.001295	0.004932	0.001295	0.133922	0.035164
57	G	53	24502	22827	0.002322	0	0	24502	100	22705	21488	0.004654	0	2	22705	0	0	0	nan	0	0	0	-0.002332	0.000564	-0.002332	0.000564	-0.063322	0.015315
58	A	12830	24493	22552	0.568907	0	0	24493	55	22704	21418	0.002568	0	2	22704	0	0	0	nan	0	0	0	0.566339	0.005035	0.566339	0.005035	15.378185	0.136719
59	G	340	24492	22641	0.015017	0	0	24492	290	22703	21352	0.013582	0	2	22703	0	0	0	nan	0	0	0	0.001435	0.001140	0.001435	0.001140	0.038966	0.030955
60	U	331	24484	22708	0.014576	0	0	24484	318	22697	21115	0.015060	0	2	22697	0	0	0	nan	0	0	0	-0.000484	0.001164	-0.000484	0.001164	-0.013142	0.031607
61	C	109	24478	22409	0.004864	0	0	24478	160	22689	20467	0.007817	0	2	22689	0	0	0	nan	0	0	0	-0.002953	0.000774	-0.002953	0.000774	-0.080185	0.021017
62	C	81	24468	22782	0.003555	0	0	24468	59	22680	20793	0.002837	0	2	22680	0	0	0	nan	0	0	0	0.000718	0.000541	0.000718	0.000541	0.019496	0.014690
63	A	178	24462	22587	0.007881	0	0	24462	162	22666	20643	0.007848	0	2	22666	0	0	0	nan	0	0	0	0.000033	0.000854	0.000033	0.000854	0.000896	0.023189
64	G	549	24455	22939	0.023933	0	0	24455	171	22663	21256	0.008045	0	2	22663	0	0	0	nan	0	0	0	0.015888	0.001192	0.015888	0.001192	0.431418	0.032367
65	U	494	24446	22736	0.021728	0	0	24446	357	22641	21011	0.016991	0	2	22641	0	0	0	nan	0	0	0	0.004737	0.001328	0.004737	0.001328	0.128627	0.036060
66	C	125	24443	22945	0.005448	0	0	24443	91	22622	21299	0.004273	0	2	22622	0	0	0	nan	0	0	0	0.001175	0.000662	0.001175	0.000662	0.031906	0.017976
67	A	172	24431	23012	0.007474	0	0	24431	109	22606	21259	0.005127	0	2	22606	0	0	0	nan	0	0	0	0.002347	0.000752	0.002347	0.000752	0.063730	0.020420
68	G	924	24409	22936	0.040286	0	0	24409	116	22576	21190	0.005474	0	2	22576	0	0	0	nan	0	0	0	0.034812	0.001419	0.034812	0.001419	0.945274	0.038531
69	A	291	24392	22650	0.012848	0	0	24392	114	22540	20850	0.005468	0	2	22540	0	0	0	nan	0	0	0	0.007380	0.000911	0.007380	0.000911	0.200394	0.024737
70	G	996	24365	22110	0.045047	0	0	24365	265	22514	20321	0.013041	0	2	22514	0	0	0	nan	0	0	0	0.032007	0.001637	0.032007	0.001637	0.869108	0.044451
71	G	867	24357	22027	0.039361	0	0	24357	99	22504	20271	0.004884	0	2	22504	0	0	0	nan	0	0	0	0.034477	0.001424	0.034477	0.001424	0.936177	0.038667
72	A	327	24341	21965	0.014887	0	0	24341	151	22502	20300	0.007438	0	2	22502	0	0	0	nan	0	0	0	0.007449	0.001022	0.007449	0.001022	0.202268	0.027751
73	G	1027	24310	22162	0.046341	0	0	24310	241	22493	20571	0.011716	0	2	22493	0	0	0	nan	0	0	0	0.034625	0.001631	0.034625	0.001631	0.940196	0.044288
74	C	1468	24278	22083	0.066476	0	0	24278	214	22484	20428	0.010476	0	2	22484	0	0	0	nan	0	0	0	0.056001	0.001877	0.056001	0.001877	1.520633	0.050967
75	C	403	24201	21270	0.018947	0	0	24201	35	22457	20377	0.001718	0	2	22457	0	0	0	nan	0	0	0	0.017229	0.000987	0.017229	0.000987	0.467831	0.026801
76	A	0	23078	0	nan	0	0	23078	0	22171	0	nan	0	2	22171	0	0	0	nan	0	0	0	nan	nan	nan	nan	nan	nan