Nucleotide	Sequence	Modified_mutations	Modified_read_depth	Modified_effective_depth	Modified_rate	Modified_off_target_mapped_depth	Modified_low_mapq_mapped_depth	Modified_mapped_depth	Untreated_mutations	Untreated_read_depth	Untreated_effective_depth	Untreated_rate	Untreated_off_target_mapped_depth	Untreated_low_mapq_mapped_depth	Untreated_mapped_depth	Denatured_mutations	Denatured_read_depth	Denatured_effective_depth	Denatured_rate	Denatured_off_target_mapped_depth	Denatured_low_mapq_mapped_depth	Denatured_mapped_depth	Reactivity_profile	Std_err	HQ_profile	HQ_stderr
1	G	0	80	77	0.000000	0	0	80	0	18	18	0.000000	0	0	18	0	0	0	nan	0	0	0	0.000000	0.000000	nan	nan
2	G	0	87	84	0.000000	0	0	87	0	18	18	0.000000	0	0	18	0	0	0	nan	0	0	0	0.000000	0.000000	nan	nan
3	A	0	94	94	0.000000	0	0	94	0	18	18	0.000000	0	0	18	0	0	0	nan	0	0	0	0.000000	0.000000	nan	nan
4	A	1	96	94	0.010638	0	0	96	0	18	18	0.000000	0	0	18	0	0	0	nan	0	0	0	0.010638	0.010638	nan	nan
5	G	5	99	96	0.052083	0	0	99	2	18	18	0.111111	0	0	18	0	0	0	nan	0	0	0	-0.059028	0.081947	nan	nan
6	A	1	99	95	0.010526	0	0	99	0	18	18	0.000000	0	0	18	0	0	0	nan	0	0	0	0.010526	0.010526	nan	nan
7	U	1	103	98	0.010204	0	0	103	0	20	20	0.000000	0	0	20	0	0	0	nan	0	0	0	0.010204	0.010204	nan	nan
8	C	1	103	96	0.010417	0	0	103	0	21	21	0.000000	0	0	21	0	0	0	nan	0	0	0	0.010417	0.010417	nan	nan
9	G	7	106	100	0.070000	0	0	106	1	22	22	0.045455	0	0	22	0	0	0	nan	0	0	0	0.024545	0.052594	nan	nan
10	U	4	111	105	0.038095	0	0	111	1	24	24	0.041667	0	0	24	0	0	0	nan	0	0	0	-0.003571	0.045814	nan	nan
11	C	1	112	106	0.009434	0	0	112	0	24	24	0.000000	0	0	24	0	0	0	nan	0	0	0	0.009434	0.009434	nan	nan
12	G	21	117	112	0.187500	0	0	117	1	24	23	0.043478	0	0	24	0	0	0	nan	0	0	0	0.144022	0.059703	nan	nan
13	U	0	127	121	0.000000	0	0	127	0	24	23	0.000000	0	0	24	0	0	0	nan	0	0	0	0.000000	0.000000	nan	nan
14	C	0	127	118	0.000000	0	0	127	0	24	21	0.000000	0	0	24	0	0	0	nan	0	0	0	0.000000	0.000000	nan	nan
15	U	3	134	122	0.024590	0	0	134	0	25	21	0.000000	0	0	25	0	0	0	nan	0	0	0	0.024590	0.014197	nan	nan
16	C	1	138	126	0.007937	0	0	138	0	25	20	0.000000	0	0	25	0	0	0	nan	0	0	0	0.007937	0.007937	nan	nan
17	C	2	144	131	0.015267	0	0	144	0	26	24	0.000000	0	0	26	0	0	0	nan	0	0	0	0.015267	0.010796	nan	nan
18	G	5	145	134	0.037313	0	0	145	1	26	25	0.040000	0	0	26	0	0	0	nan	0	0	0	-0.002687	0.043341	nan	nan
19	G	4	148	135	0.029630	0	0	148	0	26	25	0.000000	0	0	26	0	0	0	nan	0	0	0	0.029630	0.014815	nan	nan
20	U	5	164	152	0.032895	0	0	164	0	32	30	0.000000	0	0	32	0	0	0	nan	0	0	0	0.032895	0.014711	nan	nan
21	G	3	171	155	0.019355	0	0	171	0	35	32	0.000000	0	0	35	0	0	0	nan	0	0	0	0.019355	0.011175	nan	nan
22	A	0	174	154	0.000000	0	0	174	0	35	32	0.000000	0	0	35	0	0	0	nan	0	0	0	0.000000	0.000000	nan	nan
23	G	10	177	154	0.064935	0	0	177	1	36	33	0.030303	0	0	36	0	0	0	nan	0	0	0	0.034632	0.036605	nan	nan
24	G	4	183	165	0.024242	0	0	183	0	36	33	0.000000	0	0	36	0	0	0	nan	0	0	0	0.024242	0.012121	nan	nan
25	C	2	186	171	0.011696	0	0	186	0	37	34	0.000000	0	0	37	0	0	0	nan	0	0	0	0.011696	0.008270	nan	nan
26	G	5	190	176	0.028409	0	0	190	0	37	34	0.000000	0	0	37	0	0	0	nan	0	0	0	0.028409	0.012705	nan	nan
27	G	3	192	175	0.017143	0	0	192	0	37	33	0.000000	0	0	37	0	0	0	nan	0	0	0	0.017143	0.009897	nan	nan
28	C	3	194	173	0.017341	0	0	194	0	38	32	0.000000	0	0	38	0	0	0	nan	0	0	0	0.017341	0.010012	nan	nan
29	U	1	197	176	0.005682	0	0	197	0	38	33	0.000000	0	0	38	0	0	0	nan	0	0	0	0.005682	0.005682	nan	nan
30	G	4	200	180	0.022222	0	0	200	0	39	35	0.000000	0	0	39	0	0	0	nan	0	0	0	0.022222	0.011111	nan	nan
31	G	0	205	168	0.000000	0	0	205	0	41	32	0.000000	0	0	41	0	0	0	nan	0	0	0	0.000000	0.000000	nan	nan
32	A	3	210	171	0.017544	0	0	210	1	42	32	0.031250	0	0	42	0	0	0	nan	0	0	0	-0.013706	0.032851	nan	nan
33	C	7	214	180	0.038889	0	0	214	1	43	29	0.034483	0	0	43	0	0	0	nan	0	0	0	0.004406	0.037485	nan	nan
34	U	4	223	208	0.019231	0	0	223	0	47	40	0.000000	0	0	47	0	0	0	nan	0	0	0	0.019231	0.009615	nan	nan
35	U	4	238	219	0.018265	0	0	238	1	58	50	0.020000	0	0	58	0	0	0	nan	0	0	0	-0.001735	0.021986	nan	nan
36	C	14	244	228	0.061404	0	0	244	0	63	59	0.000000	0	0	63	0	0	0	nan	0	0	0	0.061404	0.016411	nan	nan
37	A	7	254	237	0.029536	0	0	254	0	67	63	0.000000	0	0	67	0	0	0	nan	0	0	0	0.029536	0.011164	nan	nan
38	A	1	260	245	0.004082	0	0	260	2	67	66	0.030303	0	0	67	0	0	0	nan	0	0	0	-0.026221	0.021813	nan	nan
39	A	19	262	240	0.079167	0	0	262	0	68	68	0.000000	0	0	68	0	0	0	nan	0	0	0	0.079167	0.018162	nan	nan
40	U	3	270	241	0.012448	0	0	270	1	69	67	0.014925	0	0	69	0	0	0	nan	0	0	0	-0.002477	0.016566	nan	nan
41	C	2	271	238	0.008403	0	0	271	1	69	65	0.015385	0	0	69	0	0	0	nan	0	0	0	-0.006981	0.016492	nan	nan
42	C	0	274	246	0.000000	0	0	274	0	74	70	0.000000	0	0	74	0	0	0	nan	0	0	0	0.000000	0.000000	nan	nan
43	A	0	276	255	0.000000	0	0	276	0	74	69	0.000000	0	0	74	0	0	0	nan	0	0	0	0.000000	0.000000	nan	nan
44	G	20	274	259	0.077220	0	0	274	1	74	69	0.014493	0	0	74	0	0	0	nan	0	0	0	0.062727	0.022543	nan	nan
45	U	2	275	251	0.007968	0	0	275	1	76	70	0.014286	0	0	76	0	0	0	nan	0	0	0	-0.006318	0.015357	nan	nan
46	U	6	275	240	0.025000	0	0	275	0	76	69	0.000000	0	0	76	0	0	0	nan	0	0	0	0.025000	0.010206	nan	nan
47	G	16	276	238	0.067227	0	0	276	2	76	67	0.029851	0	0	76	0	0	0	nan	0	0	0	0.037376	0.026981	nan	nan
48	G	7	276	243	0.028807	0	0	276	2	76	67	0.029851	0	0	76	0	0	0	nan	0	0	0	-0.001044	0.023750	nan	nan
49	G	12	276	252	0.047619	0	0	276	0	76	66	0.000000	0	0	76	0	0	0	nan	0	0	0	0.047619	0.013746	nan	nan
50	G	10	275	260	0.038462	0	0	275	0	76	68	0.000000	0	0	76	0	0	0	nan	0	0	0	0.038462	0.012163	nan	nan
51	C	2	275	259	0.007722	0	0	275	0	76	69	0.000000	0	0	76	0	0	0	nan	0	0	0	0.007722	0.005460	nan	nan
52	C	2	275	253	0.007905	0	0	275	0	76	69	0.000000	0	0	76	0	0	0	nan	0	0	0	0.007905	0.005590	nan	nan
53	G	20	275	253	0.079051	0	0	275	1	76	69	0.014493	0	0	76	0	0	0	nan	0	0	0	0.064559	0.022858	nan	nan
54	C	9	275	257	0.035019	0	0	275	0	76	68	0.000000	0	0	76	0	0	0	nan	0	0	0	0.035019	0.011673	nan	nan
55	C	11	275	249	0.044177	0	0	275	0	76	66	0.000000	0	0	76	0	0	0	nan	0	0	0	0.044177	0.013320	nan	nan
56	A	11	275	239	0.046025	0	0	275	0	76	63	0.000000	0	0	76	0	0	0	nan	0	0	0	0.046025	0.013877	nan	nan
57	G	12	275	238	0.050420	0	0	275	1	76	61	0.016393	0	0	76	0	0	0	nan	0	0	0	0.034027	0.021922	nan	nan
58	C	3	275	250	0.012000	0	0	275	1	76	66	0.015152	0	0	76	0	0	0	nan	0	0	0	-0.003152	0.016660	nan	nan
59	G	9	275	243	0.037037	0	0	275	1	76	69	0.014493	0	0	76	0	0	0	nan	0	0	0	0.022544	0.019038	nan	nan
60	G	16	275	234	0.068376	0	0	275	0	76	70	0.000000	0	0	76	0	0	0	nan	0	0	0	0.068376	0.017094	nan	nan
61	U	3	275	239	0.012552	0	0	275	1	76	68	0.014706	0	0	76	0	0	0	nan	0	0	0	-0.002154	0.016395	nan	nan
62	C	2	275	246	0.008130	0	0	275	0	76	67	0.000000	0	0	76	0	0	0	nan	0	0	0	0.008130	0.005749	nan	nan
63	C	1	275	253	0.003953	0	0	275	1	76	70	0.014286	0	0	76	0	0	0	nan	0	0	0	-0.010333	0.014822	nan	nan
64	C	4	275	243	0.016461	0	0	275	2	76	63	0.031746	0	0	76	0	0	0	nan	0	0	0	-0.015285	0.023909	nan	nan
65	G	4	275	244	0.016393	0	0	275	0	76	64	0.000000	0	0	76	0	0	0	nan	0	0	0	0.016393	0.008197	nan	nan
66	G	4	275	239	0.016736	0	0	275	1	76	64	0.015625	0	0	76	0	0	0	nan	0	0	0	0.001111	0.017725	nan	nan
67	G	11	275	245	0.044898	0	0	275	1	76	69	0.014493	0	0	76	0	0	0	nan	0	0	0	0.030405	0.019832	nan	nan
68	C	1	274	251	0.003984	0	0	274	0	76	69	0.000000	0	0	76	0	0	0	nan	0	0	0	0.003984	0.003984	nan	nan
69	A	2	274	250	0.008000	0	0	274	0	75	65	0.000000	0	0	75	0	0	0	nan	0	0	0	0.008000	0.005657	nan	nan
70	G	6	274	239	0.025105	0	0	274	1	75	68	0.014706	0	0	75	0	0	0	nan	0	0	0	0.010399	0.017925	nan	nan
71	G	8	272	234	0.034188	0	0	272	1	75	67	0.014925	0	0	75	0	0	0	nan	0	0	0	0.019263	0.019206	nan	nan
72	U	5	270	240	0.020833	0	0	270	2	75	70	0.028571	0	0	75	0	0	0	nan	0	0	0	-0.007738	0.022248	nan	nan
73	U	6	270	231	0.025974	0	0	270	2	75	59	0.033898	0	0	75	0	0	0	nan	0	0	0	-0.007924	0.026210	nan	nan
74	C	5	270	234	0.021368	0	0	270	2	73	61	0.032787	0	0	73	0	0	0	nan	0	0	0	-0.011419	0.025076	nan	nan
75	G	0	270	227	0.000000	0	0	270	0	73	55	0.000000	0	0	73	0	0	0	nan	0	0	0	0.000000	0.000000	nan	nan
76	A	184	270	229	0.803493	0	0	270	0	73	61	0.000000	0	0	73	0	0	0	nan	0	0	0	0.803493	0.059234	nan	nan
77	C	3	270	229	0.013100	0	0	270	0	73	58	0.000000	0	0	73	0	0	0	nan	0	0	0	0.013100	0.007564	nan	nan
78	U	2	270	226	0.008850	0	0	270	2	73	67	0.029851	0	0	73	0	0	0	nan	0	0	0	-0.021001	0.022016	nan	nan
79	C	0	270	228	0.000000	0	0	270	0	73	67	0.000000	0	0	73	0	0	0	nan	0	0	0	0.000000	0.000000	nan	nan
80	C	3	269	225	0.013333	0	0	269	1	73	69	0.014493	0	0	73	0	0	0	nan	0	0	0	-0.001159	0.016410	nan	nan
81	U	2	269	237	0.008439	0	0	269	1	73	67	0.014925	0	0	73	0	0	0	nan	0	0	0	-0.006487	0.016074	nan	nan
82	G	10	268	236	0.042373	0	0	268	2	73	65	0.030769	0	0	73	0	0	0	nan	0	0	0	0.011604	0.025552	nan	nan
83	U	2	267	233	0.008584	0	0	267	1	73	64	0.015625	0	0	73	0	0	0	nan	0	0	0	-0.007041	0.016762	nan	nan
84	G	9	267	234	0.038462	0	0	267	0	73	64	0.000000	0	0	73	0	0	0	nan	0	0	0	0.038462	0.012821	nan	nan
85	A	1	267	230	0.004348	0	0	267	1	73	61	0.016393	0	0	73	0	0	0	nan	0	0	0	-0.012046	0.016960	nan	nan
86	U	1	267	231	0.004329	0	0	267	1	73	61	0.016393	0	0	73	0	0	0	nan	0	0	0	-0.012064	0.016955	nan	nan
87	C	3	266	231	0.012987	0	0	266	2	73	63	0.031746	0	0	73	0	0	0	nan	0	0	0	-0.018759	0.023667	nan	nan
88	U	0	266	230	0.000000	0	0	266	1	73	62	0.016129	0	0	73	0	0	0	nan	0	0	0	-0.016129	0.016129	nan	nan
89	U	3	266	225	0.013333	0	0	266	2	73	63	0.031746	0	0	73	0	0	0	nan	0	0	0	-0.018413	0.023731	nan	nan
90	C	1	266	202	0.004950	0	0	266	0	73	64	0.000000	0	0	73	0	0	0	nan	0	0	0	0.004950	0.004950	nan	nan
91	C	4	266	196	0.020408	0	0	266	2	73	66	0.030303	0	0	73	0	0	0	nan	0	0	0	-0.009895	0.023733	nan	nan
92	G	8	264	193	0.041451	0	0	264	3	73	65	0.046154	0	0	73	0	0	0	nan	0	0	0	-0.004703	0.030411	nan	nan
93	C	11	264	206	0.053398	0	0	264	0	73	65	0.000000	0	0	73	0	0	0	nan	0	0	0	0.053398	0.016100	nan	nan
94	C	4	263	213	0.018779	0	0	263	1	73	61	0.016393	0	0	73	0	0	0	nan	0	0	0	0.002386	0.018892	nan	nan
95	A	0	254	0	nan	0	0	254	0	73	0	nan	0	0	73	0	0	0	nan	0	0	0	nan	nan	nan	nan