Nucleotide	Sequence	Modified_mutations	Modified_read_depth	Modified_effective_depth	Modified_rate	Modified_off_target_mapped_depth	Modified_low_mapq_mapped_depth	Modified_mapped_depth	Untreated_mutations	Untreated_read_depth	Untreated_effective_depth	Untreated_rate	Untreated_off_target_mapped_depth	Untreated_low_mapq_mapped_depth	Untreated_mapped_depth	Denatured_mutations	Denatured_read_depth	Denatured_effective_depth	Denatured_rate	Denatured_off_target_mapped_depth	Denatured_low_mapq_mapped_depth	Denatured_mapped_depth	Reactivity_profile	Std_err	HQ_profile	HQ_stderr	Norm_profile	Norm_stderr
1	G	0	796	777	0.000000	0	0	796	0	1073	1039	0.000000	0	0	1073	0	0	0	nan	0	0	0	0.000000	0.000000	0.000000	0.000000	0.000000	0.000000
2	C	0	842	811	0.000000	0	0	842	0	1093	1032	0.000000	0	0	1093	0	0	0	nan	0	0	0	0.000000	0.000000	0.000000	0.000000	0.000000	0.000000
3	C	6	853	818	0.007335	0	0	853	5	1116	1054	0.004744	0	0	1116	0	0	0	nan	0	0	0	0.002591	0.003670	0.002591	0.003670	0.059087	0.083693
4	C	4	857	817	0.004896	0	0	857	8	1125	1057	0.007569	0	0	1125	0	0	0	nan	0	0	0	-0.002673	0.003627	-0.002673	0.003627	-0.060957	0.082712
5	G	31	859	815	0.038037	0	0	859	15	1125	1061	0.014138	0	0	1125	0	0	0	nan	0	0	0	0.023899	0.007746	0.023899	0.007746	0.545006	0.176644
6	G	27	867	815	0.033129	0	0	867	6	1125	1043	0.005753	0	0	1125	0	0	0	nan	0	0	0	0.027376	0.006794	0.027376	0.006794	0.624298	0.154934
7	A	20	883	832	0.024038	0	0	883	3	1144	1063	0.002822	0	0	1144	0	0	0	nan	0	0	0	0.021216	0.005617	0.021216	0.005617	0.483822	0.128093
8	U	55	910	868	0.063364	0	0	910	32	1154	1088	0.029412	0	0	1154	0	0	0	nan	0	0	0	0.033952	0.010002	0.033952	0.010002	0.774261	0.228091
9	A	31	939	901	0.034406	0	0	939	3	1185	1130	0.002655	0	0	1185	0	0	0	nan	0	0	0	0.031751	0.006367	0.031751	0.006367	0.724068	0.145197
10	G	42	1032	984	0.042683	0	0	1032	14	1188	1134	0.012346	0	0	1188	0	0	0	nan	0	0	0	0.030337	0.007366	0.030337	0.007366	0.691822	0.167978
11	C	23	1065	1015	0.022660	0	0	1065	12	1195	1139	0.010536	0	0	1195	0	0	0	nan	0	0	0	0.012125	0.005619	0.012125	0.005619	0.276505	0.128139
12	U	12	1109	1056	0.011364	0	0	1109	17	1246	1186	0.014334	0	0	1246	0	0	0	nan	0	0	0	-0.002970	0.004780	-0.002970	0.004780	-0.067730	0.109006
13	C	12	1116	1067	0.011246	0	0	1116	5	1254	1206	0.004146	0	0	1254	0	0	0	nan	0	0	0	0.007101	0.003739	0.007101	0.003739	0.161935	0.085266
14	A	36	1134	1086	0.033149	0	0	1134	2	1271	1213	0.001649	0	0	1271	0	0	0	nan	0	0	0	0.031500	0.005647	0.031500	0.005647	0.718344	0.128777
15	G	38	1151	1107	0.034327	0	0	1151	12	1271	1219	0.009844	0	0	1271	0	0	0	nan	0	0	0	0.024483	0.006252	0.024483	0.006252	0.558324	0.142574
16	U	18	1180	1135	0.015859	0	0	1180	24	1292	1243	0.019308	0	0	1292	0	0	0	nan	0	0	0	-0.003449	0.005432	-0.003449	0.005432	-0.078653	0.123874
17	C	47	1182	1128	0.041667	0	0	1182	8	1297	1248	0.006410	0	0	1297	0	0	0	nan	0	0	0	0.035256	0.006487	0.035256	0.006487	0.803998	0.147933
18	G	28	1205	1130	0.024779	0	0	1205	12	1312	1251	0.009592	0	0	1312	0	0	0	nan	0	0	0	0.015186	0.005440	0.015186	0.005440	0.346310	0.124057
19	G	79	1218	1152	0.068576	0	0	1218	13	1316	1242	0.010467	0	0	1316	0	0	0	nan	0	0	0	0.058109	0.008244	0.058109	0.008244	1.325151	0.188001
20	U	11	1229	1177	0.009346	0	0	1229	8	1324	1265	0.006324	0	0	1324	0	0	0	nan	0	0	0	0.003022	0.003597	0.003022	0.003597	0.068915	0.082028
21	A	25	1231	1188	0.021044	0	0	1231	4	1327	1275	0.003137	0	0	1327	0	0	0	nan	0	0	0	0.017907	0.004492	0.017907	0.004492	0.408361	0.102438
22	G	41	1237	1158	0.035406	0	0	1237	1	1330	1263	0.000792	0	0	1330	0	0	0	nan	0	0	0	0.034614	0.005586	0.034614	0.005586	0.789357	0.127386
23	A	16	1238	1150	0.013913	0	0	1238	0	1332	1254	0.000000	0	0	1332	0	0	0	nan	0	0	0	0.013913	0.003478	0.013913	0.003478	0.317280	0.079314
24	G	119	1238	1157	0.102852	0	0	1238	20	1332	1261	0.015860	0	0	1332	0	0	0	nan	0	0	0	0.086992	0.010073	0.086992	0.010073	1.983815	0.229710
25	C	14	1240	1175	0.011915	0	0	1240	8	1333	1261	0.006344	0	0	1333	0	0	0	nan	0	0	0	0.005571	0.003895	0.005571	0.003895	0.127044	0.088824
26	A	48	1239	1180	0.040678	0	0	1239	8	1333	1261	0.006344	0	0	1333	0	0	0	nan	0	0	0	0.034334	0.006285	0.034334	0.006285	0.782972	0.143327
27	G	34	1239	1164	0.029210	0	0	1239	16	1334	1236	0.012945	0	0	1334	0	0	0	nan	0	0	0	0.016265	0.005964	0.016265	0.005964	0.370916	0.136006
28	G	38	1239	1161	0.032730	0	0	1239	17	1334	1240	0.013710	0	0	1334	0	0	0	nan	0	0	0	0.019021	0.006265	0.019021	0.006265	0.433766	0.142871
29	G	41	1238	1158	0.035406	0	0	1238	23	1334	1238	0.018578	0	0	1334	0	0	0	nan	0	0	0	0.016828	0.006751	0.016828	0.006751	0.383755	0.153954
30	G	70	1238	1177	0.059473	0	0	1238	4	1332	1264	0.003165	0	0	1332	0	0	0	nan	0	0	0	0.056309	0.007282	0.056309	0.007282	1.284103	0.166063
31	A	14	1239	1190	0.011765	0	0	1239	12	1332	1267	0.009471	0	0	1332	0	0	0	nan	0	0	0	0.002294	0.004167	0.002294	0.004167	0.052314	0.095027
32	U	22	1240	1194	0.018425	0	0	1240	29	1332	1269	0.022853	0	0	1332	0	0	0	nan	0	0	0	-0.004427	0.005783	-0.004427	0.005783	-0.100956	0.131879
33	U	20	1240	1178	0.016978	0	0	1240	15	1332	1256	0.011943	0	0	1332	0	0	0	nan	0	0	0	0.005035	0.004891	0.005035	0.004891	0.114821	0.111537
34	G	63	1240	1186	0.053120	0	0	1240	13	1333	1270	0.010236	0	0	1333	0	0	0	nan	0	0	0	0.042884	0.007270	0.042884	0.007270	0.977951	0.165789
35	A	22	1241	1186	0.018550	0	0	1241	11	1336	1255	0.008765	0	0	1336	0	0	0	nan	0	0	0	0.009785	0.004757	0.009785	0.004757	0.223143	0.108481
36	A	13	1242	1194	0.010888	0	0	1242	2	1338	1269	0.001576	0	0	1338	0	0	0	nan	0	0	0	0.009312	0.003219	0.009312	0.003219	0.212356	0.073408
37	A	188	1244	1146	0.164049	0	0	1244	233	1338	1221	0.190827	0	0	1338	0	0	0	nan	0	0	0	-0.026778	0.017304	nan	nan	nan	nan
38	A	90	1247	1146	0.078534	0	0	1247	4	1344	1236	0.003236	0	0	1344	0	0	0	nan	0	0	0	0.075298	0.008435	0.075298	0.008435	1.717139	0.192357
39	U	5	1250	1153	0.004337	0	0	1250	11	1343	1240	0.008871	0	0	1343	0	0	0	nan	0	0	0	-0.004534	0.003304	-0.004534	0.003304	-0.103396	0.075346
40	C	4	1250	1181	0.003387	0	0	1250	6	1342	1267	0.004736	0	0	1342	0	0	0	nan	0	0	0	-0.001349	0.002570	-0.001349	0.002570	-0.030763	0.058608
41	C	6	1247	1171	0.005124	0	0	1247	3	1343	1267	0.002368	0	0	1343	0	0	0	nan	0	0	0	0.002756	0.002499	0.002756	0.002499	0.062849	0.056989
42	C	9	1247	1169	0.007699	0	0	1247	5	1343	1254	0.003987	0	0	1343	0	0	0	nan	0	0	0	0.003712	0.003125	0.003712	0.003125	0.084651	0.071264
43	C	6	1245	1178	0.005093	0	0	1245	8	1339	1267	0.006314	0	0	1339	0	0	0	nan	0	0	0	-0.001221	0.003051	-0.001221	0.003051	-0.027844	0.069577
44	G	44	1245	1157	0.038029	0	0	1245	14	1339	1232	0.011364	0	0	1339	0	0	0	nan	0	0	0	0.026666	0.006488	0.026666	0.006488	0.608107	0.147956
45	U	12	1248	1136	0.010563	0	0	1248	11	1343	1212	0.009076	0	0	1343	0	0	0	nan	0	0	0	0.001487	0.004097	0.001487	0.004097	0.033910	0.093430
46	G	72	1251	1139	0.063213	0	0	1251	37	1346	1203	0.030756	0	0	1346	0	0	0	nan	0	0	0	0.032457	0.009004	0.032457	0.009004	0.740168	0.205332
47	U	41	1287	1189	0.034483	0	0	1287	69	1382	1258	0.054849	0	0	1382	0	0	0	nan	0	0	0	-0.020366	0.008521	nan	nan	nan	nan
48	C	35	1300	1170	0.029915	0	0	1300	12	1396	1242	0.009662	0	0	1396	0	0	0	nan	0	0	0	0.020253	0.005775	0.020253	0.005775	0.461861	0.131696
49	C	29	1303	1185	0.024473	0	0	1303	10	1398	1265	0.007905	0	0	1398	0	0	0	nan	0	0	0	0.016567	0.005187	0.016567	0.005187	0.377803	0.118287
50	U	20	1306	1175	0.017021	0	0	1306	14	1399	1264	0.011076	0	0	1399	0	0	0	nan	0	0	0	0.005945	0.004822	0.005945	0.004822	0.135573	0.109964
51	U	17	1305	1210	0.014050	0	0	1305	13	1399	1311	0.009916	0	0	1399	0	0	0	nan	0	0	0	0.004133	0.004379	0.004133	0.004379	0.094251	0.099861
52	G	43	1305	1197	0.035923	0	0	1305	24	1399	1291	0.018590	0	0	1399	0	0	0	nan	0	0	0	0.017333	0.006664	0.017333	0.006664	0.395272	0.151970
53	G	91	1303	1206	0.075456	0	0	1303	12	1398	1290	0.009302	0	0	1398	0	0	0	nan	0	0	0	0.066154	0.008353	0.066154	0.008353	1.508614	0.190487
54	U	33	1303	1220	0.027049	0	0	1303	30	1398	1306	0.022971	0	0	1398	0	0	0	nan	0	0	0	0.004078	0.006306	0.004078	0.006306	0.092997	0.143806
55	U	9	1304	1195	0.007531	0	0	1304	1	1399	1270	0.000787	0	0	1399	0	0	0	nan	0	0	0	0.006744	0.002631	0.006744	0.002631	0.153794	0.059999
56	C	839	1302	1181	0.710415	0	0	1302	1049	1399	1291	0.812548	0	0	1399	0	0	0	nan	0	0	0	-0.102134	0.035085	nan	nan	nan	nan
57	G	27	1302	1193	0.022632	0	0	1302	4	1399	1286	0.003110	0	0	1399	0	0	0	nan	0	0	0	0.019522	0.004625	0.019522	0.004625	0.445191	0.105471
58	A	223	1302	1222	0.182488	0	0	1302	14	1399	1325	0.010566	0	0	1399	0	0	0	nan	0	0	0	0.171922	0.012542	0.171922	0.012542	3.920608	0.286015
59	U	19	1302	1227	0.015485	0	0	1302	31	1399	1325	0.023396	0	0	1399	0	0	0	nan	0	0	0	-0.007911	0.005503	-0.007911	0.005503	-0.180407	0.125494
60	U	16	1302	1233	0.012976	0	0	1302	23	1399	1319	0.017437	0	0	1399	0	0	0	nan	0	0	0	-0.004461	0.004873	-0.004461	0.004873	-0.101731	0.111127
61	C	24	1301	1191	0.020151	0	0	1301	18	1399	1276	0.014107	0	0	1399	0	0	0	nan	0	0	0	0.006045	0.005289	0.006045	0.005289	0.137854	0.120613
62	C	14	1300	1168	0.011986	0	0	1300	6	1398	1253	0.004789	0	0	1398	0	0	0	nan	0	0	0	0.007198	0.003753	0.007198	0.003753	0.164147	0.085586
63	G	30	1299	1141	0.026293	0	0	1299	5	1397	1254	0.003987	0	0	1397	0	0	0	nan	0	0	0	0.022305	0.005121	0.022305	0.005121	0.508656	0.116782
64	A	23	1299	1181	0.019475	0	0	1299	1	1396	1291	0.000775	0	0	1396	0	0	0	nan	0	0	0	0.018700	0.004134	0.018700	0.004134	0.426445	0.094274
65	G	49	1299	1189	0.041211	0	0	1299	13	1395	1299	0.010008	0	0	1395	0	0	0	nan	0	0	0	0.031203	0.006509	0.031203	0.006509	0.711571	0.148435
66	U	19	1299	1208	0.015728	0	0	1299	18	1394	1297	0.013878	0	0	1394	0	0	0	nan	0	0	0	0.001850	0.004870	0.001850	0.004870	0.042188	0.111058
67	C	11	1297	1153	0.009540	0	0	1297	4	1392	1252	0.003195	0	0	1392	0	0	0	nan	0	0	0	0.006345	0.003290	0.006345	0.003290	0.144695	0.075027
68	C	10	1297	1155	0.008658	0	0	1297	11	1392	1256	0.008758	0	0	1392	0	0	0	nan	0	0	0	-0.000100	0.003804	-0.000100	0.003804	-0.002280	0.086749
69	G	32	1296	1128	0.028369	0	0	1296	8	1391	1226	0.006525	0	0	1391	0	0	0	nan	0	0	0	0.021844	0.005520	0.021844	0.005520	0.498143	0.125881
70	G	18	1296	1158	0.015544	0	0	1296	15	1391	1245	0.012048	0	0	1391	0	0	0	nan	0	0	0	0.003496	0.004806	0.003496	0.004806	0.079725	0.109599
71	G	65	1295	1164	0.055842	0	0	1295	13	1390	1251	0.010392	0	0	1390	0	0	0	nan	0	0	0	0.045450	0.007502	0.045450	0.007502	1.036468	0.171080
72	C	16	1294	1052	0.015209	0	0	1294	7	1389	1097	0.006381	0	0	1389	0	0	0	nan	0	0	0	0.008828	0.004503	0.008828	0.004503	0.201319	0.102689
73	A	2	1290	1047	0.001910	0	0	1290	2	1387	1114	0.001795	0	0	1387	0	0	0	nan	0	0	0	0.000115	0.001854	0.000115	0.001854	0.002623	0.042280
74	C	16	1290	1015	0.015764	0	0	1290	1	1386	1078	0.000928	0	0	1386	0	0	0	nan	0	0	0	0.014836	0.004049	0.014836	0.004049	0.338329	0.092336
75	C	22	1289	1058	0.020794	0	0	1289	3	1384	1196	0.002508	0	0	1384	0	0	0	nan	0	0	0	0.018286	0.004664	0.018286	0.004664	0.417004	0.106361
76	A	0	1235	0	nan	0	0	1235	0	1372	0	nan	0	0	1372	0	0	0	nan	0	0	0	nan	nan	nan	nan	nan	nan