Nucleotide	Sequence	Modified_mutations	Modified_read_depth	Modified_effective_depth	Modified_rate	Modified_off_target_mapped_depth	Modified_low_mapq_mapped_depth	Modified_mapped_depth	Untreated_mutations	Untreated_read_depth	Untreated_effective_depth	Untreated_rate	Untreated_off_target_mapped_depth	Untreated_low_mapq_mapped_depth	Untreated_mapped_depth	Denatured_mutations	Denatured_read_depth	Denatured_effective_depth	Denatured_rate	Denatured_off_target_mapped_depth	Denatured_low_mapq_mapped_depth	Denatured_mapped_depth	Reactivity_profile	Std_err	HQ_profile	HQ_stderr	Norm_profile	Norm_stderr
1	G	0	2827	2702	0.000000	0	0	2827	0	2601	2482	0.000000	0	0	2601	0	0	0	nan	0	0	0	0.000000	0.000000	0.000000	0.000000	0.000000	0.000000
2	G	0	2937	2786	0.000000	0	0	2937	0	2649	2497	0.000000	0	0	2649	0	0	0	nan	0	0	0	0.000000	0.000000	0.000000	0.000000	0.000000	0.000000
3	U	39	3086	2943	0.013252	0	0	3086	29	2690	2508	0.011563	0	0	2690	0	0	0	nan	0	0	0	0.001689	0.003019	0.001689	0.003019	0.034318	0.061342
4	G	82	3101	2991	0.027416	0	0	3101	11	2698	2557	0.004302	0	0	2698	0	0	0	nan	0	0	0	0.023114	0.003294	0.023114	0.003294	0.469645	0.066930
5	A	37	3135	2995	0.012354	0	0	3135	7	2703	2554	0.002741	0	0	2703	0	0	0	nan	0	0	0	0.009613	0.002280	0.009613	0.002280	0.195323	0.046327
6	G	93	3150	2985	0.031156	0	0	3150	22	2708	2581	0.008524	0	0	2708	0	0	0	nan	0	0	0	0.022632	0.003707	0.022632	0.003707	0.459852	0.075321
7	G	76	3174	2953	0.025737	0	0	3174	15	2717	2546	0.005892	0	0	2717	0	0	0	nan	0	0	0	0.019845	0.003321	0.019845	0.003321	0.403224	0.067478
8	U	935	3215	2978	0.313969	0	0	3215	454	2733	2565	0.176998	0	0	2733	0	0	0	nan	0	0	0	0.136971	0.013207	nan	nan	nan	nan
9	G	82	3336	3139	0.026123	0	0	3336	16	2788	2639	0.006063	0	0	2788	0	0	0	nan	0	0	0	0.020060	0.003259	0.020060	0.003259	0.407592	0.066218
10	U	61	3452	3287	0.018558	0	0	3452	47	2827	2714	0.017318	0	0	2827	0	0	0	nan	0	0	0	0.001240	0.003468	0.001240	0.003468	0.025195	0.070465
11	C	28	3497	3336	0.008393	0	0	3497	21	2843	2707	0.007758	0	0	2843	0	0	0	nan	0	0	0	0.000636	0.002320	0.000636	0.002320	0.012923	0.047139
12	C	39	3613	3447	0.011314	0	0	3613	15	2939	2794	0.005369	0	0	2939	0	0	0	nan	0	0	0	0.005946	0.002281	0.005946	0.002281	0.120815	0.046347
13	G	76	3638	3471	0.021896	0	0	3638	24	2962	2818	0.008517	0	0	2962	0	0	0	nan	0	0	0	0.013379	0.003055	0.013379	0.003055	0.271843	0.062073
14	A	99	3665	3506	0.028237	0	0	3665	16	2969	2859	0.005596	0	0	2969	0	0	0	nan	0	0	0	0.022641	0.003164	0.022641	0.003164	0.460034	0.064288
15	G	165	3700	3539	0.046623	0	0	3700	37	2973	2847	0.012996	0	0	2973	0	0	0	nan	0	0	0	0.033627	0.004212	0.033627	0.004212	0.683255	0.085582
16	U	77	3808	3620	0.021271	0	0	3808	63	3002	2846	0.022136	0	0	3002	0	0	0	nan	0	0	0	-0.000866	0.003695	-0.000866	0.003695	-0.017596	0.075077
17	G	115	3853	3671	0.031327	0	0	3853	58	3021	2869	0.020216	0	0	3021	0	0	0	nan	0	0	0	0.011111	0.003947	0.011111	0.003947	0.225760	0.080198
18	G	125	3979	3826	0.032671	0	0	3979	38	3056	2930	0.012969	0	0	3056	0	0	0	nan	0	0	0	0.019702	0.003601	0.019702	0.003601	0.400318	0.073167
19	C	156	4117	3996	0.039039	0	0	4117	21	3075	2981	0.007045	0	0	3075	0	0	0	nan	0	0	0	0.031994	0.003483	0.031994	0.003483	0.650075	0.070770
20	U	45	4444	4288	0.010494	0	0	4444	39	3108	3008	0.012965	0	0	3108	0	0	0	nan	0	0	0	-0.002471	0.002600	-0.002471	0.002600	-0.050207	0.052828
21	G	98	4525	4329	0.022638	0	0	4525	19	3126	3014	0.006304	0	0	3126	0	0	0	nan	0	0	0	0.016334	0.002706	0.016334	0.002706	0.331885	0.054982
22	A	72	4833	4617	0.015595	0	0	4833	9	3155	3035	0.002965	0	0	3155	0	0	0	nan	0	0	0	0.012629	0.002087	0.012629	0.002087	0.256604	0.042405
23	A	609	4938	4705	0.129437	0	0	4938	15	3164	3026	0.004957	0	0	3164	0	0	0	nan	0	0	0	0.124480	0.005399	0.124480	0.005399	2.529265	0.109700
24	G	91	5574	5254	0.017320	0	0	5574	30	3171	3015	0.009950	0	0	3171	0	0	0	nan	0	0	0	0.007370	0.002568	0.007370	0.002568	0.149748	0.052178
25	G	139	5641	5263	0.026411	0	0	5641	12	3178	2999	0.004001	0	0	3178	0	0	0	nan	0	0	0	0.022409	0.002520	0.022409	0.002520	0.455321	0.051203
26	A	174	5692	5309	0.032775	0	0	5692	10	3182	3009	0.003323	0	0	3182	0	0	0	nan	0	0	0	0.029451	0.002698	0.029451	0.002698	0.598404	0.054820
27	G	161	5702	5352	0.030082	0	0	5702	25	3184	2998	0.008339	0	0	3184	0	0	0	nan	0	0	0	0.021743	0.002899	0.021743	0.002899	0.441788	0.058904
28	C	42	5721	5186	0.008099	0	0	5721	15	3190	2924	0.005130	0	0	3190	0	0	0	nan	0	0	0	0.002969	0.001821	0.002969	0.001821	0.060326	0.037000
29	A	48	5745	5299	0.009058	0	0	5745	13	3203	2976	0.004368	0	0	3203	0	0	0	nan	0	0	0	0.004690	0.001782	0.004690	0.001782	0.095294	0.036208
30	C	48	5751	5264	0.009119	0	0	5751	20	3206	2973	0.006727	0	0	3206	0	0	0	nan	0	0	0	0.002391	0.001999	0.002391	0.001999	0.048582	0.040617
31	G	317	5751	5487	0.057773	0	0	5751	44	3207	3074	0.014314	0	0	3207	0	0	0	nan	0	0	0	0.043459	0.003897	0.043459	0.003897	0.883028	0.079182
32	C	69	5752	5426	0.012717	0	0	5752	42	3211	3058	0.013734	0	0	3211	0	0	0	nan	0	0	0	-0.001018	0.002614	-0.001018	0.002614	-0.020684	0.053113
33	C	115	5754	5471	0.021020	0	0	5754	33	3215	3090	0.010680	0	0	3215	0	0	0	nan	0	0	0	0.010340	0.002702	0.010340	0.002702	0.210095	0.054901
34	U	94	5766	5384	0.017459	0	0	5766	29	3238	3072	0.009440	0	0	3238	0	0	0	nan	0	0	0	0.008019	0.002513	0.008019	0.002513	0.162935	0.051061
35	G	395	5772	5416	0.072932	0	0	5772	44	3243	3052	0.014417	0	0	3243	0	0	0	nan	0	0	0	0.058515	0.004265	0.058515	0.004265	1.188946	0.086659
36	G	165	5779	5456	0.030242	0	0	5779	31	3249	3075	0.010081	0	0	3249	0	0	0	nan	0	0	0	0.020161	0.002970	0.020161	0.002970	0.409644	0.060346
37	A	282	5789	5475	0.051507	0	0	5789	16	3261	3033	0.005275	0	0	3261	0	0	0	nan	0	0	0	0.046232	0.003339	0.046232	0.003339	0.939372	0.067844
38	A	396	5795	5565	0.071159	0	0	5795	10	3260	3093	0.003233	0	0	3260	0	0	0	nan	0	0	0	0.067926	0.003719	0.067926	0.003719	1.380164	0.075565
39	A	341	5817	5540	0.061552	0	0	5817	31	3264	3077	0.010075	0	0	3264	0	0	0	nan	0	0	0	0.051478	0.003793	0.051478	0.003793	1.045963	0.077069
40	G	291	5824	5538	0.052546	0	0	5824	39	3268	3118	0.012508	0	0	3268	0	0	0	nan	0	0	0	0.040038	0.003674	0.040038	0.003674	0.813518	0.074651
41	U	61	5827	5506	0.011079	0	0	5827	41	3273	3090	0.013269	0	0	3273	0	0	0	nan	0	0	0	-0.002190	0.002511	-0.002190	0.002511	-0.044498	0.051020
42	G	324	5829	5485	0.059070	0	0	5829	37	3275	3092	0.011966	0	0	3275	0	0	0	nan	0	0	0	0.047104	0.003826	0.047104	0.003826	0.957090	0.077739
43	U	77	5831	5485	0.014038	0	0	5831	42	3285	3118	0.013470	0	1	3285	0	0	0	nan	0	0	0	0.000568	0.002623	0.000568	0.002623	0.011541	0.053296
44	G	345	5833	5539	0.062286	0	0	5833	45	3286	3150	0.014286	0	1	3286	0	0	0	nan	0	0	0	0.048000	0.003972	0.048000	0.003972	0.975295	0.080706
45	U	38	5843	5596	0.006791	0	0	5843	19	3293	3181	0.005973	0	1	3293	0	0	0	nan	0	0	0	0.000818	0.001758	0.000818	0.001758	0.016621	0.035720
46	A	47	5844	5602	0.008390	0	0	5844	15	3293	3184	0.004711	0	1	3293	0	0	0	nan	0	0	0	0.003679	0.001725	0.003679	0.001725	0.074752	0.035050
47	U	36	5848	5652	0.006369	0	0	5848	14	3295	3206	0.004367	0	1	3295	0	0	0	nan	0	0	0	0.002003	0.001578	0.002003	0.001578	0.040698	0.032063
48	A	56	5850	5630	0.009947	0	0	5850	20	3296	3198	0.006254	0	1	3296	0	0	0	nan	0	0	0	0.003693	0.001929	0.003693	0.001929	0.075037	0.039195
49	C	89	5850	5587	0.015930	0	0	5850	34	3297	3172	0.010719	0	1	3297	0	0	0	nan	0	0	0	0.005211	0.002496	0.005211	0.002496	0.105880	0.050715
50	G	209	5849	5460	0.038278	0	0	5849	31	3297	3105	0.009984	0	1	3297	0	0	0	nan	0	0	0	0.028294	0.003198	0.028294	0.003198	0.574896	0.064979
51	G	157	5847	5448	0.028818	0	0	5847	31	3297	3091	0.010029	0	1	3297	0	0	0	nan	0	0	0	0.018789	0.002921	0.018789	0.002921	0.381767	0.059351
52	C	464	5846	5542	0.083724	0	0	5846	27	3297	3140	0.008599	0	1	3297	0	0	0	nan	0	0	0	0.075126	0.004224	0.075126	0.004224	1.526459	0.085826
53	A	270	5846	5608	0.048146	0	0	5846	4	3297	3175	0.001260	0	1	3297	0	0	0	nan	0	0	0	0.046886	0.002997	0.046886	0.002997	0.952660	0.060895
54	A	201	5848	5588	0.035970	0	0	5848	14	3298	3165	0.004423	0	1	3298	0	0	0	nan	0	0	0	0.031547	0.002799	0.031547	0.002799	0.640992	0.056872
55	C	65	5848	5506	0.011805	0	0	5848	24	3294	3111	0.007715	0	1	3294	0	0	0	nan	0	0	0	0.004091	0.002150	0.004091	0.002150	0.083124	0.043685
56	G	494	5845	5449	0.090659	0	0	5845	19	3292	3060	0.006209	0	1	3292	0	0	0	nan	0	0	0	0.084450	0.004321	0.084450	0.004321	1.715910	0.087797
57	U	43	5846	5472	0.007858	0	0	5846	23	3292	3076	0.007477	0	1	3292	0	0	0	nan	0	0	0	0.000381	0.001966	0.000381	0.001966	0.007741	0.039946
58	A	52	5849	5444	0.009552	0	0	5849	19	3291	3047	0.006236	0	1	3291	0	0	0	nan	0	0	0	0.003316	0.001950	0.003316	0.001950	0.067377	0.039621
59	U	84	5834	5104	0.016458	0	0	5834	40	3282	2752	0.014535	0	1	3282	0	0	0	nan	0	0	0	0.001923	0.002917	0.001923	0.002917	0.039073	0.059269
60	C	97	5827	5015	0.019342	0	0	5827	30	3279	2691	0.011148	0	1	3279	0	0	0	nan	0	0	0	0.008194	0.002828	0.008194	0.002828	0.166491	0.057461
61	G	154	5825	4944	0.031149	0	0	5825	26	3276	2681	0.009698	0	1	3276	0	0	0	nan	0	0	0	0.021451	0.003149	0.021451	0.003149	0.435855	0.063983
62	G	93	5812	5199	0.017888	0	0	5812	37	3273	2932	0.012619	0	1	3273	0	0	0	nan	0	0	0	0.005269	0.002783	0.005269	0.002783	0.107059	0.056547
63	G	96	5806	5195	0.018479	0	0	5806	41	3270	2936	0.013965	0	1	3270	0	0	0	nan	0	0	0	0.004515	0.002883	0.004515	0.002883	0.091739	0.058579
64	G	104	5803	5169	0.020120	0	0	5803	40	3269	2935	0.013629	0	1	3269	0	0	0	nan	0	0	0	0.006491	0.002922	0.006491	0.002922	0.131888	0.059371
65	G	235	5797	5204	0.045158	0	0	5797	14	3266	2945	0.004754	0	1	3266	0	0	0	nan	0	0	0	0.040404	0.003208	0.040404	0.003208	0.820955	0.065182
66	U	96	5789	5255	0.018268	0	0	5789	92	3263	2980	0.030872	0	1	3263	0	0	0	nan	0	0	0	-0.012604	0.003720	-0.012604	0.003720	-0.256096	0.075585
67	U	92	5777	5282	0.017418	0	0	5777	55	3257	2973	0.018500	0	1	3257	0	0	0	nan	0	0	0	-0.001082	0.003085	-0.001082	0.003085	-0.021985	0.062683
68	C	104	5720	5221	0.019920	0	0	5720	36	3218	2926	0.012303	0	1	3218	0	0	0	nan	0	0	0	0.007616	0.002832	0.007616	0.002832	0.154747	0.057542
69	G	28	5614	4557	0.006144	0	0	5614	21	3131	2671	0.007862	0	1	3131	0	0	0	nan	0	0	0	-0.001718	0.002072	-0.001718	0.002072	-0.034907	0.042100
70	A	1801	5106	2567	0.701597	0	0	5106	7	2945	1042	0.006718	0	1	2945	0	0	0	nan	0	0	0	0.694879	0.016726	0.694879	0.016726	14.119001	0.339850
71	A	71	4930	2155	0.032947	0	0	4930	34	2676	926	0.036717	0	1	2676	0	0	0	nan	0	0	0	-0.003770	0.007412	-0.003770	0.007412	-0.076601	0.150602
72	U	6	4862	1693	0.003544	0	0	4862	8	2649	780	0.010256	0	1	2649	0	0	0	nan	0	0	0	-0.006712	0.003904	-0.006712	0.003904	-0.136379	0.079324
73	C	49	4769	1680	0.029167	0	0	4769	27	2571	892	0.030269	0	1	2571	0	0	0	nan	0	0	0	-0.001102	0.007162	-0.001102	0.007162	-0.022391	0.145522
74	C	37	4708	1639	0.022575	0	0	4708	20	2522	782	0.025575	0	1	2522	0	0	0	nan	0	0	0	-0.003001	0.006818	-0.003001	0.006818	-0.060976	0.138533
75	C	33	4692	1841	0.017925	0	0	4692	15	2513	804	0.018657	0	1	2513	0	0	0	nan	0	0	0	-0.000732	0.005739	-0.000732	0.005739	-0.014873	0.116609
76	C	84	4659	2462	0.034119	0	0	4659	45	2498	1126	0.039964	0	1	2498	0	0	0	nan	0	0	0	-0.005846	0.007025	-0.005846	0.007025	-0.118783	0.142738
77	C	67	4630	2638	0.025398	0	0	4630	145	2485	1115	0.130045	0	0	2485	0	0	0	nan	0	0	0	-0.104647	0.011237	nan	nan	nan	nan
78	C	7	4559	2746	0.002549	0	0	4559	7	2462	1214	0.005766	0	0	2462	0	0	0	nan	0	0	0	-0.003217	0.002383	-0.003217	0.002383	-0.065365	0.048419
79	C	14	4490	2245	0.006236	0	0	4490	3	2439	1100	0.002727	0	0	2439	0	0	0	nan	0	0	0	0.003509	0.002293	0.003509	0.002293	0.071298	0.046591
80	U	15	4406	2532	0.005924	0	0	4406	9	2416	1431	0.006289	0	0	2416	0	0	0	nan	0	0	0	-0.000365	0.002595	-0.000365	0.002595	-0.007416	0.052727
81	C	6	4382	513	0.011696	0	0	4382	1	2415	296	0.003378	0	0	2415	0	0	0	nan	0	0	0	0.008318	0.005849	nan	nan	nan	nan
82	A	48	4314	559	0.085868	0	0	4314	21	2404	331	0.063444	0	0	2404	0	0	0	nan	0	0	0	0.022424	0.018582	nan	nan	nan	nan
83	C	19	4312	501	0.037924	0	0	4312	3	2403	291	0.010309	0	0	2403	0	0	0	nan	0	0	0	0.027615	0.010542	nan	nan	nan	nan
84	C	281	4284	3035	0.092586	0	0	4284	76	2392	1875	0.040533	0	0	2392	0	0	0	nan	0	0	0	0.052053	0.007220	0.052053	0.007220	1.057647	0.146701
85	G	36	4243	2411	0.014932	0	0	4243	6	2383	1571	0.003819	0	0	2383	0	0	0	nan	0	0	0	0.011112	0.002937	0.011112	0.002937	0.225781	0.059676
86	C	46	4218	1857	0.024771	0	0	4218	7	2379	1201	0.005828	0	0	2379	0	0	0	nan	0	0	0	0.018943	0.004265	0.018943	0.004265	0.384896	0.086659
87	C	32	4202	742	0.043127	0	0	4202	0	2373	481	0.000000	0	0	2373	0	0	0	nan	0	0	0	0.043127	0.007624	nan	nan	nan	nan
88	A	0	3954	0	nan	0	0	3954	0	2311	0	nan	0	0	2311	0	0	0	nan	0	0	0	nan	nan	nan	nan	nan	nan