0.000000
0.000000
0.850000
0.004368
0.611999
0.193755
0.001305
0.000000
0.197031
0.431215
0.061416
0.351689
0.097370
0.850000
0.133777
0.376697
0.850000
0.040935
0.512978
0.756403
0.000000
0.020561
0.247500
0.049138
0.714723
0.035502
0.673841
0.203982
0.041095
0.000000
0.071083
0.548932
0.000000
0.000000
0.850000
0.000000
0.252907
0.000000
0.091538
0.032945
0.689608
0.108849
0.107038
0.442187
0.282656
0.454598
0.000000
0.000000
0.027325
0.316400
0.100273
0.149624
0.359385
0.740983
0.000000
0.000000
0.047433
0.051854
0.850000
0.162408
0.000000
0.000000
0.027379
0.000000
0.032306
0.000000
0.000000
0.000000
0.070364
0.006099
0.080192
0.062747
0.850000
0.850000
0.850000
0.822773
0.000000
