Nucleotide	Sequence	Modified_mutations	Modified_read_depth	Modified_effective_depth	Modified_rate	Modified_off_target_mapped_depth	Modified_low_mapq_mapped_depth	Modified_mapped_depth	Untreated_mutations	Untreated_read_depth	Untreated_effective_depth	Untreated_rate	Untreated_off_target_mapped_depth	Untreated_low_mapq_mapped_depth	Untreated_mapped_depth	Denatured_mutations	Denatured_read_depth	Denatured_effective_depth	Denatured_rate	Denatured_off_target_mapped_depth	Denatured_low_mapq_mapped_depth	Denatured_mapped_depth	Reactivity_profile	Std_err	HQ_profile	HQ_stderr	Norm_profile	Norm_stderr
1	G	0	2765	2653	0.000000	0	0	2765	0	3289	3150	0.000000	0	0	3289	0	0	0	nan	0	0	0	0.000000	0.000000	0.000000	0.000000	0.000000	0.000000
2	G	0	2879	2738	0.000000	0	0	2879	0	3345	3190	0.000000	0	0	3345	0	0	0	nan	0	0	0	0.000000	0.000000	0.000000	0.000000	0.000000	0.000000
3	C	27	2974	2852	0.009467	0	0	2974	20	3381	3248	0.006158	0	0	3381	0	0	0	nan	0	0	0	0.003309	0.002284	0.003309	0.002284	0.098611	0.068065
4	U	14	3007	2916	0.004801	0	0	3007	15	3395	3316	0.004524	0	0	3395	0	0	0	nan	0	0	0	0.000278	0.001735	0.000278	0.001735	0.008285	0.051704
5	A	20	3055	2967	0.006741	0	0	3055	15	3429	3338	0.004494	0	0	3429	0	0	0	nan	0	0	0	0.002247	0.001902	0.002247	0.001902	0.066962	0.056681
6	C	37	3087	2982	0.012408	0	0	3087	19	3451	3335	0.005697	0	0	3451	0	0	0	nan	0	0	0	0.006711	0.002423	0.006711	0.002423	0.199993	0.072207
7	G	89	3099	2928	0.030396	0	0	3099	18	3461	3302	0.005451	0	0	3461	0	0	0	nan	0	0	0	0.024945	0.003469	0.024945	0.003469	0.743381	0.103379
8	U	645	3206	3037	0.212381	0	0	3206	534	3556	3399	0.157105	0	0	3556	0	0	0	nan	0	0	0	0.055276	0.010777	nan	nan	nan	nan
9	A	94	3344	3199	0.029384	0	0	3344	6	3669	3510	0.001709	0	0	3669	0	0	0	nan	0	0	0	0.027675	0.003110	0.027675	0.003110	0.824737	0.092680
10	G	78	3489	3355	0.023249	0	0	3489	50	3681	3522	0.014196	0	0	3681	0	0	0	nan	0	0	0	0.009052	0.003311	0.009052	0.003311	0.269757	0.098670
11	C	24	3528	3386	0.007088	0	0	3528	35	3706	3544	0.009876	0	0	3706	0	0	0	nan	0	0	0	-0.002788	0.002209	-0.002788	0.002209	-0.083085	0.065830
12	U	45	3671	3517	0.012795	0	0	3671	35	3967	3781	0.009257	0	0	3967	0	0	0	nan	0	0	0	0.003538	0.002467	0.003538	0.002467	0.105435	0.073519
13	C	8	3727	3585	0.002232	0	0	3727	6	4024	3866	0.001552	0	0	4024	0	0	0	nan	0	0	0	0.000680	0.001012	0.000680	0.001012	0.020265	0.030158
14	A	63	3788	3621	0.017399	0	0	3788	3	4108	3918	0.000766	0	0	4108	0	0	0	nan	0	0	0	0.016633	0.002236	0.016633	0.002236	0.495677	0.066635
15	G	19	3815	3612	0.005260	0	0	3815	11	4113	3895	0.002824	0	0	4113	0	0	0	nan	0	0	0	0.002436	0.001477	0.002436	0.001477	0.072595	0.044016
16	U	77	3962	3714	0.020732	0	0	3962	92	4268	4002	0.022989	0	0	4268	0	0	0	nan	0	0	0	-0.002256	0.003365	-0.002256	0.003365	-0.067231	0.100280
17	U	30	4029	3761	0.007977	0	0	4029	45	4350	4064	0.011073	0	0	4350	0	0	0	nan	0	0	0	-0.003096	0.002201	-0.003096	0.002201	-0.092263	0.065592
18	G	22	4071	3818	0.005762	0	0	4071	8	4416	4147	0.001929	0	0	4416	0	0	0	nan	0	0	0	0.003833	0.001405	0.003833	0.001405	0.114226	0.041870
19	G	45	4138	3893	0.011559	0	0	4138	25	4454	4208	0.005941	0	0	4454	0	0	0	nan	0	0	0	0.005618	0.002093	0.005618	0.002093	0.167421	0.062373
20	U	95	4273	4066	0.023364	0	0	4273	140	4563	4347	0.032206	0	0	4563	0	0	0	nan	0	0	0	-0.008842	0.003627	-0.008842	0.003627	-0.263499	0.108088
21	U	9	4322	4141	0.002173	0	0	4322	15	4651	4465	0.003359	0	1	4651	0	0	0	nan	0	0	0	-0.001186	0.001130	-0.001186	0.001130	-0.035344	0.033675
22	A	14	4340	4166	0.003361	0	0	4340	19	4706	4525	0.004199	0	1	4706	0	0	0	nan	0	0	0	-0.000838	0.001317	-0.000838	0.001317	-0.024973	0.039248
23	G	35	4349	4100	0.008537	0	0	4349	18	4711	4479	0.004019	0	1	4711	0	0	0	nan	0	0	0	0.004518	0.001726	0.004518	0.001726	0.134640	0.051436
24	A	34	4351	4066	0.008362	0	0	4351	14	4712	4417	0.003170	0	1	4712	0	0	0	nan	0	0	0	0.005192	0.001666	0.005192	0.001666	0.154726	0.049648
25	G	142	4352	4035	0.035192	0	0	4352	39	4712	4367	0.008931	0	1	4712	0	0	0	nan	0	0	0	0.026261	0.003281	0.026261	0.003281	0.782599	0.097776
26	C	27	4354	4069	0.006636	0	0	4354	17	4712	4385	0.003877	0	1	4712	0	0	0	nan	0	0	0	0.002759	0.001586	0.002759	0.001586	0.082220	0.047264
27	A	140	4360	4091	0.034221	0	0	4360	14	4726	4442	0.003152	0	1	4726	0	0	0	nan	0	0	0	0.031070	0.003012	0.031070	0.003012	0.925911	0.089760
28	C	24	4363	4148	0.005786	0	0	4363	14	4727	4514	0.003101	0	1	4727	0	0	0	nan	0	0	0	0.002684	0.001443	0.002684	0.001443	0.079985	0.043003
29	A	37	4369	4154	0.008907	0	0	4369	22	4734	4501	0.004888	0	1	4734	0	0	0	nan	0	0	0	0.004019	0.001797	0.004019	0.001797	0.119769	0.053552
30	U	57	4372	4139	0.013771	0	0	4372	76	4740	4491	0.016923	0	1	4740	0	0	0	nan	0	0	0	-0.003151	0.002664	-0.003151	0.002664	-0.093902	0.079389
31	C	25	4371	4112	0.006080	0	0	4371	16	4743	4471	0.003579	0	1	4743	0	0	0	nan	0	0	0	0.002501	0.001510	0.002501	0.001510	0.074532	0.044999
32	A	62	4376	4159	0.014907	0	0	4376	32	4754	4531	0.007062	0	1	4754	0	0	0	nan	0	0	0	0.007845	0.002268	0.007845	0.002268	0.233787	0.067588
33	C	124	4376	4170	0.029736	0	0	4376	38	4753	4548	0.008355	0	1	4753	0	0	0	nan	0	0	0	0.021381	0.002995	0.021381	0.002995	0.637171	0.089253
34	U	34	4379	4181	0.008132	0	0	4379	48	4765	4555	0.010538	0	1	4765	0	0	0	nan	0	0	0	-0.002406	0.002064	-0.002406	0.002064	-0.071701	0.061509
35	C	44	4379	4194	0.010491	0	0	4379	35	4766	4568	0.007662	0	1	4766	0	0	0	nan	0	0	0	0.002829	0.002044	0.002829	0.002044	0.084306	0.060913
36	A	66	4383	4183	0.015778	0	0	4383	7	4774	4539	0.001542	0	1	4774	0	0	0	nan	0	0	0	0.014236	0.002028	0.014236	0.002028	0.424244	0.060436
37	U	43	4386	4161	0.010334	0	0	4386	45	4776	4515	0.009967	0	1	4776	0	0	0	nan	0	0	0	0.000367	0.002166	0.000367	0.002166	0.010937	0.064549
38	A	127	4388	4132	0.030736	0	0	4388	156	4775	4492	0.034728	0	1	4775	0	0	0	nan	0	0	0	-0.003993	0.003895	-0.003993	0.003895	-0.118995	0.116074
39	A	201	4393	4145	0.048492	0	0	4393	23	4775	4490	0.005122	0	1	4775	0	0	0	nan	0	0	0	0.043370	0.003583	0.043370	0.003583	1.292461	0.106776
40	U	56	4397	4132	0.013553	0	0	4397	49	4774	4475	0.010950	0	1	4774	0	0	0	nan	0	0	0	0.002603	0.002393	0.002603	0.002393	0.077571	0.071313
41	G	53	4397	4132	0.012827	0	0	4397	15	4773	4495	0.003337	0	1	4773	0	0	0	nan	0	0	0	0.009490	0.001961	0.009490	0.001961	0.282810	0.058439
42	A	65	4398	4155	0.015644	0	0	4398	33	4772	4506	0.007324	0	1	4772	0	0	0	nan	0	0	0	0.008320	0.002322	0.008320	0.002322	0.247943	0.069197
43	U	70	4393	4140	0.016908	0	0	4393	56	4766	4507	0.012425	0	1	4766	0	0	0	nan	0	0	0	0.004483	0.002616	0.004483	0.002616	0.133597	0.077959
44	G	378	4389	4022	0.093983	0	0	4389	349	4762	4362	0.080009	0	1	4762	0	0	0	nan	0	0	0	0.013974	0.006458	nan	nan	nan	nan
45	G	117	4388	4027	0.029054	0	0	4388	83	4761	4331	0.019164	0	1	4761	0	0	0	nan	0	0	0	0.009890	0.003412	0.009890	0.003412	0.294730	0.101680
46	G	31	4387	3992	0.007766	0	0	4387	17	4759	4307	0.003947	0	1	4759	0	0	0	nan	0	0	0	0.003818	0.001692	0.003818	0.001692	0.113779	0.050423
47	G	123	4398	3961	0.031053	0	0	4398	63	4761	4275	0.014737	0	1	4761	0	0	0	nan	0	0	0	0.016316	0.003360	0.016316	0.003360	0.486230	0.100131
48	U	888	4430	4092	0.217009	0	0	4430	932	4794	4421	0.210812	0	1	4794	0	0	0	nan	0	0	0	0.006197	0.010036	nan	nan	nan	nan
49	C	10	4449	4167	0.002400	0	0	4449	5	4803	4505	0.001110	0	1	4803	0	0	0	nan	0	0	0	0.001290	0.000907	0.001290	0.000907	0.038443	0.027029
50	A	13	4452	4268	0.003046	0	0	4452	5	4808	4620	0.001082	0	1	4808	0	0	0	nan	0	0	0	0.001964	0.000974	0.001964	0.000974	0.058529	0.029026
51	C	23	4453	4298	0.005351	0	0	4453	13	4807	4652	0.002794	0	1	4807	0	0	0	nan	0	0	0	0.002557	0.001359	0.002557	0.001359	0.076201	0.040499
52	A	46	4452	4272	0.010768	0	0	4452	15	4805	4626	0.003243	0	1	4805	0	0	0	nan	0	0	0	0.007525	0.001795	0.007525	0.001795	0.224251	0.053492
53	G	190	4450	4156	0.045717	0	0	4450	91	4804	4478	0.020322	0	1	4804	0	0	0	nan	0	0	0	0.025395	0.003942	0.025395	0.003942	0.756791	0.117475
54	G	232	4450	4097	0.056627	0	0	4450	79	4800	4416	0.017889	0	1	4800	0	0	0	nan	0	0	0	0.038737	0.004228	0.038737	0.004228	1.154394	0.125998
55	U	119	4449	4101	0.029017	0	0	4449	114	4800	4422	0.025780	0	1	4800	0	0	0	nan	0	0	0	0.003237	0.003592	0.003237	0.003592	0.096465	0.107044
56	U	89	4449	4121	0.021597	0	0	4449	77	4800	4479	0.017191	0	1	4800	0	0	0	nan	0	0	0	0.004405	0.003013	0.004405	0.003013	0.131273	0.089790
57	C	116	4448	4129	0.028094	0	0	4448	53	4800	4451	0.011907	0	1	4800	0	0	0	nan	0	0	0	0.016187	0.003079	0.016187	0.003079	0.482386	0.091757
58	G	22	4446	4062	0.005416	0	0	4446	36	4799	4476	0.008043	0	1	4799	0	0	0	nan	0	0	0	-0.002627	0.001769	-0.002627	0.001769	-0.078287	0.052718
59	A	2242	4444	4068	0.551131	0	0	4444	20	4799	4422	0.004523	0	1	4799	0	0	0	nan	0	0	0	0.546608	0.011683	0.546608	0.011683	16.289357	0.348163
60	A	59	4444	4133	0.014275	0	0	4444	53	4797	4448	0.011915	0	1	4797	0	0	0	nan	0	0	0	0.002360	0.002476	0.002360	0.002476	0.070330	0.073787
61	U	56	4439	4099	0.013662	0	0	4439	74	4791	4384	0.016880	0	1	4791	0	0	0	nan	0	0	0	-0.003218	0.002680	-0.003218	0.002680	-0.095899	0.079866
62	C	27	4431	4037	0.006688	0	0	4431	72	4787	4353	0.016540	0	1	4787	0	0	0	nan	0	0	0	-0.009852	0.002336	-0.009852	0.002336	-0.293598	0.069615
63	C	36	4429	3982	0.009041	0	0	4429	51	4787	4351	0.011721	0	1	4787	0	0	0	nan	0	0	0	-0.002681	0.002228	-0.002681	0.002228	-0.079896	0.066396
64	C	40	4425	3950	0.010127	0	0	4425	43	4784	4291	0.010021	0	1	4784	0	0	0	nan	0	0	0	0.000106	0.002213	0.000106	0.002213	0.003159	0.065949
65	G	161	4419	3927	0.040998	0	0	4419	52	4778	4282	0.012144	0	1	4778	0	0	0	nan	0	0	0	0.028854	0.003644	0.028854	0.003644	0.859872	0.108594
66	U	65	4419	3992	0.016283	0	0	4419	68	4778	4318	0.015748	0	1	4778	0	0	0	nan	0	0	0	0.000535	0.002780	0.000535	0.002780	0.015943	0.082846
67	C	39	4416	4020	0.009701	0	0	4416	36	4776	4352	0.008272	0	1	4776	0	0	0	nan	0	0	0	0.001429	0.002077	0.001429	0.002077	0.042585	0.061896
68	G	157	4415	3975	0.039497	0	0	4415	40	4774	4294	0.009315	0	1	4774	0	0	0	nan	0	0	0	0.030182	0.003479	0.030182	0.003479	0.899448	0.103677
69	U	39	4413	3975	0.009811	0	0	4413	46	4772	4275	0.010760	0	1	4772	0	0	0	nan	0	0	0	-0.000949	0.002233	-0.000949	0.002233	-0.028281	0.066545
70	A	19	4412	4010	0.004738	0	0	4412	24	4772	4308	0.005571	0	1	4772	0	0	0	nan	0	0	0	-0.000833	0.001573	-0.000833	0.001573	-0.024824	0.046877
71	G	205	4410	4060	0.050493	0	0	4410	67	4769	4352	0.015395	0	1	4769	0	0	0	nan	0	0	0	0.035097	0.003997	0.035097	0.003997	1.045919	0.119114
72	C	54	4406	4002	0.013493	0	0	4406	40	4764	4297	0.009309	0	1	4764	0	0	0	nan	0	0	0	0.004184	0.002353	0.004184	0.002353	0.124687	0.070121
73	C	39	4403	3926	0.009934	0	0	4403	66	4764	4187	0.015763	0	1	4764	0	0	0	nan	0	0	0	-0.005829	0.002509	-0.005829	0.002509	-0.173709	0.074770
74	A	219	4399	3987	0.054929	0	0	4399	44	4758	4266	0.010314	0	1	4758	0	0	0	nan	0	0	0	0.044614	0.004024	0.044614	0.004024	1.329533	0.119918
75	C	188	4390	3931	0.047825	0	0	4390	19	4757	4179	0.004547	0	1	4757	0	0	0	nan	0	0	0	0.043278	0.003641	0.043278	0.003641	1.289719	0.108505
76	C	193	4380	3877	0.049781	0	0	4380	6	4754	4257	0.001409	0	1	4754	0	0	0	nan	0	0	0	0.048371	0.003629	0.048371	0.003629	1.441495	0.108147
77	A	0	4212	0	nan	0	0	4212	0	4685	0	nan	0	1	4685	0	0	0	nan	0	0	0	nan	nan	nan	nan	nan	nan