0.000000
0.000000
0.118161
0.056122
0.069023
0.027746
0.614305
0.000000
0.788286
0.082554
0.106630
0.000000
0.000000
0.446130
0.067708
0.490173
0.000000
0.290390
0.129473
0.584669
0.000000
0.051439
0.059327
0.176776
0.515974
0.000000
0.850000
0.093510
0.003944
0.000000
0.141853
0.228598
0.000000
0.091017
0.000000
0.850000
0.850000
0.603376
0.850000
0.088853
0.155000
0.498308
0.391541
0.687792
0.518987
0.119749
0.850000
0.000000
0.080006
0.099043
0.091428
0.127419
0.500335
0.850000
0.000000
0.000000
0.074912
0.000000
0.850000
0.106712
0.000000
0.000000
0.011805
0.049083
0.000000
0.061463
0.048426
0.370999
0.432462
0.219805
0.104877
0.850000
0.058943
0.850000
0.850000
0.850000
0.000000
