0.000000
0.000000
0.000000
0.000000
0.000000
0.000000
0.000000
0.000000
0.000000
0.000000
0.000000
0.000000
0.000000
0.000000
0.000000
0.000000
0.000000
0.000000
0.780045
0.000000
0.040583
0.276497
0.850000
0.070622
0.384275
0.000000
0.850000
0.000000
0.000000
0.000000
0.586525
0.076192
0.000000
0.000000
0.213125
0.000000
0.431180
0.000000
0.000000
0.000000
0.000000
0.000000
0.164873
0.534294
0.013881
0.422316
0.000000
0.098605
0.292611
0.850000
0.807476
0.319180
0.326076
0.850000
0.000000
0.671802
0.000000
0.441922
0.216507
0.193541
0.195928
0.725736
0.000000
0.000000
0.719171
0.345969
0.850000
0.192060
0.000000
0.057934
0.000000
0.000000
0.582989
0.000000
0.000000
0.045711
0.088526
0.070998
0.039964
0.850000
0.191441
0.348069
0.850000
0.703477
0.000000
