Nucleotide	Sequence	Modified_mutations	Modified_read_depth	Modified_effective_depth	Modified_rate	Modified_off_target_mapped_depth	Modified_low_mapq_mapped_depth	Modified_mapped_depth	Untreated_mutations	Untreated_read_depth	Untreated_effective_depth	Untreated_rate	Untreated_off_target_mapped_depth	Untreated_low_mapq_mapped_depth	Untreated_mapped_depth	Denatured_mutations	Denatured_read_depth	Denatured_effective_depth	Denatured_rate	Denatured_off_target_mapped_depth	Denatured_low_mapq_mapped_depth	Denatured_mapped_depth	Reactivity_profile	Std_err	HQ_profile	HQ_stderr	Norm_profile	Norm_stderr
1	A	0	6198	6079	0.000000	0	0	6198	0	13511	13284	0.000000	0	0	13511	0	0	0	nan	0	0	0	0.000000	0.000000	0.000000	0.000000	0.000000	0.000000
2	G	0	6471	6222	0.000000	0	0	6471	0	13808	13282	0.000000	0	0	13808	0	0	0	nan	0	0	0	0.000000	0.000000	0.000000	0.000000	0.000000	0.000000
3	G	125	6732	6362	0.019648	0	0	6732	159	14035	13274	0.011978	0	0	14035	0	0	0	nan	0	0	0	0.007670	0.001998	0.007670	0.001998	0.227369	0.059229
4	G	244	6771	6310	0.038669	0	0	6771	129	14068	13258	0.009730	0	0	14068	0	0	0	nan	0	0	0	0.028939	0.002620	0.028939	0.002620	0.857866	0.077667
5	G	513	6804	6394	0.080231	0	0	6804	122	14085	13213	0.009233	0	0	14085	0	0	0	nan	0	0	0	0.070998	0.003640	0.070998	0.003640	2.104660	0.107904
6	C	30	6839	6481	0.004629	0	0	6839	58	14110	13323	0.004353	0	0	14110	0	0	0	nan	0	0	0	0.000276	0.001020	0.000276	0.001020	0.008182	0.030237
7	G	177	6855	6359	0.027835	0	0	6855	67	14140	13014	0.005148	0	0	14140	0	0	0	nan	0	0	0	0.022686	0.002185	0.022686	0.002185	0.672502	0.064772
8	U	1174	7144	6694	0.175381	0	0	7144	1673	14453	13414	0.124720	0	0	14453	0	0	0	nan	0	0	0	0.050660	0.005958	nan	nan	nan	nan
9	A	89	7377	6912	0.012876	0	0	7377	20	14666	13673	0.001463	0	0	14666	0	0	0	nan	0	0	0	0.011413	0.001404	0.011413	0.001404	0.338326	0.041620
10	G	331	7564	7068	0.046831	0	0	7564	111	14704	13673	0.008118	0	0	14704	0	0	0	nan	0	0	0	0.038713	0.002687	0.038713	0.002687	1.147606	0.079653
11	U	66	7837	7279	0.009067	0	0	7837	189	14957	13800	0.013696	0	0	14957	0	0	0	nan	0	0	0	-0.004628	0.001496	-0.004628	0.001496	-0.137192	0.044347
12	U	80	8074	7413	0.010792	0	0	8074	120	15531	14137	0.008488	0	0	15531	0	0	0	nan	0	0	0	0.002303	0.001434	0.002303	0.001434	0.068270	0.042509
13	C	56	8178	7700	0.007273	0	0	8178	60	15727	14727	0.004074	0	0	15727	0	0	0	nan	0	0	0	0.003199	0.001105	0.003199	0.001105	0.094831	0.032757
14	A	18	8327	7816	0.002303	0	0	8327	8	16058	14942	0.000535	0	0	16058	0	0	0	nan	0	0	0	0.001768	0.000575	0.001768	0.000575	0.052410	0.017045
15	A	42	8548	8100	0.005185	0	0	8548	87	16238	15358	0.005665	0	0	16238	0	0	0	nan	0	0	0	-0.000480	0.001004	-0.000480	0.001004	-0.014229	0.029763
16	U	167	8970	8405	0.019869	0	0	8970	371	16992	15913	0.023314	0	1	16992	0	0	0	nan	0	0	0	-0.003445	0.001957	-0.003445	0.001957	-0.102123	0.058013
17	U	12	9127	8531	0.001407	0	0	9127	14	17290	16137	0.000868	0	1	17290	0	0	0	nan	0	0	0	0.000539	0.000468	0.000539	0.000468	0.015978	0.013873
18	G	66	9152	8583	0.007690	0	0	9152	117	17429	16271	0.007191	0	1	17429	0	0	0	nan	0	0	0	0.000499	0.001157	0.000499	0.001157	0.014792	0.034298
19	G	252	9246	8707	0.028942	0	0	9246	116	17507	16449	0.007052	0	1	17507	0	0	0	nan	0	0	0	0.021890	0.001937	0.021890	0.001937	0.648906	0.057420
20	U	83	9294	8836	0.009393	0	0	9294	202	17554	16711	0.012088	0	1	17554	0	0	0	nan	0	0	0	-0.002694	0.001337	-0.002694	0.001337	-0.079861	0.039634
21	A	37	9304	8869	0.004172	0	0	9304	36	17576	16784	0.002145	0	1	17576	0	0	0	nan	0	0	0	0.002027	0.000773	0.002027	0.000773	0.060088	0.022915
22	G	129	9328	8754	0.014736	0	0	9328	79	17596	16596	0.004760	0	1	17596	0	0	0	nan	0	0	0	0.009976	0.001404	0.009976	0.001404	0.295728	0.041620
23	A	102	9332	8678	0.011754	0	0	9332	40	17605	16413	0.002437	0	1	17605	0	0	0	nan	0	0	0	0.009317	0.001226	0.009317	0.001226	0.276193	0.036343
24	G	445	9332	8632	0.051552	0	0	9332	197	17602	16278	0.012102	0	1	17602	0	0	0	nan	0	0	0	0.039450	0.002591	0.039450	0.002591	1.169453	0.076807
25	C	44	9327	8600	0.005116	0	0	9327	75	17600	16276	0.004608	0	1	17600	0	0	0	nan	0	0	0	0.000508	0.000937	0.000508	0.000937	0.015059	0.027776
26	A	890	9326	8659	0.102783	0	0	9326	141	17607	16402	0.008597	0	1	17607	0	0	0	nan	0	0	0	0.094187	0.003521	0.094187	0.003521	2.792073	0.104376
27	C	105	9325	8607	0.012199	0	0	9325	214	17603	16289	0.013138	0	1	17603	0	0	0	nan	0	0	0	-0.000938	0.001491	-0.000938	0.001491	-0.027806	0.044199
28	C	59	9319	8561	0.006892	0	0	9319	113	17596	16117	0.007011	0	1	17596	0	0	0	nan	0	0	0	-0.000120	0.001114	-0.000120	0.001114	-0.003557	0.033023
29	G	194	9317	8481	0.022875	0	0	9317	193	17591	15957	0.012095	0	1	17591	0	0	0	nan	0	0	0	0.010780	0.001859	0.010780	0.001859	0.319562	0.055108
30	G	268	9315	8538	0.031389	0	0	9315	149	17584	16016	0.009303	0	1	17584	0	0	0	nan	0	0	0	0.022086	0.002063	0.022086	0.002063	0.654716	0.061155
31	U	105	9317	8680	0.012097	0	0	9317	238	17595	16280	0.014619	0	1	17595	0	0	0	nan	0	0	0	-0.002522	0.001514	-0.002522	0.001514	-0.074762	0.044881
32	C	449	9318	8809	0.050971	0	0	9318	884	17597	16532	0.053472	0	1	17597	0	0	0	nan	0	0	0	-0.002501	0.003003	nan	nan	nan	nan
33	U	225	9329	8868	0.025372	0	0	9329	518	17622	16640	0.031130	0	1	17622	0	0	0	nan	0	0	0	-0.005758	0.002175	-0.005758	0.002175	-0.170690	0.064476
34	C	434	9333	8798	0.049329	0	0	9333	162	17638	16598	0.009760	0	1	17638	0	0	0	nan	0	0	0	0.039569	0.002489	0.039569	0.002489	1.172981	0.073784
35	C	290	9344	8820	0.032880	0	0	9344	168	17638	16639	0.010097	0	1	17638	0	0	0	nan	0	0	0	0.022783	0.002082	0.022783	0.002082	0.675378	0.061719
36	A	195	9366	8765	0.022248	0	0	9366	20	17661	16529	0.001210	0	1	17661	0	0	0	nan	0	0	0	0.021038	0.001616	0.021038	0.001616	0.623649	0.047905
37	A	662	9371	8565	0.077291	0	0	9371	1374	17665	16088	0.085405	0	1	17665	0	0	0	nan	0	0	0	-0.008114	0.003786	nan	nan	nan	nan
38	A	306	9383	7670	0.039896	0	0	9383	8	17692	14366	0.000557	0	1	17692	0	0	0	nan	0	0	0	0.039339	0.002289	0.039339	0.002289	1.166163	0.067855
39	A	105	9408	7694	0.013647	0	0	9408	110	17684	14414	0.007631	0	1	17684	0	0	0	nan	0	0	0	0.006016	0.001518	0.006016	0.001518	0.178338	0.044999
40	C	89	9404	7878	0.011297	0	0	9404	194	17666	14790	0.013117	0	1	17666	0	0	0	nan	0	0	0	-0.001820	0.001523	-0.001820	0.001523	-0.053952	0.045148
41	C	94	9393	8633	0.010888	0	0	9393	166	17637	16219	0.010235	0	1	17637	0	0	0	nan	0	0	0	0.000654	0.001376	0.000654	0.001376	0.019387	0.040790
42	G	217	9380	8511	0.025496	0	0	9380	225	17615	15951	0.014106	0	1	17615	0	0	0	nan	0	0	0	0.011391	0.001970	0.011391	0.001970	0.337674	0.058399
43	G	229	9371	8468	0.027043	0	0	9371	281	17601	15846	0.017733	0	1	17601	0	0	0	nan	0	0	0	0.009310	0.002077	0.009310	0.002077	0.275985	0.061570
44	G	230	9361	8509	0.027030	0	0	9361	208	17593	15916	0.013069	0	1	17593	0	0	0	nan	0	0	0	0.013962	0.001999	0.013962	0.001999	0.413889	0.059258
45	U	125	9352	8439	0.014812	0	0	9352	240	17569	15781	0.015208	0	1	17569	0	0	0	nan	0	0	0	-0.000396	0.001649	-0.000396	0.001649	-0.011739	0.048883
46	G	841	9343	8472	0.099268	0	0	9343	2310	17543	15940	0.144918	0	1	17543	0	0	0	nan	0	0	0	-0.045650	0.004562	nan	nan	nan	nan
47	U	85	9367	8531	0.009964	0	0	9367	157	17563	16075	0.009767	0	1	17563	0	0	0	nan	0	0	0	0.000197	0.001332	0.000197	0.001332	0.005840	0.039486
48	U	79	9365	8380	0.009427	0	0	9365	146	17562	15645	0.009332	0	1	17562	0	0	0	nan	0	0	0	0.000095	0.001312	0.000095	0.001312	0.002816	0.038893
49	G	214	9363	8403	0.025467	0	0	9363	194	17558	15633	0.012410	0	1	17558	0	0	0	nan	0	0	0	0.013057	0.001956	0.013057	0.001956	0.387061	0.057984
50	G	226	9361	8465	0.026698	0	0	9361	330	17549	15690	0.021033	0	1	17549	0	0	0	nan	0	0	0	0.005666	0.002120	0.005666	0.002120	0.167963	0.062845
51	G	114	9356	8641	0.013193	0	0	9356	90	17543	16138	0.005577	0	1	17543	0	0	0	nan	0	0	0	0.007616	0.001368	0.007616	0.001368	0.225768	0.040553
52	A	156	9354	8776	0.017776	0	0	9354	100	17531	16398	0.006098	0	1	17531	0	0	0	nan	0	0	0	0.011677	0.001548	0.011677	0.001548	0.346152	0.045889
53	G	375	9346	8763	0.042794	0	0	9346	147	17511	16425	0.008950	0	1	17511	0	0	0	nan	0	0	0	0.033844	0.002330	0.033844	0.002330	1.003269	0.069070
54	U	172	9334	8747	0.019664	0	0	9334	364	17500	16429	0.022156	0	1	17500	0	0	0	nan	0	0	0	-0.002492	0.001896	-0.002492	0.001896	-0.073873	0.056205
55	U	183	9324	8341	0.021940	0	0	9324	322	17476	15677	0.020540	0	1	17476	0	0	0	nan	0	0	0	0.001400	0.001985	0.001400	0.001985	0.041502	0.058843
56	C	159	9311	8243	0.019289	0	0	9311	192	17456	15556	0.012343	0	1	17456	0	0	0	nan	0	0	0	0.006947	0.001770	0.006947	0.001770	0.205936	0.052470
57	G	33	9303	8063	0.004093	0	0	9303	54	17439	15353	0.003517	0	1	17439	0	0	0	nan	0	0	0	0.000576	0.000858	0.000576	0.000858	0.017075	0.025434
58	A	4614	9289	8238	0.560087	0	0	9289	53	17432	15679	0.003380	0	1	17432	0	0	0	nan	0	0	0	0.556707	0.008259	0.556707	0.008259	16.502986	0.244829
59	G	124	9285	8198	0.015126	0	0	9285	149	17418	15489	0.009620	0	1	17418	0	0	0	nan	0	0	0	0.005506	0.001570	0.005506	0.001570	0.163220	0.046541
60	U	86	9280	8141	0.010564	0	0	9280	210	17410	15439	0.013602	0	1	17410	0	0	0	nan	0	0	0	-0.003038	0.001476	-0.003038	0.001476	-0.090058	0.043754
61	C	36	9273	8154	0.004415	0	0	9273	98	17403	15526	0.006312	0	1	17403	0	0	0	nan	0	0	0	-0.001897	0.000974	-0.001897	0.000974	-0.056235	0.028873
62	U	64	9257	8272	0.007737	0	0	9257	142	17386	15770	0.009004	0	1	17386	0	0	0	nan	0	0	0	-0.001267	0.001227	-0.001267	0.001227	-0.037559	0.036373
63	C	90	9249	8375	0.010746	0	0	9249	142	17372	15836	0.008967	0	1	17372	0	0	0	nan	0	0	0	0.001779	0.001360	0.001779	0.001360	0.052737	0.040316
64	U	45	9242	8316	0.005411	0	0	9242	120	17352	15722	0.007633	0	1	17352	0	0	0	nan	0	0	0	-0.002221	0.001066	-0.002221	0.001066	-0.065839	0.031600
65	C	97	9236	8028	0.012083	0	0	9236	158	17340	15124	0.010447	0	1	17340	0	0	0	nan	0	0	0	0.001636	0.001482	0.001636	0.001482	0.048497	0.043932
66	C	72	9232	7775	0.009260	0	0	9232	98	17333	14761	0.006639	0	1	17333	0	0	0	nan	0	0	0	0.002621	0.001281	0.002621	0.001281	0.077697	0.037974
67	G	230	9231	7855	0.029281	0	0	9231	154	17328	14865	0.010360	0	1	17328	0	0	0	nan	0	0	0	0.018921	0.002103	0.018921	0.002103	0.560893	0.062341
68	C	63	9230	8095	0.007783	0	0	9230	122	17322	15261	0.007994	0	1	17322	0	0	0	nan	0	0	0	-0.000212	0.001219	-0.000212	0.001219	-0.006285	0.036136
69	C	43	9224	8413	0.005111	0	0	9224	65	17315	15776	0.004120	0	1	17315	0	0	0	nan	0	0	0	0.000991	0.000932	0.000991	0.000932	0.029377	0.027628
70	C	46	9215	8413	0.005468	0	0	9215	51	17289	15766	0.003235	0	1	17289	0	0	0	nan	0	0	0	0.002233	0.000925	0.002233	0.000925	0.066195	0.027421
71	C	78	9210	7928	0.009839	0	0	9210	95	17274	15026	0.006322	0	1	17274	0	0	0	nan	0	0	0	0.003516	0.001289	0.003516	0.001289	0.104228	0.038211
72	U	110	9207	7644	0.014390	0	0	9207	129	17274	14555	0.008863	0	1	17274	0	0	0	nan	0	0	0	0.005527	0.001578	0.005527	0.001578	0.163842	0.046778
73	G	318	9196	7488	0.042468	0	0	9196	134	17265	14256	0.009400	0	1	17265	0	0	0	nan	0	0	0	0.033068	0.002516	0.033068	0.002516	0.980266	0.074584
74	C	196	9194	7605	0.025773	0	0	9194	83	17261	14523	0.005715	0	1	17261	0	0	0	nan	0	0	0	0.020057	0.001945	0.020057	0.001945	0.594568	0.057657
75	C	75	9181	7488	0.010016	0	0	9181	17	17250	14695	0.001157	0	1	17250	0	0	0	nan	0	0	0	0.008859	0.001190	0.008859	0.001190	0.262616	0.035276
76	A	0	8848	0	nan	0	0	8848	0	17054	0	nan	0	1	17054	0	0	0	nan	0	0	0	nan	nan	nan	nan	nan	nan