0.000000
0.000000
0.067667
0.052597
0.064028
0.038911
0.832695
0.000000
0.850000
0.156188
0.000000
0.017161
0.053601
0.648022
0.238219
0.000000
0.797042
0.429897
0.628309
0.000000
0.074320
0.126075
0.216089
0.157926
0.040486
0.850000
0.162433
0.021587
0.207237
0.590158
0.140113
0.850000
0.033508
0.000000
0.035327
0.019361
0.000000
0.850000
0.000000
0.000000
0.015152
0.850000
0.007603
0.223529
0.031906
0.000000
0.000978
0.057158
0.174408
0.034675
0.040215
0.085507
0.477959
0.000000
0.022700
0.133922
0.000000
0.850000
0.038966
0.000000
0.000000
0.019496
0.000896
0.431418
0.128627
0.031906
0.063730
0.850000
0.200394
0.850000
0.850000
0.202268
0.850000
0.850000
0.467831
0.000000
