0.000000
0.000000
0.000000
0.000000
0.000000
0.000000
0.000000
0.000000
0.000000
0.000000
0.000000
0.000000
0.000000
0.000000
0.496847
0.000000
0.000000
0.850000
0.850000
0.000000
0.376101
0.000000
0.560878
0.850000
0.339127
0.850000
0.000000
0.850000
0.000000
0.000000
0.000000
0.000000
0.000000
0.000000
0.000000
0.285879
0.000000
0.850000
0.362236
0.000000
0.000000
0.000000
0.000000
0.187665
0.432045
0.000000
0.000000
0.000000
0.000000
0.385152
0.000000
0.000000
0.000000
0.000000
0.850000
0.000000
0.000000
0.000000
0.300323
0.000000
0.000000
0.000000
0.000000
0.000000
0.850000
0.000000
0.000000
0.000000
0.000000
0.000000
0.000000
0.000000
0.000000
0.000000
0.000000
