0.000000
0.000000
0.812803
0.000000
0.017110
0.000000
0.430506
0.000000
0.850000
0.000000
0.336368
0.000000
0.000000
0.523052
0.000000
0.445431
0.000000
0.164109
0.266803
0.629117
0.000000
0.000000
0.034564
0.000000
0.850000
0.070846
0.717448
0.176724
0.000000
0.048521
0.000000
0.000000
0.850000
0.274483
0.418735
0.000000
0.670207
0.000000
0.065350
0.706332
0.850000
0.172540
0.156304
0.850000
0.314387
0.455016
0.000000
0.000000
0.000000
0.000000
0.000000
0.044056
0.535260
0.850000
0.000000
0.000000
0.213348
0.043900
0.850000
0.096542
0.000000
0.000000
0.000000
0.276076
0.596676
0.000000
0.086707
0.479245
0.277356
0.850000
0.000000
0.850000
0.085739
0.850000
0.356569
0.464820
0.000000
