0.000000
0.000000
0.227369
0.850000
0.850000
0.008182
0.672502
0.000000
0.338326
0.850000
0.000000
0.068270
0.094831
0.052410
0.000000
0.000000
0.015978
0.014792
0.648906
0.000000
0.060088
0.295728
0.276193
0.850000
0.015059
0.850000
0.000000
0.000000
0.319562
0.654716
0.000000
0.000000
0.000000
0.850000
0.675378
0.623649
0.000000
0.850000
0.178338
0.000000
0.019387
0.337674
0.275985
0.413889
0.000000
0.000000
0.005840
0.002816
0.387061
0.167963
0.225768
0.346152
0.850000
0.000000
0.041502
0.205936
0.017075
0.850000
0.163220
0.000000
0.000000
0.000000
0.052737
0.000000
0.048497
0.077697
0.560893
0.000000
0.029377
0.066195
0.104228
0.163842
0.850000
0.594568
0.262616
0.000000
