0.000000
0.000000
0.097283
0.850000
0.062222
0.000000
0.032093
0.000000
0.850000
0.134424
0.015263
0.049927
0.087045
0.494290
0.196412
0.734248
0.000000
0.419493
0.201741
0.850000
0.263635
0.052708
0.165698
0.754653
0.049787
0.202980
0.110466
0.043429
0.076293
0.346800
0.088821
0.351685
0.075147
0.850000
0.850000
0.850000
0.850000
0.037819
0.452614
0.071197
0.130707
0.149290
0.558802
0.123578
0.298556
0.000000
0.099363
0.065611
0.201157
0.256436
0.071291
0.367019
0.513317
0.000000
0.000000
0.163221
0.000000
0.850000
0.000000
0.012645
0.000000
0.009724
0.380061
0.000000
0.000000
0.000000
0.096231
0.602021
0.082347
0.000000
0.095553
0.000000
0.850000
0.850000
0.589492
0.000000
