Nucleotide	Sequence	Modified_mutations	Modified_read_depth	Modified_effective_depth	Modified_rate	Modified_off_target_mapped_depth	Modified_low_mapq_mapped_depth	Modified_mapped_depth	Untreated_mutations	Untreated_read_depth	Untreated_effective_depth	Untreated_rate	Untreated_off_target_mapped_depth	Untreated_low_mapq_mapped_depth	Untreated_mapped_depth	Denatured_mutations	Denatured_read_depth	Denatured_effective_depth	Denatured_rate	Denatured_off_target_mapped_depth	Denatured_low_mapq_mapped_depth	Denatured_mapped_depth	Reactivity_profile	Std_err	HQ_profile	HQ_stderr	Norm_profile	Norm_stderr
1	C	0	4796	4704	0.000000	0	150	4796	0	3883	3806	0.000000	0	104	3883	0	0	0	nan	0	0	0	0.000000	0.000000	0.000000	0.000000	0.000000	0.000000
2	G	0	5219	5081	0.000000	0	165	5219	0	3940	3848	0.000000	0	105	3940	0	0	0	nan	0	0	0	0.000000	0.000000	0.000000	0.000000	0.000000	0.000000
3	C	85	5571	5323	0.015968	0	175	5571	49	3996	3835	0.012777	0	106	3996	0	0	0	nan	0	0	0	0.003191	0.002516	0.003191	0.002516	0.065860	0.051928
4	G	182	5608	5308	0.034288	0	176	5608	48	3999	3791	0.012662	0	106	3999	0	0	0	nan	0	0	0	0.021626	0.003130	0.021626	0.003130	0.446344	0.064601
5	G	146	5649	5250	0.027810	0	178	5649	39	4006	3736	0.010439	0	106	4006	0	0	0	nan	0	0	0	0.017371	0.002845	0.017371	0.002845	0.358524	0.058719
6	G	207	5667	5255	0.039391	0	178	5667	36	4010	3733	0.009644	0	107	4010	0	0	0	nan	0	0	0	0.029747	0.003175	0.029747	0.003175	0.613955	0.065530
7	G	310	5691	5264	0.058891	0	178	5691	57	4024	3746	0.015216	0	107	4024	0	0	0	nan	0	0	0	0.043674	0.003905	0.043674	0.003905	0.901398	0.080596
8	U	1140	5810	5403	0.210994	0	180	5810	544	4079	3809	0.142820	0	108	4079	0	0	0	nan	0	0	0	0.068174	0.008749	nan	nan	nan	nan
9	G	94	5945	5546	0.016949	0	183	5945	54	4148	3894	0.013867	0	110	4148	0	0	0	nan	0	0	0	0.003082	0.002572	0.003082	0.002572	0.063610	0.053084
10	G	86	6012	5574	0.015429	0	185	6012	16	4163	3892	0.004111	0	110	4163	0	0	0	nan	0	0	0	0.011318	0.001956	0.011318	0.001956	0.233595	0.040370
11	A	87	6043	5653	0.015390	0	186	6043	15	4178	3952	0.003796	0	110	4178	0	0	0	nan	0	0	0	0.011595	0.001919	0.011595	0.001919	0.239312	0.039607
12	G	105	6057	5735	0.018309	0	186	6057	37	4186	4009	0.009229	0	110	4186	0	0	0	nan	0	0	0	0.009079	0.002344	0.009079	0.002344	0.187384	0.048378
13	C	48	6083	5705	0.008414	0	186	6083	14	4196	3928	0.003564	0	110	4196	0	0	0	nan	0	0	0	0.004850	0.001543	0.004850	0.001543	0.100100	0.031846
14	A	184	6098	5724	0.032145	0	186	6098	12	4205	3927	0.003056	0	110	4205	0	0	0	nan	0	0	0	0.029090	0.002529	0.029090	0.002529	0.600395	0.052197
15	G	111	6161	5755	0.019288	0	186	6161	50	4209	3907	0.012798	0	110	4209	0	0	0	nan	0	0	0	0.006490	0.002574	0.006490	0.002574	0.133949	0.053125
16	C	152	6180	5918	0.025684	0	187	6180	36	4215	4058	0.008871	0	111	4215	0	0	0	nan	0	0	0	0.016813	0.002555	0.016813	0.002555	0.347007	0.052733
17	C	778	6193	5969	0.130340	0	188	6193	41	4221	4086	0.010034	0	111	4221	0	0	0	nan	0	0	0	0.120306	0.004929	0.120306	0.004929	2.483023	0.101731
18	U	81	6247	6003	0.013493	0	189	6247	39	4243	4111	0.009487	0	111	4243	0	0	0	nan	0	0	0	0.004007	0.002134	0.004007	0.002134	0.082701	0.044044
19	G	208	6260	5965	0.034870	0	191	6260	52	4259	4106	0.012664	0	112	4259	0	0	0	nan	0	0	0	0.022206	0.002988	0.022206	0.002988	0.458315	0.061670
20	G	368	6292	6041	0.060917	0	191	6292	39	4264	4106	0.009498	0	113	4264	0	0	0	nan	0	0	0	0.051419	0.003521	0.051419	0.003521	1.061248	0.072671
21	U	77	6330	6087	0.012650	0	191	6330	53	4273	4116	0.012877	0	114	4273	0	0	0	nan	0	0	0	-0.000227	0.002282	-0.000227	0.002282	-0.004685	0.047099
22	A	19	6336	6135	0.003097	0	191	6336	4	4276	4135	0.000967	0	115	4276	0	0	0	nan	0	0	0	0.002130	0.000860	0.002130	0.000860	0.043962	0.017750
23	G	113	6345	6123	0.018455	0	191	6345	68	4280	4142	0.016417	0	115	4280	0	0	0	nan	0	0	0	0.002038	0.002642	0.002038	0.002642	0.042063	0.054529
24	C	61	6349	6154	0.009912	0	188	6349	27	4285	4150	0.006506	0	114	4285	0	0	0	nan	0	0	0	0.003406	0.001783	0.003406	0.001783	0.070297	0.036800
25	U	67	6355	6068	0.011042	0	187	6355	51	4305	4101	0.012436	0	113	4305	0	0	0	nan	0	0	0	-0.001394	0.002203	-0.001394	0.002203	-0.028771	0.045468
26	C	55	6358	6006	0.009158	0	185	6358	39	4311	4070	0.009582	0	111	4311	0	0	0	nan	0	0	0	-0.000425	0.001970	-0.000425	0.001970	-0.008772	0.040659
27	G	172	6360	5915	0.029079	0	182	6360	32	4317	4020	0.007960	0	111	4317	0	0	0	nan	0	0	0	0.021118	0.002626	0.021118	0.002626	0.435859	0.054199
28	U	150	6368	5978	0.025092	0	178	6368	107	4335	4078	0.026238	0	111	4335	0	0	0	nan	0	0	0	-0.001146	0.003261	-0.001146	0.003261	-0.023653	0.067305
29	C	62	6369	5934	0.010448	0	178	6369	32	4339	4062	0.007878	0	108	4339	0	0	0	nan	0	0	0	0.002570	0.001924	0.002570	0.001924	0.053043	0.039710
30	G	133	6369	5860	0.022696	0	176	6369	58	4341	4027	0.014403	0	105	4341	0	0	0	nan	0	0	0	0.008293	0.002729	0.008293	0.002729	0.171161	0.056324
31	G	134	6370	5796	0.023119	0	175	6370	28	4341	3978	0.007039	0	104	4341	0	0	0	nan	0	0	0	0.016081	0.002400	0.016081	0.002400	0.331899	0.049534
32	G	154	6370	5846	0.026343	0	174	6370	58	4342	3993	0.014525	0	102	4342	0	0	0	nan	0	0	0	0.011817	0.002854	0.011817	0.002854	0.243894	0.058904
33	C	361	6371	5934	0.060836	0	172	6371	270	4342	4042	0.066799	0	101	4342	0	0	0	nan	0	0	0	-0.005963	0.005175	nan	nan	nan	nan
34	U	89	6395	6007	0.014816	0	170	6395	65	4355	4101	0.015850	0	99	4355	0	0	0	nan	0	0	0	-0.001034	0.002516	-0.001034	0.002516	-0.021341	0.051928
35	C	498	6397	5941	0.083824	0	168	6397	8	4355	4060	0.001970	0	98	4355	0	0	0	nan	0	0	0	0.081854	0.003820	0.081854	0.003820	1.689403	0.078842
36	A	156	6407	5905	0.026418	0	167	6407	11	4358	4041	0.002722	0	97	4358	0	0	0	nan	0	0	0	0.023696	0.002269	0.023696	0.002269	0.489067	0.046830
37	U	87	6409	5815	0.014961	0	166	6409	24	4358	3971	0.006044	0	96	4358	0	0	0	nan	0	0	0	0.008917	0.002024	0.008917	0.002024	0.184040	0.041774
38	A	203	6411	5317	0.038179	0	163	6411	3	4359	3615	0.000830	0	92	4359	0	0	0	nan	0	0	0	0.037350	0.002722	0.037350	0.002722	0.770875	0.056180
39	A	557	6413	5316	0.104778	0	159	6413	25	4360	3635	0.006878	0	88	4360	0	0	0	nan	0	0	0	0.097900	0.004648	0.097900	0.004648	2.020580	0.095931
40	C	58	6416	5335	0.010872	0	158	6416	28	4360	3653	0.007665	0	88	4360	0	0	0	nan	0	0	0	0.003207	0.002034	0.003207	0.002034	0.066190	0.041980
41	C	44	6416	5882	0.007480	0	158	6416	34	4360	4058	0.008379	0	86	4360	0	0	0	nan	0	0	0	-0.000898	0.001827	-0.000898	0.001827	-0.018534	0.037708
42	C	37	6416	5867	0.006306	0	154	6416	25	4361	4008	0.006238	0	84	4361	0	0	0	nan	0	0	0	0.000069	0.001622	0.000069	0.001622	0.001424	0.033477
43	G	192	6416	5926	0.032400	0	148	6416	10	4361	4035	0.002478	0	80	4361	0	0	0	nan	0	0	0	0.029921	0.002466	0.029921	0.002466	0.617546	0.050896
44	A	53	6416	6017	0.008808	0	148	6416	15	4361	4077	0.003679	0	80	4361	0	0	0	nan	0	0	0	0.005129	0.001538	0.005129	0.001538	0.105859	0.031743
45	A	25	6417	5991	0.004173	0	143	6417	8	4361	4066	0.001968	0	71	4361	0	0	0	nan	0	0	0	0.002205	0.001086	0.002205	0.001086	0.045509	0.022414
46	G	274	6419	5779	0.047413	0	128	6419	76	4361	3907	0.019452	0	59	4361	0	0	0	nan	0	0	0	0.027961	0.003631	0.027961	0.003631	0.577093	0.074941
47	A	2	6419	5565	0.000359	0	121	6419	2	4361	3740	0.000535	0	49	4361	0	0	0	nan	0	0	0	-0.000175	0.000456	-0.000175	0.000456	-0.003612	0.009411
48	U	93	6414	5411	0.017187	0	125	6414	75	4354	3660	0.020492	0	52	4354	0	0	0	nan	0	0	0	-0.003305	0.002962	-0.003305	0.002962	-0.068213	0.061133
49	C	58	6407	5453	0.010636	0	125	6407	37	4351	3674	0.010071	0	52	4351	0	0	0	nan	0	0	0	0.000566	0.002166	0.000566	0.002166	0.011682	0.044705
50	G	270	6401	5448	0.049559	0	126	6401	38	4347	3716	0.010226	0	53	4347	0	0	0	nan	0	0	0	0.039333	0.003442	0.039333	0.003442	0.811803	0.071040
51	U	126	6398	5629	0.022384	0	130	6398	103	4344	3842	0.026809	0	54	4344	0	0	0	nan	0	0	0	-0.004425	0.003310	-0.004425	0.003310	-0.091329	0.068316
52	C	74	6395	5754	0.012861	0	132	6395	47	4340	3978	0.011815	0	54	4340	0	0	0	nan	0	0	0	0.001046	0.002281	0.001046	0.002281	0.021589	0.047078
53	G	184	6387	5822	0.031604	0	132	6387	48	4335	3994	0.012018	0	55	4335	0	0	0	nan	0	0	0	0.019586	0.002905	0.019586	0.002905	0.404240	0.059957
54	G	164	6386	5657	0.028991	0	132	6386	45	4334	3850	0.011688	0	55	4334	0	0	0	nan	0	0	0	0.017302	0.002857	0.017302	0.002857	0.357100	0.058966
55	U	96	6386	5675	0.016916	0	132	6386	83	4333	3850	0.021558	0	55	4333	0	0	0	nan	0	0	0	-0.004642	0.002929	-0.004642	0.002929	-0.095807	0.060452
56	U	111	6383	5551	0.019996	0	132	6383	75	4336	3779	0.019847	0	55	4336	0	0	0	nan	0	0	0	0.000150	0.002976	0.000150	0.002976	0.003096	0.061422
57	C	93	6381	5689	0.016347	0	132	6381	50	4334	3905	0.012804	0	55	4334	0	0	0	nan	0	0	0	0.003543	0.002480	0.003543	0.002480	0.073125	0.051185
58	A	112	6377	5738	0.019519	0	132	6377	12	4332	3935	0.003050	0	55	4332	0	0	0	nan	0	0	0	0.016469	0.002044	0.016469	0.002044	0.339907	0.042187
59	A	573	6372	5787	0.099015	0	132	6372	9	4330	3958	0.002274	0	55	4330	0	0	0	nan	0	0	0	0.096741	0.004205	0.096741	0.004205	1.996659	0.086788
60	A	89	6358	5532	0.016088	0	132	6358	43	4321	3770	0.011406	0	55	4321	0	0	0	nan	0	0	0	0.004682	0.002436	0.004682	0.002436	0.096633	0.050277
61	U	57	6330	5186	0.010991	0	132	6330	40	4302	3550	0.011268	0	55	4302	0	0	0	nan	0	0	0	-0.000276	0.002301	-0.000276	0.002301	-0.005696	0.047491
62	C	59	6321	5089	0.011594	0	132	6321	34	4298	3473	0.009790	0	55	4298	0	0	0	nan	0	0	0	0.001804	0.002258	0.001804	0.002258	0.037233	0.046603
63	C	28	6315	4870	0.005749	0	131	6315	25	4297	3357	0.007447	0	55	4297	0	0	0	nan	0	0	0	-0.001698	0.001844	-0.001698	0.001844	-0.035045	0.038059
64	G	98	6305	4864	0.020148	0	131	6305	27	4288	3331	0.008106	0	54	4288	0	0	0	nan	0	0	0	0.012042	0.002564	0.012042	0.002564	0.248538	0.052919
65	G	94	6304	4926	0.019082	0	131	6304	29	4286	3419	0.008482	0	54	4286	0	0	0	nan	0	0	0	0.010600	0.002521	0.010600	0.002521	0.218776	0.052031
66	C	76	6304	5247	0.014484	0	131	6304	41	4285	3629	0.011298	0	54	4285	0	0	0	nan	0	0	0	0.003187	0.002424	0.003187	0.002424	0.065777	0.050029
67	C	41	6301	5458	0.007512	0	131	6301	33	4284	3810	0.008661	0	54	4284	0	0	0	nan	0	0	0	-0.001150	0.001910	-0.001150	0.001910	-0.023735	0.039421
68	C	34	6297	5548	0.006128	0	131	6297	16	4281	3860	0.004145	0	54	4281	0	0	0	nan	0	0	0	0.001983	0.001476	0.001983	0.001476	0.040928	0.030463
69	C	36	6295	5648	0.006374	0	131	6295	18	4279	3885	0.004633	0	54	4279	0	0	0	nan	0	0	0	0.001741	0.001524	0.001741	0.001524	0.035933	0.031454
70	C	33	6290	5320	0.006203	0	131	6290	16	4273	3663	0.004368	0	54	4273	0	0	0	nan	0	0	0	0.001835	0.001536	0.001835	0.001536	0.037873	0.031702
71	G	345	6280	5307	0.065008	0	131	6280	34	4269	3664	0.009279	0	54	4269	0	0	0	nan	0	0	0	0.055729	0.003845	0.055729	0.003845	1.150203	0.079358
72	C	34	6279	4956	0.006860	0	131	6279	20	4268	3401	0.005881	0	54	4268	0	0	0	nan	0	0	0	0.000980	0.001764	0.000980	0.001764	0.020226	0.036408
73	A	85	6279	4599	0.018482	0	131	6279	6	4268	3112	0.001928	0	54	4268	0	0	0	nan	0	0	0	0.016554	0.002154	0.016554	0.002154	0.341662	0.044457
74	A	30	6257	4567	0.006569	0	129	6257	1	4266	3095	0.000323	0	53	4266	0	0	0	nan	0	0	0	0.006246	0.001242	0.006246	0.001242	0.128913	0.025634
75	C	380	6244	4733	0.080287	0	129	6244	30	4266	3235	0.009274	0	53	4266	0	0	0	nan	0	0	0	0.071014	0.004453	0.071014	0.004453	1.465674	0.091906
76	C	212	6219	5078	0.041749	0	129	6219	4	4255	3611	0.001108	0	53	4255	0	0	0	nan	0	0	0	0.040641	0.002920	0.040641	0.002920	0.838799	0.060267
77	A	0	5842	0	nan	0	116	5842	0	4147	0	nan	0	53	4147	0	0	0	nan	0	0	0	nan	nan	nan	nan	nan	nan