Nucleotide	Sequence	Modified_mutations	Modified_read_depth	Modified_effective_depth	Modified_rate	Modified_off_target_mapped_depth	Modified_low_mapq_mapped_depth	Modified_mapped_depth	Untreated_mutations	Untreated_read_depth	Untreated_effective_depth	Untreated_rate	Untreated_off_target_mapped_depth	Untreated_low_mapq_mapped_depth	Untreated_mapped_depth	Denatured_mutations	Denatured_read_depth	Denatured_effective_depth	Denatured_rate	Denatured_off_target_mapped_depth	Denatured_low_mapq_mapped_depth	Denatured_mapped_depth	Reactivity_profile	Std_err	HQ_profile	HQ_stderr	Norm_profile	Norm_stderr
1	G	0	280	269	0.000000	0	0	280	0	337	328	0.000000	0	0	337	0	0	0	nan	0	0	0	0.000000	0.000000	nan	nan	nan	nan
2	U	0	303	290	0.000000	0	0	303	0	352	338	0.000000	0	0	352	0	0	0	nan	0	0	0	0.000000	0.000000	nan	nan	nan	nan
3	C	2	310	300	0.006667	0	0	310	0	355	348	0.000000	0	0	355	0	0	0	nan	0	0	0	0.006667	0.004714	nan	nan	nan	nan
4	C	6	317	303	0.019802	0	0	317	0	366	355	0.000000	0	0	366	0	0	0	nan	0	0	0	0.019802	0.008084	nan	nan	nan	nan
5	U	0	339	322	0.000000	0	0	339	1	383	374	0.002674	0	0	383	0	0	0	nan	0	0	0	-0.002674	0.002674	nan	nan	nan	nan
6	C	2	343	324	0.006173	0	0	343	4	385	366	0.010929	0	0	385	0	0	0	nan	0	0	0	-0.004756	0.006994	nan	nan	nan	nan
7	U	3	374	352	0.008523	0	0	374	4	413	389	0.010283	0	0	413	0	0	0	nan	0	0	0	-0.001760	0.007117	nan	nan	nan	nan
8	U	61	416	396	0.154040	0	0	416	52	465	435	0.119540	0	0	465	0	0	0	nan	0	0	0	0.034500	0.025764	nan	nan	nan	nan
9	A	2	448	421	0.004751	0	0	448	1	504	476	0.002101	0	0	504	0	0	0	nan	0	0	0	0.002650	0.003962	nan	nan	nan	nan
10	G	10	457	430	0.023256	0	0	457	4	504	475	0.008421	0	0	504	0	0	0	nan	0	0	0	0.014835	0.008474	nan	nan	nan	nan
11	U	4	472	444	0.009009	0	0	472	5	524	499	0.010020	0	0	524	0	0	0	nan	0	0	0	-0.001011	0.006354	nan	nan	nan	nan
12	U	5	497	433	0.011547	0	0	497	3	558	494	0.006073	0	0	558	0	0	0	nan	0	0	0	0.005474	0.006242	nan	nan	nan	nan
13	A	1	512	452	0.002212	0	0	512	0	589	532	0.000000	0	0	589	0	0	0	nan	0	0	0	0.002212	0.002212	nan	nan	nan	nan
14	A	6	514	454	0.013216	0	0	514	2	591	540	0.003704	0	0	591	0	0	0	nan	0	0	0	0.009512	0.005997	nan	nan	nan	nan
15	A	7	518	503	0.013917	0	0	518	5	594	571	0.008757	0	0	594	0	0	0	nan	0	0	0	0.005160	0.006558	0.005160	0.006558	0.496847	0.631457
16	U	6	519	493	0.012170	0	0	519	9	596	558	0.016129	0	0	596	0	0	0	nan	0	0	0	-0.003959	0.007321	nan	nan	nan	nan
17	G	18	521	493	0.036511	0	0	521	7	597	548	0.012774	0	0	597	0	0	0	nan	0	0	0	0.023737	0.009868	nan	nan	nan	nan
18	G	6	523	500	0.012000	0	0	523	1	600	565	0.001770	0	0	600	0	0	0	nan	0	0	0	0.010230	0.005209	0.010230	0.005209	0.985027	0.501565
19	A	28	530	507	0.055227	0	0	530	6	602	574	0.010453	0	0	602	0	0	0	nan	0	0	0	0.044774	0.011276	0.044774	0.011276	4.311203	1.085745
20	U	0	534	516	0.000000	0	0	534	5	604	586	0.008532	0	0	604	0	0	0	nan	0	0	0	-0.008532	0.003816	-0.008532	0.003816	-0.821530	0.367435
21	A	2	535	512	0.003906	0	0	535	0	606	588	0.000000	0	0	606	0	0	0	nan	0	0	0	0.003906	0.002762	0.003906	0.002762	0.376101	0.265948
22	U	6	537	518	0.011583	0	0	537	7	608	591	0.011844	0	0	608	0	0	0	nan	0	0	0	-0.000261	0.006512	-0.000261	0.006512	-0.025131	0.627028
23	A	3	537	515	0.005825	0	0	537	0	609	585	0.000000	0	0	609	0	0	0	nan	0	0	0	0.005825	0.003363	0.005825	0.003363	0.560878	0.323817
24	A	8	537	518	0.015444	0	0	537	3	613	582	0.005155	0	0	613	0	0	0	nan	0	0	0	0.010289	0.006219	0.010289	0.006219	0.990708	0.598816
25	C	8	537	509	0.015717	0	0	537	7	613	574	0.012195	0	0	613	0	0	0	nan	0	0	0	0.003522	0.007220	0.003522	0.007220	0.339127	0.695200
26	G	11	537	503	0.021869	0	0	537	3	613	564	0.005319	0	0	613	0	0	0	nan	0	0	0	0.016550	0.007274	0.016550	0.007274	1.593568	0.700400
27	A	11	537	496	0.022177	0	0	537	4	613	550	0.007273	0	0	613	0	0	0	nan	0	0	0	0.014905	0.007612	nan	nan	nan	nan
28	G	16	537	502	0.031873	0	0	537	12	613	561	0.021390	0	0	613	0	0	0	nan	0	0	0	0.010482	0.010081	0.010482	0.010081	1.009292	0.970680
29	C	14	537	496	0.028226	0	0	537	13	613	568	0.022887	0	0	613	0	0	0	nan	0	0	0	0.005338	0.009859	nan	nan	nan	nan
30	C	6	537	463	0.012959	0	0	537	4	614	526	0.007605	0	0	614	0	0	0	nan	0	0	0	0.005354	0.006515	nan	nan	nan	nan
31	C	1	537	461	0.002169	0	0	537	1	614	528	0.001894	0	0	614	0	0	0	nan	0	0	0	0.000275	0.002880	nan	nan	nan	nan
32	C	364	536	457	0.796499	0	0	536	22	614	529	0.041588	0	0	614	0	0	0	nan	0	0	0	0.754911	0.042679	nan	nan	nan	nan
33	U	6	537	497	0.012072	0	0	537	3	617	586	0.005119	0	0	617	0	0	0	nan	0	0	0	0.006953	0.005747	nan	nan	nan	nan
34	C	15	537	495	0.030303	0	0	537	3	617	580	0.005172	0	0	617	0	0	0	nan	0	0	0	0.025131	0.008375	nan	nan	nan	nan
35	C	17	538	499	0.034068	0	0	538	4	620	574	0.006969	0	0	620	0	0	0	nan	0	0	0	0.027099	0.008967	nan	nan	nan	nan
36	U	5	537	505	0.009901	0	0	537	4	621	577	0.006932	0	0	621	0	0	0	nan	0	0	0	0.002969	0.005623	0.002969	0.005623	0.285879	0.541428
37	A	14	538	515	0.027184	0	0	538	25	621	588	0.042517	0	0	621	0	0	0	nan	0	0	0	-0.015333	0.011185	-0.015333	0.011185	-1.476385	1.076982
38	A	5	538	523	0.009560	0	0	538	0	619	598	0.000000	0	0	619	0	0	0	nan	0	0	0	0.009560	0.004275	0.009560	0.004275	0.920514	0.411632
39	G	8	539	504	0.015873	0	0	539	7	619	578	0.012111	0	0	619	0	0	0	nan	0	0	0	0.003762	0.007242	0.003762	0.007242	0.362236	0.697318
40	G	14	539	495	0.028283	0	0	539	6	619	567	0.010582	0	0	619	0	0	0	nan	0	0	0	0.017701	0.008706	nan	nan	nan	nan
41	G	12	539	497	0.024145	0	0	539	5	619	569	0.008787	0	0	619	0	0	0	nan	0	0	0	0.015358	0.008002	nan	nan	nan	nan
42	C	0	539	505	0.000000	0	0	539	2	619	583	0.003431	0	0	619	0	0	0	nan	0	0	0	-0.003431	0.002426	-0.003431	0.002426	-0.330364	0.233595
43	U	3	539	505	0.005941	0	0	539	7	620	603	0.011609	0	0	620	0	0	0	nan	0	0	0	-0.005668	0.005569	-0.005668	0.005569	-0.545761	0.536228
44	A	1	538	513	0.001949	0	0	538	0	620	605	0.000000	0	0	620	0	0	0	nan	0	0	0	0.001949	0.001949	0.001949	0.001949	0.187665	0.187665
45	A	4	537	510	0.007843	0	0	537	2	620	596	0.003356	0	0	620	0	0	0	nan	0	0	0	0.004487	0.004584	0.004487	0.004584	0.432045	0.441385
46	U	8	537	498	0.016064	0	0	537	11	621	583	0.018868	0	0	621	0	0	0	nan	0	0	0	-0.002804	0.008039	nan	nan	nan	nan
47	U	5	537	476	0.010504	0	0	537	4	621	552	0.007246	0	0	621	0	0	0	nan	0	0	0	0.003258	0.005933	nan	nan	nan	nan
48	G	12	537	473	0.025370	0	0	537	7	620	549	0.012750	0	0	620	0	0	0	nan	0	0	0	0.012620	0.008767	nan	nan	nan	nan
49	C	5	537	489	0.010225	0	0	537	1	620	553	0.001808	0	0	620	0	0	0	nan	0	0	0	0.008417	0.004917	nan	nan	nan	nan
50	A	2	537	500	0.004000	0	0	537	0	620	576	0.000000	0	0	620	0	0	0	nan	0	0	0	0.004000	0.002828	0.004000	0.002828	0.385152	0.272303
51	G	12	537	495	0.024242	0	0	537	6	620	580	0.010345	0	0	620	0	0	0	nan	0	0	0	0.013898	0.008174	nan	nan	nan	nan
52	G	13	537	488	0.026639	0	0	537	4	620	571	0.007005	0	0	620	0	0	0	nan	0	0	0	0.019634	0.008177	nan	nan	nan	nan
53	U	5	536	501	0.009980	0	0	536	10	620	577	0.017331	0	0	620	0	0	0	nan	0	0	0	-0.007351	0.007068	-0.007351	0.007068	-0.707814	0.680564
54	U	7	535	504	0.013889	0	0	535	10	620	582	0.017182	0	0	620	0	0	0	nan	0	0	0	-0.003293	0.007555	-0.003293	0.007555	-0.317077	0.727457
55	C	8	534	505	0.015842	0	0	534	4	620	586	0.006826	0	0	620	0	0	0	nan	0	0	0	0.009016	0.006559	0.009016	0.006559	0.868133	0.631554
56	G	0	534	494	0.000000	0	0	534	4	620	591	0.006768	0	0	620	0	0	0	nan	0	0	0	-0.006768	0.003384	nan	nan	nan	nan
57	A	319	534	489	0.652352	0	0	534	6	620	583	0.010292	0	0	620	0	0	0	nan	0	0	0	0.642060	0.036766	nan	nan	nan	nan
58	U	8	534	495	0.016162	0	0	534	10	620	582	0.017182	0	0	620	0	0	0	nan	0	0	0	-0.001021	0.007885	nan	nan	nan	nan
59	U	6	533	500	0.012000	0	0	533	5	620	563	0.008881	0	0	620	0	0	0	nan	0	0	0	0.003119	0.006307	0.003119	0.006307	0.300323	0.607289
60	C	0	533	493	0.000000	0	0	533	1	619	557	0.001795	0	0	619	0	0	0	nan	0	0	0	-0.001795	0.001795	nan	nan	nan	nan
61	C	5	533	486	0.010288	0	0	533	2	619	554	0.003610	0	0	619	0	0	0	nan	0	0	0	0.006678	0.005262	nan	nan	nan	nan
62	U	2	533	489	0.004090	0	0	533	3	616	552	0.005435	0	0	616	0	0	0	nan	0	0	0	-0.001345	0.004267	nan	nan	nan	nan
63	G	13	532	489	0.026585	0	0	532	6	615	555	0.010811	0	0	615	0	0	0	nan	0	0	0	0.015774	0.008593	nan	nan	nan	nan
64	C	4	530	499	0.008016	0	0	530	9	615	559	0.016100	0	0	615	0	0	0	nan	0	0	0	-0.008084	0.006698	nan	nan	nan	nan
65	A	5	530	500	0.010000	0	0	530	0	614	565	0.000000	0	0	614	0	0	0	nan	0	0	0	0.010000	0.004472	0.010000	0.004472	0.962881	0.430600
66	G	11	529	484	0.022727	0	0	529	5	608	550	0.009091	0	0	608	0	0	0	nan	0	0	0	0.013636	0.007968	nan	nan	nan	nan
67	G	11	527	467	0.023555	0	0	527	4	606	542	0.007380	0	0	606	0	0	0	nan	0	0	0	0.016175	0.008003	nan	nan	nan	nan
68	G	15	527	466	0.032189	0	0	527	6	605	535	0.011215	0	0	605	0	0	0	nan	0	0	0	0.020974	0.009489	nan	nan	nan	nan
69	G	23	527	466	0.049356	0	0	527	6	605	547	0.010969	0	0	605	0	0	0	nan	0	0	0	0.038387	0.011224	nan	nan	nan	nan
70	A	11	527	473	0.023256	0	0	527	7	605	560	0.012500	0	0	605	0	0	0	nan	0	0	0	0.010756	0.008455	nan	nan	nan	nan
71	C	7	527	469	0.014925	0	0	527	4	605	557	0.007181	0	0	605	0	0	0	nan	0	0	0	0.007744	0.006687	nan	nan	nan	nan
72	A	31	526	483	0.064182	0	0	526	9	605	553	0.016275	0	0	605	0	0	0	nan	0	0	0	0.047907	0.012740	nan	nan	nan	nan
73	C	36	525	461	0.078091	0	0	525	2	600	528	0.003788	0	0	600	0	0	0	nan	0	0	0	0.074303	0.013288	nan	nan	nan	nan
74	C	13	523	444	0.029279	0	0	523	0	599	533	0.000000	0	0	599	0	0	0	nan	0	0	0	0.029279	0.008121	nan	nan	nan	nan
75	A	0	499	0	nan	0	0	499	0	592	0	nan	0	0	592	0	0	0	nan	0	0	0	nan	nan	nan	nan	nan	nan