0.000000
0.000000
0.196005
0.850000
0.083718
0.046989
0.068186
0.000000
0.850000
0.070133
0.016582
0.002734
0.040798
0.363965
0.170192
0.666504
0.000000
0.319952
0.233303
0.850000
0.170257
0.076455
0.161201
0.775860
0.045851
0.193030
0.028635
0.021351
0.014088
0.431736
0.028023
0.033010
0.000000
0.613040
0.850000
0.850000
0.850000
0.850000
0.409773
0.065277
0.097674
0.272219
0.557301
0.151182
0.174064
0.000000
0.032638
0.059283
0.001619
0.119353
0.081071
0.310086
0.469799
0.000000
0.000000
0.073239
0.000000
0.850000
0.000000
0.012907
0.000000
0.000000
0.271629
0.037429
0.046967
0.018397
0.024435
0.503969
0.081640
0.000000
0.067639
0.000000
0.850000
0.850000
0.850000
0.000000
