0.000000
0.000000
0.345540
0.195484
0.850000
0.061901
0.789576
0.000000
0.103509
0.279040
0.000000
0.000000
0.000000
0.043457
0.108764
0.000000
0.376880
0.427466
0.000000
0.000000
0.057497
0.189206
0.100151
0.000000
0.446907
0.323811
0.259307
0.098277
0.850000
0.024478
0.000000
0.000000
0.850000
0.850000
0.850000
0.850000
0.346221
0.685702
0.024551
0.087377
0.086914
0.015719
0.106307
0.000000
0.034333
0.090515
0.646430
0.157064
0.305319
0.188768
0.399727
0.000000
0.092292
0.008370
0.000000
0.850000
0.000000
0.006910
0.000000
0.000000
0.000000
0.127159
0.008395
0.174607
0.467249
0.056426
0.150640
0.087352
0.850000
0.000000
0.000000
0.638109
0.403572
0.000000
