0.000000
0.000000
0.749773
0.040926
0.850000
0.164206
0.714172
0.000000
0.263487
0.366609
0.100341
0.354874
0.058329
0.640903
0.128869
0.591686
0.000000
0.000000
0.547582
0.622493
0.000000
0.027655
0.335007
0.085480
0.850000
0.063468
0.850000
0.112340
0.011973
0.028423
0.220442
0.496299
0.000000
0.000000
0.850000
0.000000
0.369814
0.000000
0.116711
0.000000
0.007549
0.121029
0.781931
0.087599
0.263275
0.391138
0.000000
0.056872
0.062673
0.164868
0.164126
0.147200
0.417415
0.736396
0.000000
0.004424
0.102327
0.000000
0.850000
0.175596
0.005351
0.009774
0.005934
0.000000
0.067812
0.000000
0.000000
0.003576
0.058514
0.850000
0.077454
0.087202
0.850000
0.850000
0.850000
0.676319
0.000000
