0.000000
0.000000
0.099255
0.782312
0.026125
0.850000
0.000000
0.000000
0.322943
0.270666
0.148185
0.171331
0.158941
0.192922
0.850000
0.048560
0.384737
0.326871
0.000000
0.024965
0.381099
0.000000
0.850000
0.000000
0.850000
0.270191
0.117709
0.188361
0.536876
0.199249
0.000000
0.151480
0.850000
0.850000
0.233547
0.000000
0.850000
0.000000
0.000000
0.012443
0.771873
0.000000
0.850000
0.000000
0.085890
0.572887
0.000000
0.044105
0.008278
0.218626
0.310210
0.000000
0.091716
0.441047
0.000000
0.850000
0.000000
0.000000
0.000000
0.000923
0.066249
0.389508
0.112015
0.125038
0.049984
0.841760
0.087234
0.850000
0.090819
0.007751
0.000000
0.850000
0.369077
0.000000
