Nucleotide	Sequence	Modified_mutations	Modified_read_depth	Modified_effective_depth	Modified_rate	Modified_off_target_mapped_depth	Modified_low_mapq_mapped_depth	Modified_mapped_depth	Untreated_mutations	Untreated_read_depth	Untreated_effective_depth	Untreated_rate	Untreated_off_target_mapped_depth	Untreated_low_mapq_mapped_depth	Untreated_mapped_depth	Denatured_mutations	Denatured_read_depth	Denatured_effective_depth	Denatured_rate	Denatured_off_target_mapped_depth	Denatured_low_mapq_mapped_depth	Denatured_mapped_depth	Reactivity_profile	Std_err	HQ_profile	HQ_stderr	Norm_profile	Norm_stderr
1	U	0	7285	7048	0.000000	0	22	7285	0	13808	13367	0.000000	0	58	13808	0	0	0	nan	0	0	0	0.000000	0.000000	0.000000	0.000000	0.000000	0.000000
2	G	0	7705	7216	0.000000	0	23	7705	0	14643	13756	0.000000	0	66	14643	0	0	0	nan	0	0	0	0.000000	0.000000	0.000000	0.000000	0.000000	0.000000
3	G	164	8230	7597	0.021587	0	24	8230	182	15047	13892	0.013101	0	69	15047	0	0	0	nan	0	0	0	0.008486	0.001945	0.008486	0.001945	0.201369	0.046154
4	G	230	8309	7588	0.030311	0	24	8309	164	15106	13906	0.011793	0	69	15106	0	0	0	nan	0	0	0	0.018518	0.002201	0.018518	0.002201	0.439424	0.052229
5	G	702	8374	7785	0.090173	0	24	8374	148	15162	14098	0.010498	0	69	15162	0	0	0	nan	0	0	0	0.079675	0.003511	0.079675	0.003511	1.890651	0.083314
6	U	56	8569	8126	0.006891	0	24	8569	104	15420	14658	0.007095	0	69	15420	0	0	0	nan	0	0	0	-0.000204	0.001154	-0.000204	0.001154	-0.004841	0.027384
7	A	52	8779	8425	0.006172	0	24	8779	53	15700	15104	0.003509	0	69	15700	0	0	0	nan	0	0	0	0.002663	0.000982	0.002663	0.000982	0.063192	0.023302
8	U	1561	9217	8894	0.175512	0	24	9217	2125	16329	15863	0.133960	0	69	16329	0	0	0	nan	0	0	0	0.041552	0.005308	nan	nan	nan	nan
9	C	430	9514	9097	0.047268	0	24	9514	80	16726	16050	0.004984	0	69	16726	0	0	0	nan	0	0	0	0.042284	0.002347	0.042284	0.002347	1.003380	0.055693
10	G	285	9795	9411	0.030284	0	24	9795	271	16786	16226	0.016702	0	69	16786	0	0	0	nan	0	0	0	0.013582	0.002061	0.013582	0.002061	0.322295	0.048907
11	C	119	9887	9408	0.012649	0	24	9887	134	16868	16136	0.008304	0	69	16868	0	0	0	nan	0	0	0	0.004344	0.001363	0.004344	0.001363	0.103081	0.032343
12	C	105	9948	9570	0.010972	0	24	9948	70	16967	16399	0.004269	0	69	16967	0	0	0	nan	0	0	0	0.006703	0.001186	0.006703	0.001186	0.159059	0.028143
13	A	206	10075	9533	0.021609	0	24	10075	25	17150	16274	0.001536	0	69	17150	0	0	0	nan	0	0	0	0.020073	0.001537	0.020073	0.001537	0.476323	0.036472
14	A	355	10142	9548	0.037181	0	24	10142	71	17180	16256	0.004368	0	69	17180	0	0	0	nan	0	0	0	0.032813	0.002040	0.032813	0.002040	0.778637	0.048408
15	G	219	10313	9732	0.022503	0	24	10313	144	17212	16287	0.008841	0	69	17212	0	0	0	nan	0	0	0	0.013662	0.001690	0.013662	0.001690	0.324193	0.040103
16	C	491	10356	9875	0.049722	0	24	10356	231	17268	16541	0.013965	0	69	17268	0	0	0	nan	0	0	0	0.035756	0.002425	0.035756	0.002425	0.848473	0.057544
17	G	249	10418	9923	0.025093	0	24	10418	197	17291	16573	0.011887	0	69	17291	0	0	0	nan	0	0	0	0.013206	0.001802	0.013206	0.001802	0.313372	0.042761
18	G	236	10449	9935	0.023754	0	24	10449	135	17327	16567	0.008149	0	69	17327	0	0	0	nan	0	0	0	0.015606	0.001698	0.015606	0.001698	0.370323	0.040293
19	U	415	10546	10157	0.040859	0	24	10546	371	17400	16819	0.022058	0	69	17400	0	0	0	nan	0	0	0	0.018800	0.002310	0.018800	0.002310	0.446115	0.054815
20	A	27	10636	10307	0.002620	0	24	10636	21	17451	16926	0.001241	0	69	17451	0	0	0	nan	0	0	0	0.001379	0.000572	0.001379	0.000572	0.032723	0.013573
21	A	998	10667	10318	0.096724	0	24	10667	62	17475	16917	0.003665	0	69	17475	0	0	0	nan	0	0	0	0.093059	0.003097	0.093059	0.003097	2.208247	0.073490
22	G	147	10942	10363	0.014185	0	24	10942	156	17487	16627	0.009382	0	69	17487	0	0	0	nan	0	0	0	0.004803	0.001390	0.004803	0.001390	0.113973	0.032984
23	G	1284	10954	10377	0.123735	0	24	10954	172	17494	16682	0.010311	0	69	17494	0	0	0	nan	0	0	0	0.113425	0.003541	0.113425	0.003541	2.691523	0.084026
24	C	87	11014	10193	0.008535	0	22	11014	73	17502	16282	0.004483	0	67	17502	0	0	0	nan	0	0	0	0.004052	0.001055	0.004052	0.001055	0.096152	0.025035
25	A	1706	11020	10281	0.165937	0	21	11020	175	17535	16400	0.010671	0	59	17535	0	0	0	nan	0	0	0	0.155266	0.004098	0.155266	0.004098	3.684390	0.097244
26	C	111	11048	10154	0.010932	0	20	11048	181	17543	16187	0.011182	0	52	17543	0	0	0	nan	0	0	0	-0.000250	0.001329	-0.000250	0.001329	-0.005932	0.031537
27	C	62	11053	10287	0.006027	0	15	11053	101	17548	16396	0.006160	0	34	17548	0	0	0	nan	0	0	0	-0.000133	0.000981	-0.000133	0.000981	-0.003156	0.023279
28	G	262	11057	10187	0.025719	0	10	11057	204	17554	16226	0.012572	0	22	17554	0	0	0	nan	0	0	0	0.013147	0.001816	0.013147	0.001816	0.311972	0.043093
29	G	305	11060	10135	0.030094	0	7	11060	226	17558	16131	0.014010	0	12	17558	0	0	0	nan	0	0	0	0.016083	0.001959	0.016083	0.001959	0.381642	0.046486
30	U	172	11129	10196	0.016869	0	5	11129	281	17641	16252	0.017290	0	12	17641	0	0	0	nan	0	0	0	-0.000421	0.001649	-0.000421	0.001649	-0.009990	0.039130
31	U	312	11328	10491	0.029740	0	5	11328	579	17737	16519	0.035051	0	13	17737	0	0	0	nan	0	0	0	-0.005311	0.002226	-0.005311	0.002226	-0.126028	0.052822
32	U	123	11411	10760	0.011431	0	5	11411	218	17847	16888	0.012909	0	14	17847	0	0	0	nan	0	0	0	-0.001477	0.001352	-0.001477	0.001352	-0.035049	0.032082
33	U	1767	11455	10918	0.161843	0	5	11455	2400	17909	17090	0.140433	0	16	17909	0	0	0	nan	0	0	0	0.021410	0.004800	nan	nan	nan	nan
34	U	124	11535	10926	0.011349	0	5	11535	193	17990	17117	0.011275	0	17	17990	0	0	0	nan	0	0	0	0.000074	0.001303	0.000074	0.001303	0.001756	0.030920
35	G	302	11545	10960	0.027555	0	5	11545	129	18007	17102	0.007543	0	17	18007	0	0	0	nan	0	0	0	0.020012	0.001719	0.020012	0.001719	0.474876	0.040791
36	A	160	11560	10946	0.014617	0	4	11560	213	18022	17134	0.012431	0	17	18022	0	0	0	nan	0	0	0	0.002186	0.001436	0.002186	0.001436	0.051873	0.034076
37	U	60	11565	10935	0.005487	0	4	11565	152	18028	17113	0.008882	0	17	18028	0	0	0	nan	0	0	0	-0.003395	0.001010	-0.003395	0.001010	-0.080562	0.023967
38	A	129	11566	10963	0.011767	0	4	11566	204	18037	17112	0.011921	0	17	18037	0	0	0	nan	0	0	0	-0.000155	0.001330	-0.000155	0.001330	-0.003678	0.031560
39	C	103	11560	10693	0.009632	0	4	11560	197	18033	16728	0.011777	0	17	18033	0	0	0	nan	0	0	0	-0.002144	0.001267	-0.002144	0.001267	-0.050876	0.030065
40	C	52	11557	10712	0.004854	0	4	11557	119	18034	16696	0.007127	0	17	18034	0	0	0	nan	0	0	0	-0.002273	0.000938	-0.002273	0.000938	-0.053937	0.022258
41	G	159	11556	10554	0.015065	0	4	11556	113	18031	16464	0.006863	0	17	18031	0	0	0	nan	0	0	0	0.008202	0.001358	0.008202	0.001358	0.194630	0.032225
42	G	298	11555	10796	0.027603	0	4	11555	239	18030	16869	0.014168	0	17	18030	0	0	0	nan	0	0	0	0.013435	0.001843	0.013435	0.001843	0.318806	0.043734
43	C	124	11555	10908	0.011368	0	4	11555	74	18030	17130	0.004320	0	17	18030	0	0	0	nan	0	0	0	0.007048	0.001138	0.007048	0.001138	0.167246	0.027004
44	A	115	11561	11152	0.010312	0	4	11561	92	18028	17496	0.005258	0	17	18028	0	0	0	nan	0	0	0	0.005054	0.001107	0.005054	0.001107	0.119929	0.026269
45	U	119	11563	11047	0.010772	0	4	11563	229	18030	17303	0.013235	0	17	18030	0	0	0	nan	0	0	0	-0.002463	0.001319	-0.002463	0.001319	-0.058446	0.031299
46	U	108	11567	11063	0.009762	0	4	11567	207	18037	17297	0.011967	0	17	18037	0	0	0	nan	0	0	0	-0.002205	0.001255	-0.002205	0.001255	-0.052324	0.029781
47	C	103	11569	10790	0.009546	0	4	11569	146	18034	16929	0.008624	0	17	18034	0	0	0	nan	0	0	0	0.000922	0.001181	0.000922	0.001181	0.021879	0.028025
48	C	83	11567	10639	0.007801	0	4	11567	120	18032	16708	0.007182	0	17	18032	0	0	0	nan	0	0	0	0.000619	0.001078	0.000619	0.001078	0.014689	0.025580
49	C	83	11562	10558	0.007861	0	4	11562	133	18019	16591	0.008016	0	17	18019	0	0	0	nan	0	0	0	-0.000155	0.001108	-0.000155	0.001108	-0.003678	0.026292
50	U	121	11561	10580	0.011437	0	4	11561	147	18018	16526	0.008895	0	17	18018	0	0	0	nan	0	0	0	0.002542	0.001272	0.002542	0.001272	0.060320	0.030184
51	G	184	11556	10688	0.017216	0	4	11556	180	18017	16666	0.010800	0	17	18017	0	0	0	nan	0	0	0	0.006415	0.001503	0.006415	0.001503	0.152225	0.035665
52	G	352	11554	10690	0.032928	0	4	11554	224	18013	16676	0.013432	0	17	18013	0	0	0	nan	0	0	0	0.019495	0.001971	0.019495	0.001971	0.462607	0.046771
53	U	230	11554	10873	0.021153	0	4	11554	410	18013	16962	0.024172	0	17	18013	0	0	0	nan	0	0	0	-0.003018	0.001836	-0.003018	0.001836	-0.071616	0.043567
54	U	218	11552	10935	0.019936	0	4	11552	380	18013	17113	0.022205	0	17	18013	0	0	0	nan	0	0	0	-0.002269	0.001767	-0.002269	0.001767	-0.053842	0.041930
55	C	151	11547	10894	0.013861	0	4	11547	204	18009	16976	0.012017	0	17	18009	0	0	0	nan	0	0	0	0.001844	0.001407	0.001844	0.001407	0.043757	0.033387
56	G	38	11542	10804	0.003517	0	4	11542	87	18005	17114	0.005084	0	17	18005	0	0	0	nan	0	0	0	-0.001566	0.000789	-0.001566	0.000789	-0.037160	0.018723
57	A	7092	11540	10672	0.664543	0	4	11540	41	18004	16601	0.002470	0	17	18004	0	0	0	nan	0	0	0	0.662073	0.007901	0.662073	0.007901	15.710686	0.187487
58	A	81	11539	10802	0.007499	0	4	11539	136	18002	16795	0.008098	0	17	18002	0	0	0	nan	0	0	0	-0.000599	0.001085	-0.000599	0.001085	-0.014214	0.025747
59	U	95	11535	10831	0.008771	0	4	11535	245	17998	16598	0.014761	0	17	17998	0	0	0	nan	0	0	0	-0.005990	0.001304	-0.005990	0.001304	-0.142140	0.030943
60	C	55	11530	10728	0.005127	0	4	11530	134	17996	16715	0.008017	0	17	17996	0	0	0	nan	0	0	0	-0.002890	0.000979	-0.002890	0.000979	-0.068578	0.023231
61	C	46	11521	10744	0.004281	0	4	11521	77	17991	16768	0.004592	0	17	17991	0	0	0	nan	0	0	0	-0.000311	0.000820	-0.000311	0.000820	-0.007380	0.019458
62	A	317	11511	10689	0.029657	0	4	11511	48	17972	16695	0.002875	0	15	17972	0	0	0	nan	0	0	0	0.026782	0.001717	0.026782	0.001717	0.635524	0.040744
63	G	198	11502	10556	0.018757	0	4	11502	209	17962	16487	0.012677	0	15	17962	0	0	0	nan	0	0	0	0.006080	0.001596	0.006080	0.001596	0.144276	0.037872
64	G	507	11495	10449	0.048521	0	4	11495	162	17946	16267	0.009959	0	14	17946	0	0	0	nan	0	0	0	0.038563	0.002293	0.038563	0.002293	0.915082	0.054412
65	U	73	11492	10053	0.007262	0	4	11492	105	17937	15599	0.006731	0	14	17937	0	0	0	nan	0	0	0	0.000530	0.001074	0.000530	0.001074	0.012577	0.025486
66	A	53	11487	10302	0.005145	0	4	11487	57	17924	16044	0.003553	0	14	17924	0	0	0	nan	0	0	0	0.001592	0.000849	0.001592	0.000849	0.037777	0.020146
67	C	87	11483	9808	0.008870	0	4	11483	112	17920	15401	0.007272	0	14	17920	0	0	0	nan	0	0	0	0.001598	0.001173	0.001598	0.001173	0.037920	0.027835
68	C	81	11468	10016	0.008087	0	4	11468	101	17906	15686	0.006439	0	14	17906	0	0	0	nan	0	0	0	0.001648	0.001104	0.001648	0.001104	0.039106	0.026197
69	C	87	11460	9829	0.008851	0	4	11460	107	17893	15292	0.006997	0	14	17893	0	0	0	nan	0	0	0	0.001854	0.001165	0.001854	0.001165	0.043995	0.027645
70	C	82	11449	10060	0.008151	0	4	11449	111	17875	15677	0.007080	0	13	17875	0	0	0	nan	0	0	0	0.001071	0.001123	0.001071	0.001123	0.025414	0.026648
71	A	138	11445	10195	0.013536	0	4	11445	63	17875	16009	0.003935	0	13	17875	0	0	0	nan	0	0	0	0.009601	0.001254	0.009601	0.001254	0.227827	0.029757
72	G	425	11432	10309	0.041226	0	4	11432	162	17868	16241	0.009975	0	13	17868	0	0	0	nan	0	0	0	0.031251	0.002148	0.031251	0.002148	0.741572	0.050971
73	C	458	11428	10457	0.043798	0	4	11428	150	17866	16394	0.009150	0	13	17866	0	0	0	nan	0	0	0	0.034649	0.002179	0.034649	0.002179	0.822205	0.051707
74	C	158	11415	10099	0.015645	0	4	11415	16	17853	16389	0.000976	0	13	17853	0	0	0	nan	0	0	0	0.014669	0.001268	0.014669	0.001268	0.348089	0.030089
75	A	0	10928	0	nan	0	4	10928	0	17664	0	nan	0	13	17664	0	0	0	nan	0	0	0	nan	nan	nan	nan	nan	nan