0.000000
0.000000
0.850000
0.000000
0.148543
0.850000
0.000000
0.000000
0.850000
0.352515
0.000000
0.014867
0.025164
0.850000
0.148324
0.000000
0.008920
0.000000
0.313079
0.000000
0.051236
0.080719
0.180091
0.751539
0.021846
0.850000
0.328728
0.000000
0.000000
0.816264
0.106822
0.708066
0.072581
0.850000
0.000000
0.000000
0.000000
0.850000
0.000000
0.026385
0.292547
0.236930
0.000000
0.000000
0.224191
0.000000
0.000000
0.110797
0.331545
0.000000
0.067229
0.296084
0.694357
0.000000
0.000000
0.209919
0.028482
0.850000
0.017277
0.000000
0.000000
0.000000
0.025508
0.476864
0.044945
0.005947
0.114772
0.850000
0.020125
0.039154
0.106853
0.000000
0.850000
0.850000
0.582653
0.000000
