Nucleotide	Sequence	Modified_mutations	Modified_read_depth	Modified_effective_depth	Modified_rate	Modified_off_target_mapped_depth	Modified_low_mapq_mapped_depth	Modified_mapped_depth	Untreated_mutations	Untreated_read_depth	Untreated_effective_depth	Untreated_rate	Untreated_off_target_mapped_depth	Untreated_low_mapq_mapped_depth	Untreated_mapped_depth	Denatured_mutations	Denatured_read_depth	Denatured_effective_depth	Denatured_rate	Denatured_off_target_mapped_depth	Denatured_low_mapq_mapped_depth	Denatured_mapped_depth	Reactivity_profile	Std_err	HQ_profile	HQ_stderr	Norm_profile	Norm_stderr
1	G	0	1420	1379	0.000000	0	3	1420	0	2207	2143	0.000000	0	2	2207	0	0	0	nan	0	0	0	0.000000	0.000000	0.000000	0.000000	0.000000	0.000000
2	C	0	1539	1478	0.000000	0	3	1539	0	2303	2212	0.000000	0	2	2303	0	0	0	nan	0	0	0	0.000000	0.000000	0.000000	0.000000	0.000000	0.000000
3	C	13	1569	1499	0.008672	0	3	1569	2	2330	2221	0.000900	0	2	2330	0	0	0	nan	0	0	0	0.007772	0.002488	0.007772	0.002488	0.224613	0.071904
4	G	29	1589	1520	0.019079	0	3	1589	7	2348	2245	0.003118	0	2	2348	0	0	0	nan	0	0	0	0.015961	0.003734	0.015961	0.003734	0.461278	0.107914
5	A	27	1622	1545	0.017476	0	3	1622	9	2372	2260	0.003982	0	2	2372	0	0	0	nan	0	0	0	0.013493	0.003616	0.013493	0.003616	0.389952	0.104503
6	U	5	1690	1641	0.003047	0	3	1690	12	2421	2361	0.005083	0	2	2421	0	0	0	nan	0	0	0	-0.002036	0.002002	-0.002036	0.002002	-0.058841	0.057858
7	A	11	1743	1687	0.006520	0	3	1743	6	2491	2408	0.002492	0	2	2491	0	0	0	nan	0	0	0	0.004029	0.002214	0.004029	0.002214	0.116439	0.063985
8	U	392	1862	1800	0.217778	0	3	1862	440	2572	2499	0.176070	0	2	2572	0	0	0	nan	0	0	0	0.041707	0.013836	nan	nan	nan	nan
9	A	66	2034	1947	0.033898	0	3	2034	6	2748	2645	0.002268	0	2	2748	0	0	0	nan	0	0	0	0.031630	0.004274	0.031630	0.004274	0.914117	0.123520
10	G	34	2188	2086	0.016299	0	3	2188	36	2760	2654	0.013564	0	2	2760	0	0	0	nan	0	0	0	0.002735	0.003595	0.002735	0.003595	0.079042	0.103897
11	C	17	2216	2092	0.008126	0	3	2216	18	2781	2666	0.006752	0	2	2781	0	0	0	nan	0	0	0	0.001375	0.002533	0.001375	0.002533	0.039738	0.073204
12	U	23	2272	2154	0.010678	0	3	2272	37	2919	2788	0.013271	0	2	2919	0	0	0	nan	0	0	0	-0.002593	0.003117	-0.002593	0.003117	-0.074938	0.090082
13	C	7	2304	2198	0.003185	0	3	2304	8	2944	2830	0.002827	0	2	2944	0	0	0	nan	0	0	0	0.000358	0.001565	0.000358	0.001565	0.010346	0.045229
14	A	23	2336	2236	0.010286	0	3	2336	3	2991	2881	0.001041	0	2	2991	0	0	0	nan	0	0	0	0.009245	0.002227	0.009245	0.002227	0.267183	0.064361
15	G	23	2367	2225	0.010337	0	3	2367	19	2997	2829	0.006716	0	3	2997	0	0	0	nan	0	0	0	0.003621	0.002650	0.003621	0.002650	0.104648	0.076586
16	U	72	2519	2341	0.030756	0	3	2519	111	3196	2977	0.037286	0	4	3196	0	0	0	nan	0	0	0	-0.006530	0.005066	-0.006530	0.005066	-0.188719	0.146409
17	U	5	2577	2374	0.002106	0	4	2577	5	3271	3035	0.001647	0	4	3271	0	0	0	nan	0	0	0	0.000459	0.001196	0.000459	0.001196	0.013265	0.034565
18	G	23	2597	2420	0.009504	0	4	2597	19	3315	3112	0.006105	0	4	3315	0	0	0	nan	0	0	0	0.003399	0.002427	0.003399	0.002427	0.098232	0.070141
19	G	45	2630	2464	0.018263	0	4	2630	27	3331	3143	0.008591	0	4	3331	0	0	0	nan	0	0	0	0.009672	0.003185	0.009672	0.003185	0.279524	0.092047
20	U	37	2652	2520	0.014683	0	4	2652	51	3344	3200	0.015938	0	4	3344	0	0	0	nan	0	0	0	-0.001255	0.003287	-0.001255	0.003287	-0.036270	0.094995
21	A	7	2656	2547	0.002748	0	4	2656	12	3349	3208	0.003741	0	4	3349	0	0	0	nan	0	0	0	-0.000992	0.001498	-0.000992	0.001498	-0.028669	0.043293
22	G	19	2661	2513	0.007561	0	4	2661	7	3352	3159	0.002216	0	4	3352	0	0	0	nan	0	0	0	0.005345	0.001926	0.005345	0.001926	0.154472	0.055662
23	A	14	2661	2478	0.005650	0	4	2661	7	3354	3118	0.002245	0	4	3354	0	0	0	nan	0	0	0	0.003405	0.001732	0.003405	0.001732	0.098406	0.050055
24	G	77	2663	2472	0.031149	0	4	2663	20	3353	3127	0.006396	0	4	3353	0	0	0	nan	0	0	0	0.024753	0.003827	0.024753	0.003827	0.715369	0.110601
25	C	15	2665	2528	0.005934	0	4	2665	15	3355	3201	0.004686	0	4	3355	0	0	0	nan	0	0	0	0.001248	0.001952	0.001248	0.001952	0.036068	0.056413
26	A	334	2665	2511	0.133015	0	4	2665	5	3352	3199	0.001563	0	4	3352	0	0	0	nan	0	0	0	0.131452	0.007312	0.131452	0.007312	3.799003	0.211319
27	G	46	2669	2527	0.018203	0	4	2669	41	3355	3185	0.012873	0	4	3355	0	0	0	nan	0	0	0	0.005331	0.003353	0.005331	0.003353	0.154068	0.096903
28	C	18	2669	2494	0.007217	0	4	2669	11	3355	3129	0.003516	0	4	3355	0	0	0	nan	0	0	0	0.003702	0.002004	0.003702	0.002004	0.106989	0.057916
29	G	62	2668	2511	0.024691	0	4	2668	34	3353	3150	0.010794	0	4	3353	0	0	0	nan	0	0	0	0.013898	0.003641	0.013898	0.003641	0.401656	0.105226
30	C	11	2668	2518	0.004369	0	4	2668	6	3353	3169	0.001893	0	4	3353	0	0	0	nan	0	0	0	0.002475	0.001527	0.002475	0.001527	0.071528	0.044131
31	A	28	2668	2530	0.011067	0	4	2668	20	3353	3197	0.006256	0	6	3353	0	0	0	nan	0	0	0	0.004811	0.002516	0.004811	0.002516	0.139039	0.072713
32	U	40	2667	2518	0.015886	0	4	2667	51	3352	3189	0.015992	0	8	3352	0	0	0	nan	0	0	0	-0.000107	0.003365	-0.000107	0.003365	-0.003092	0.097250
33	U	29	2666	2504	0.011581	0	6	2666	37	3352	3160	0.011709	0	11	3352	0	0	0	nan	0	0	0	-0.000127	0.002886	-0.000127	0.002886	-0.003670	0.083406
34	C	169	2665	2489	0.067899	0	6	2665	21	3351	3146	0.006675	0	12	3351	0	0	0	nan	0	0	0	0.061224	0.005422	0.061224	0.005422	1.769392	0.156697
35	G	107	2662	2459	0.043514	0	8	2662	13	3351	3115	0.004173	0	12	3351	0	0	0	nan	0	0	0	0.039340	0.004363	0.039340	0.004363	1.136938	0.126092
36	U	30	2662	2474	0.012126	0	9	2662	24	3350	3135	0.007656	0	14	3350	0	0	0	nan	0	0	0	0.004471	0.002710	0.004471	0.002710	0.129213	0.078320
37	A	78	2661	2503	0.031163	0	11	2661	116	3350	3181	0.036467	0	15	3350	0	0	0	nan	0	0	0	-0.005304	0.004890	-0.005304	0.004890	-0.153287	0.141322
38	A	59	2661	2520	0.023413	0	11	2661	18	3349	3202	0.005621	0	18	3349	0	0	0	nan	0	0	0	0.017791	0.003324	0.017791	0.003324	0.514165	0.096065
39	U	20	2661	2474	0.008084	0	11	2661	29	3348	3152	0.009201	0	18	3348	0	0	0	nan	0	0	0	-0.001116	0.002487	-0.001116	0.002487	-0.032253	0.071875
40	G	58	2661	2435	0.023819	0	13	2661	34	3348	3107	0.010943	0	18	3348	0	0	0	nan	0	0	0	0.012876	0.003647	0.012876	0.003647	0.372120	0.105399
41	C	29	2661	2430	0.011934	0	13	2661	26	3348	3113	0.008352	0	18	3348	0	0	0	nan	0	0	0	0.003582	0.002756	0.003582	0.002756	0.103521	0.079649
42	G	63	2660	2483	0.025373	0	13	2660	19	3348	3165	0.006003	0	18	3348	0	0	0	nan	0	0	0	0.019369	0.003481	0.019369	0.003481	0.559770	0.100602
43	A	36	2660	2534	0.014207	0	13	2660	8	3348	3226	0.002480	0	18	3348	0	0	0	nan	0	0	0	0.011727	0.002525	0.011727	0.002525	0.338914	0.072973
44	A	20	2659	2558	0.007819	0	13	2659	11	3343	3233	0.003402	0	19	3343	0	0	0	nan	0	0	0	0.004416	0.002027	0.004416	0.002027	0.127624	0.058581
45	G	66	2658	2451	0.026928	0	13	2658	27	3338	3144	0.008588	0	19	3338	0	0	0	nan	0	0	0	0.018340	0.003704	0.018340	0.003704	0.530032	0.107047
46	G	462	2654	2440	0.189344	0	13	2654	658	3337	3112	0.211440	0	19	3337	0	0	0	nan	0	0	0	-0.022095	0.012064	nan	nan	nan	nan
47	U	30	2654	2445	0.012270	0	14	2654	24	3337	3108	0.007722	0	19	3337	0	0	0	nan	0	0	0	0.004548	0.002739	0.004548	0.002739	0.131439	0.079158
48	C	18	2654	2450	0.007347	0	15	2654	23	3336	3087	0.007451	0	19	3336	0	0	0	nan	0	0	0	-0.000104	0.002326	-0.000104	0.002326	-0.003006	0.067222
49	G	71	2653	2446	0.029027	0	15	2653	19	3333	3098	0.006133	0	19	3333	0	0	0	nan	0	0	0	0.022894	0.003721	0.022894	0.003721	0.661644	0.107538
50	U	27	2651	2451	0.011016	0	15	2651	34	3333	3100	0.010968	0	19	3333	0	0	0	nan	0	0	0	0.000048	0.002834	0.000048	0.002834	0.001387	0.081903
51	A	22	2648	2483	0.008860	0	15	2648	12	3331	3163	0.003794	0	20	3331	0	0	0	nan	0	0	0	0.005066	0.002184	0.005066	0.002184	0.146409	0.063118
52	G	37	2646	2468	0.014992	0	15	2646	44	3331	3132	0.014049	0	20	3331	0	0	0	nan	0	0	0	0.000943	0.003250	0.000943	0.003250	0.027253	0.093926
53	G	79	2642	2454	0.032192	0	15	2642	52	3327	3111	0.016715	0	20	3327	0	0	0	nan	0	0	0	0.015477	0.004300	0.015477	0.004300	0.447290	0.124271
54	U	51	2640	2448	0.020833	0	15	2640	107	3326	3114	0.034361	0	20	3326	0	0	0	nan	0	0	0	-0.013528	0.004421	-0.013528	0.004421	-0.390963	0.127768
55	U	44	2640	2442	0.018018	0	15	2640	59	3323	3118	0.018922	0	20	3323	0	0	0	nan	0	0	0	-0.000904	0.003667	-0.000904	0.003667	-0.026126	0.105977
56	C	51	2638	2424	0.021040	0	15	2638	54	3321	3100	0.017419	0	20	3321	0	0	0	nan	0	0	0	0.003620	0.003781	0.003620	0.003781	0.104619	0.109272
57	G	4	2636	2343	0.001707	0	15	2636	10	3318	3001	0.003332	0	20	3318	0	0	0	nan	0	0	0	-0.001625	0.001356	-0.001625	0.001356	-0.046963	0.039189
58	A	1279	2634	2300	0.556087	0	15	2634	13	3316	2980	0.004362	0	20	3316	0	0	0	nan	0	0	0	0.551725	0.015596	0.551725	0.015596	15.945019	0.450729
59	C	73	2634	2345	0.031130	0	15	2634	18	3315	2987	0.006026	0	20	3315	0	0	0	nan	0	0	0	0.025104	0.003911	0.025104	0.003911	0.725513	0.113029
60	U	13	2633	2410	0.005394	0	15	2633	26	3315	3053	0.008516	0	20	3315	0	0	0	nan	0	0	0	-0.003122	0.002242	-0.003122	0.002242	-0.090227	0.064794
61	C	18	2633	2385	0.007547	0	15	2633	31	3315	3024	0.010251	0	20	3315	0	0	0	nan	0	0	0	-0.002704	0.002560	-0.002704	0.002560	-0.078146	0.073985
62	C	28	2633	2358	0.011874	0	15	2633	20	3315	3014	0.006636	0	20	3315	0	0	0	nan	0	0	0	0.005239	0.002690	0.005239	0.002690	0.151409	0.077742
63	U	18	2632	2375	0.007579	0	15	2632	17	3314	3024	0.005622	0	20	3314	0	0	0	nan	0	0	0	0.001957	0.002247	0.001957	0.002247	0.056558	0.064939
64	A	15	2631	2414	0.006214	0	15	2631	24	3314	3047	0.007877	0	20	3314	0	0	0	nan	0	0	0	-0.001663	0.002271	-0.001663	0.002271	-0.048061	0.065633
65	U	30	2629	2386	0.012573	0	15	2629	45	3312	3022	0.014891	0	20	3312	0	0	0	nan	0	0	0	-0.002317	0.003193	-0.002317	0.003193	-0.066962	0.092279
66	U	13	2623	2304	0.005642	0	15	2623	11	3309	2977	0.003695	0	20	3309	0	0	0	nan	0	0	0	0.001947	0.001921	0.001947	0.001921	0.056269	0.055517
67	A	33	2622	2303	0.014329	0	14	2622	17	3307	3002	0.005663	0	20	3307	0	0	0	nan	0	0	0	0.008666	0.002848	0.008666	0.002848	0.250450	0.082308
68	U	31	2621	2268	0.013668	0	14	2621	40	3305	2998	0.013342	0	20	3305	0	0	0	nan	0	0	0	0.000326	0.003237	0.000326	0.003237	0.009421	0.093550
69	C	25	2615	2158	0.011585	0	14	2615	30	3301	2858	0.010497	0	20	3301	0	0	0	nan	0	0	0	0.001088	0.003007	0.001088	0.003007	0.031444	0.086903
70	G	65	2613	2073	0.031356	0	14	2613	28	3300	2734	0.010241	0	20	3300	0	0	0	nan	0	0	0	0.021114	0.004344	0.021114	0.004344	0.610201	0.125543
71	G	112	2610	2098	0.053384	0	14	2610	39	3299	2746	0.014202	0	20	3299	0	0	0	nan	0	0	0	0.039182	0.005533	0.039182	0.005533	1.132372	0.159905
72	C	33	2610	2127	0.015515	0	14	2610	46	3298	2752	0.016715	0	20	3298	0	0	0	nan	0	0	0	-0.001200	0.003656	-0.001200	0.003656	-0.034680	0.105660
73	A	138	2605	2262	0.061008	0	14	2605	26	3296	2905	0.008950	0	20	3296	0	0	0	nan	0	0	0	0.052058	0.005482	0.052058	0.005482	1.504492	0.158431
74	C	124	2598	2245	0.055234	0	14	2598	17	3292	2889	0.005884	0	20	3292	0	0	0	nan	0	0	0	0.049349	0.005161	0.049349	0.005161	1.426201	0.149154
75	C	75	2595	2237	0.033527	0	14	2595	2	3283	2973	0.000673	0	20	3283	0	0	0	nan	0	0	0	0.032854	0.003900	0.032854	0.003900	0.949491	0.112711
76	A	0	2480	0	nan	0	13	2480	0	3234	0	nan	0	20	3234	0	0	0	nan	0	0	0	nan	nan	nan	nan	nan	nan