Nucleotide	Sequence	Modified_mutations	Modified_read_depth	Modified_effective_depth	Modified_rate	Modified_off_target_mapped_depth	Modified_low_mapq_mapped_depth	Modified_mapped_depth	Untreated_mutations	Untreated_read_depth	Untreated_effective_depth	Untreated_rate	Untreated_off_target_mapped_depth	Untreated_low_mapq_mapped_depth	Untreated_mapped_depth	Denatured_mutations	Denatured_read_depth	Denatured_effective_depth	Denatured_rate	Denatured_off_target_mapped_depth	Denatured_low_mapq_mapped_depth	Denatured_mapped_depth	Reactivity_profile	Std_err	HQ_profile	HQ_stderr	Norm_profile	Norm_stderr
1	G	0	1122	1072	0.000000	0	41	1122	0	1861	1777	0.000000	0	12	1861	0	0	0	nan	0	0	0	0.000000	0.000000	0.000000	0.000000	0.000000	0.000000
2	G	0	1171	1108	0.000000	0	41	1171	0	1891	1787	0.000000	0	12	1891	0	0	0	nan	0	0	0	0.000000	0.000000	0.000000	0.000000	0.000000	0.000000
3	U	24	1229	1158	0.020725	0	45	1229	19	1911	1794	0.010591	0	12	1911	0	0	0	nan	0	0	0	0.010135	0.004879	0.010135	0.004879	0.299067	0.143971
4	G	21	1239	1158	0.018135	0	45	1239	10	1916	1806	0.005537	0	12	1916	0	0	0	nan	0	0	0	0.012598	0.004327	0.012598	0.004327	0.371746	0.127682
5	G	53	1254	1166	0.045455	0	46	1254	34	1926	1794	0.018952	0	12	1926	0	0	0	nan	0	0	0	0.026502	0.007039	0.026502	0.007039	0.782029	0.207709
6	G	20	1260	1169	0.017109	0	46	1260	14	1934	1801	0.007773	0	12	1934	0	0	0	nan	0	0	0	0.009335	0.004353	0.009335	0.004353	0.275460	0.128450
7	G	37	1273	1166	0.031732	0	47	1273	34	1950	1806	0.018826	0	12	1950	0	0	0	nan	0	0	0	0.012906	0.006135	0.012906	0.006135	0.380834	0.181034
8	U	310	1346	1242	0.249597	0	52	1346	322	2035	1896	0.169831	0	12	2035	0	0	0	nan	0	0	0	0.079766	0.017045	nan	nan	nan	nan
9	U	106	1502	1421	0.074595	0	61	1502	102	2177	2068	0.049323	0	15	2177	0	0	0	nan	0	0	0	0.025272	0.008738	0.025272	0.008738	0.745734	0.257844
10	C	18	1642	1573	0.011443	0	63	1642	20	2274	2187	0.009145	0	16	2274	0	0	0	nan	0	0	0	0.002298	0.003385	0.002298	0.003385	0.067810	0.099886
11	C	22	1686	1619	0.013589	0	64	1686	15	2313	2222	0.006751	0	16	2313	0	0	0	nan	0	0	0	0.006838	0.003381	0.006838	0.003381	0.201778	0.099768
12	C	35	1735	1654	0.021161	0	65	1735	20	2393	2297	0.008707	0	17	2393	0	0	0	nan	0	0	0	0.012454	0.004072	0.012454	0.004072	0.367497	0.120158
13	G	32	1748	1555	0.020579	0	66	1748	12	2412	2142	0.005602	0	17	2412	0	0	0	nan	0	0	0	0.014977	0.003981	0.014977	0.003981	0.441946	0.117473
14	A	52	1765	1573	0.033058	0	67	1765	19	2420	2133	0.008908	0	17	2420	0	0	0	nan	0	0	0	0.024150	0.005019	0.024150	0.005019	0.712626	0.148102
15	G	49	1810	1629	0.030080	0	69	1810	17	2434	2159	0.007874	0	17	2434	0	0	0	nan	0	0	0	0.022206	0.004702	0.022206	0.004702	0.655262	0.138748
16	C	85	1854	1762	0.048241	0	70	1854	60	2460	2338	0.025663	0	19	2460	0	0	0	nan	0	0	0	0.022578	0.006193	0.022578	0.006193	0.666239	0.182745
17	G	82	1874	1766	0.046433	0	70	1874	70	2473	2353	0.029749	0	19	2473	0	0	0	nan	0	0	0	0.016683	0.006240	0.016683	0.006240	0.492287	0.184132
18	G	69	1899	1796	0.038419	0	70	1899	41	2485	2378	0.017241	0	19	2485	0	0	0	nan	0	0	0	0.021177	0.005352	0.021177	0.005352	0.624898	0.157929
19	C	115	1960	1871	0.061464	0	71	1960	23	2494	2418	0.009512	0	20	2494	0	0	0	nan	0	0	0	0.051952	0.006065	0.051952	0.006065	1.533016	0.178968
20	C	24	2050	1998	0.012012	0	73	2050	14	2531	2473	0.005661	0	20	2531	0	0	0	nan	0	0	0	0.006351	0.002881	0.006351	0.002881	0.187407	0.085013
21	A	55	2175	2099	0.026203	0	76	2175	5	2575	2490	0.002008	0	20	2575	0	0	0	nan	0	0	0	0.024195	0.003646	0.024195	0.003646	0.713954	0.107587
22	A	26	2261	2179	0.011932	0	78	2261	12	2591	2483	0.004833	0	20	2591	0	0	0	nan	0	0	0	0.007099	0.002724	0.007099	0.002724	0.209480	0.080381
23	A	249	2306	2182	0.114115	0	78	2306	18	2606	2470	0.007287	0	21	2606	0	0	0	nan	0	0	0	0.106828	0.007433	0.106828	0.007433	3.152315	0.219335
24	G	60	2384	2222	0.027003	0	81	2384	49	2611	2432	0.020148	0	21	2611	0	0	0	nan	0	0	0	0.006855	0.004521	0.006855	0.004521	0.202280	0.133407
25	G	77	2411	2216	0.034747	0	83	2411	43	2618	2423	0.017747	0	20	2618	0	0	0	nan	0	0	0	0.017001	0.004796	0.017001	0.004796	0.501671	0.141522
26	G	73	2422	2226	0.032794	0	85	2422	20	2624	2426	0.008244	0	20	2624	0	0	0	nan	0	0	0	0.024550	0.004258	0.024550	0.004258	0.724429	0.125646
27	A	307	2428	2278	0.134767	0	85	2428	11	2629	2468	0.004457	0	19	2629	0	0	0	nan	0	0	0	0.130310	0.007808	0.130310	0.007808	3.845229	0.230401
28	G	51	2441	2322	0.021964	0	85	2441	21	2634	2503	0.008390	0	19	2634	0	0	0	nan	0	0	0	0.013574	0.003579	0.013574	0.003579	0.400546	0.105610
29	C	15	2448	2337	0.006418	0	86	2448	12	2640	2526	0.004751	0	19	2640	0	0	0	nan	0	0	0	0.001668	0.002151	0.001668	0.002151	0.049220	0.063472
30	A	18	2450	2346	0.007673	0	86	2450	9	2645	2548	0.003532	0	19	2645	0	0	0	nan	0	0	0	0.004140	0.002158	0.004140	0.002158	0.122164	0.063679
31	G	87	2457	2318	0.037532	0	86	2457	8	2648	2513	0.003183	0	19	2648	0	0	0	nan	0	0	0	0.034349	0.004178	0.034349	0.004178	1.013581	0.123286
32	A	30	2463	2314	0.012965	0	86	2463	25	2649	2511	0.009956	0	20	2649	0	0	0	nan	0	0	0	0.003008	0.003093	0.003008	0.003093	0.088761	0.091269
33	C	56	2463	2313	0.024211	0	86	2463	20	2650	2510	0.007968	0	20	2650	0	0	0	nan	0	0	0	0.016243	0.003693	0.016243	0.003693	0.479304	0.108974
34	U	24	2469	2316	0.010363	0	86	2469	21	2655	2519	0.008337	0	20	2655	0	0	0	nan	0	0	0	0.002026	0.002790	0.002026	0.002790	0.059784	0.082328
35	G	75	2470	2293	0.032708	0	86	2470	86	2660	2500	0.034400	0	20	2660	0	0	0	nan	0	0	0	-0.001692	0.005294	-0.001692	0.005294	-0.049928	0.156217
36	U	29	2494	2329	0.012452	0	86	2494	29	2709	2559	0.011333	0	20	2709	0	0	0	nan	0	0	0	0.001119	0.003126	0.001119	0.003126	0.033020	0.092243
37	A	40	2500	2382	0.016793	0	86	2500	7	2722	2615	0.002677	0	20	2722	0	0	0	nan	0	0	0	0.014116	0.002841	0.014116	0.002841	0.416539	0.083833
38	A	297	2520	2422	0.122626	0	86	2520	323	2726	2635	0.122581	0	20	2726	0	0	0	nan	0	0	0	0.000045	0.009856	nan	nan	nan	nan
39	A	153	2551	2447	0.062526	0	85	2551	6	2778	2673	0.002245	0	20	2778	0	0	0	nan	0	0	0	0.060281	0.005137	0.060281	0.005137	1.778791	0.151584
40	U	28	2573	2460	0.011382	0	85	2573	41	2790	2671	0.015350	0	20	2790	0	0	0	nan	0	0	0	-0.003968	0.003221	-0.003968	0.003221	-0.117089	0.095046
41	C	17	2576	2458	0.006916	0	85	2576	17	2792	2672	0.006362	0	21	2792	0	0	0	nan	0	0	0	0.000554	0.002279	0.000554	0.002279	0.016348	0.067249
42	U	17	2581	2437	0.006976	0	84	2581	14	2812	2654	0.005275	0	22	2812	0	0	0	nan	0	0	0	0.001701	0.002202	0.001701	0.002202	0.050194	0.064977
43	G	81	2582	2434	0.033279	0	84	2582	49	2818	2651	0.018484	0	22	2818	0	0	0	nan	0	0	0	0.014795	0.004544	0.014795	0.004544	0.436576	0.134086
44	C	23	2583	2426	0.009481	0	84	2583	25	2820	2660	0.009398	0	22	2820	0	0	0	nan	0	0	0	0.000082	0.002728	0.000082	0.002728	0.002420	0.080499
45	C	24	2583	2433	0.009864	0	84	2583	18	2821	2659	0.006769	0	22	2821	0	0	0	nan	0	0	0	0.003095	0.002569	0.003095	0.002569	0.091328	0.075807
46	G	34	2584	2385	0.014256	0	85	2584	18	2822	2615	0.006883	0	22	2822	0	0	0	nan	0	0	0	0.007372	0.002934	0.007372	0.002934	0.217535	0.086577
47	U	53	2590	2396	0.022120	0	85	2590	48	2826	2623	0.018300	0	22	2826	0	0	0	nan	0	0	0	0.003821	0.004026	0.003821	0.004026	0.112751	0.118800
48	C	36	2592	2408	0.014950	0	85	2592	12	2827	2642	0.004542	0	22	2827	0	0	0	nan	0	0	0	0.010408	0.002816	0.010408	0.002816	0.307123	0.083095
49	A	129	2598	2465	0.052333	0	86	2598	18	2835	2731	0.006591	0	20	2835	0	0	0	nan	0	0	0	0.045742	0.004862	0.045742	0.004862	1.349769	0.143469
50	C	73	2600	2483	0.029400	0	85	2600	7	2836	2720	0.002574	0	20	2836	0	0	0	nan	0	0	0	0.026826	0.003576	0.026826	0.003576	0.791590	0.105522
51	A	90	2601	2482	0.036261	0	85	2601	11	2836	2705	0.004067	0	20	2836	0	0	0	nan	0	0	0	0.032195	0.004014	0.032195	0.004014	0.950020	0.118446
52	G	78	2600	2356	0.033107	0	85	2600	13	2835	2559	0.005080	0	21	2835	0	0	0	nan	0	0	0	0.028027	0.004005	0.028027	0.004005	0.827030	0.118181
53	A	53	2599	2341	0.022640	0	86	2599	15	2835	2566	0.005846	0	21	2835	0	0	0	nan	0	0	0	0.016794	0.003457	0.016794	0.003457	0.495563	0.102010
54	C	48	2599	2345	0.020469	0	86	2599	25	2835	2574	0.009713	0	21	2835	0	0	0	nan	0	0	0	0.010757	0.003536	0.010757	0.003536	0.317421	0.104341
55	U	22	2599	2440	0.009016	0	86	2599	35	2835	2691	0.013006	0	23	2835	0	0	0	nan	0	0	0	-0.003990	0.002920	-0.003990	0.002920	-0.117738	0.086164
56	U	28	2599	2436	0.011494	0	93	2599	26	2835	2679	0.009705	0	30	2835	0	0	0	nan	0	0	0	0.001789	0.002888	0.001789	0.002888	0.052790	0.085220
57	C	57	2599	2405	0.023701	0	93	2599	29	2835	2638	0.010993	0	31	2835	0	0	0	nan	0	0	0	0.012707	0.003745	0.012707	0.003745	0.374962	0.110509
58	G	39	2598	2424	0.016089	0	95	2598	12	2835	2677	0.004483	0	31	2835	0	0	0	nan	0	0	0	0.011606	0.002883	0.011606	0.002883	0.342474	0.085072
59	A	33	2595	2415	0.013665	0	95	2595	12	2835	2657	0.004516	0	31	2835	0	0	0	nan	0	0	0	0.009148	0.002713	0.009148	0.002713	0.269942	0.080056
60	A	18	2594	2448	0.007353	0	95	2594	11	2831	2684	0.004098	0	31	2831	0	0	0	nan	0	0	0	0.003255	0.002129	0.003255	0.002129	0.096050	0.062823
61	G	38	2592	2377	0.015987	0	95	2592	36	2830	2588	0.013910	0	31	2830	0	0	0	nan	0	0	0	0.002076	0.003479	0.002076	0.003479	0.061259	0.102659
62	G	98	2589	2354	0.041631	0	95	2589	23	2828	2556	0.008998	0	31	2828	0	0	0	nan	0	0	0	0.032633	0.004605	0.032633	0.004605	0.962945	0.135886
63	U	49	2587	2350	0.020851	0	95	2587	117	2824	2571	0.045508	0	31	2824	0	0	0	nan	0	0	0	-0.024657	0.005155	-0.024657	0.005155	-0.727587	0.152115
64	U	34	2586	2381	0.014280	0	95	2586	52	2823	2607	0.019946	0	31	2823	0	0	0	nan	0	0	0	-0.005667	0.003694	-0.005667	0.003694	-0.167224	0.109004
65	C	46	2586	2369	0.019417	0	95	2586	50	2820	2590	0.019305	0	31	2820	0	0	0	nan	0	0	0	0.000112	0.003956	0.000112	0.003956	0.003305	0.116735
66	G	15	2584	2318	0.006471	0	94	2584	8	2816	2530	0.003162	0	31	2816	0	0	0	nan	0	0	0	0.003309	0.002010	0.003309	0.002010	0.097643	0.059312
67	A	1319	2577	2221	0.593877	0	94	2577	1	2814	2315	0.000432	0	31	2814	0	0	0	nan	0	0	0	0.593445	0.016358	0.593445	0.016358	17.511564	0.482697
68	A	39	2576	2231	0.017481	0	94	2576	30	2813	2357	0.012728	0	31	2813	0	0	0	nan	0	0	0	0.004753	0.003638	0.004753	0.003638	0.140253	0.107351
69	U	10	2574	2226	0.004492	0	94	2574	31	2813	2372	0.013069	0	31	2813	0	0	0	nan	0	0	0	-0.008577	0.002744	-0.008577	0.002744	-0.253093	0.080971
70	C	13	2570	2233	0.005822	0	94	2570	29	2807	2452	0.011827	0	31	2807	0	0	0	nan	0	0	0	-0.006005	0.002726	-0.006005	0.002726	-0.177197	0.080440
71	C	33	2564	2237	0.014752	0	94	2564	50	2804	2441	0.020483	0	31	2804	0	0	0	nan	0	0	0	-0.005732	0.003871	-0.005732	0.003871	-0.169142	0.114227
72	U	29	2561	2237	0.012964	0	94	2561	31	2800	2444	0.012684	0	31	2800	0	0	0	nan	0	0	0	0.000280	0.003314	0.000280	0.003314	0.008262	0.097791
73	U	32	2560	2314	0.013829	0	94	2560	33	2795	2530	0.013043	0	31	2795	0	0	0	nan	0	0	0	0.000785	0.003336	0.000785	0.003336	0.023164	0.098440
74	C	33	2556	2253	0.014647	0	94	2556	46	2792	2451	0.018768	0	31	2792	0	0	0	nan	0	0	0	-0.004121	0.003763	-0.004121	0.003763	-0.121604	0.111040
75	C	30	2553	2198	0.013649	0	94	2553	39	2789	2383	0.016366	0	31	2789	0	0	0	nan	0	0	0	-0.002717	0.003616	-0.002717	0.003616	-0.080174	0.106702
76	C	27	2547	2124	0.012712	0	94	2547	23	2788	2286	0.010061	0	31	2788	0	0	0	nan	0	0	0	0.002651	0.003223	0.002651	0.003223	0.078227	0.095105
77	C	23	2545	2116	0.010870	0	94	2545	22	2787	2264	0.009717	0	31	2787	0	0	0	nan	0	0	0	0.001152	0.003071	0.001152	0.003071	0.033994	0.090620
78	C	19	2539	1811	0.010491	0	93	2539	17	2783	1993	0.008530	0	31	2783	0	0	0	nan	0	0	0	0.001962	0.003174	0.001962	0.003174	0.057895	0.093659
79	A	17	2538	1879	0.009047	0	93	2538	14	2781	2099	0.006670	0	31	2781	0	0	0	nan	0	0	0	0.002378	0.002827	0.002378	0.002827	0.070171	0.083420
80	C	27	2537	1849	0.014602	0	93	2537	19	2781	2077	0.009148	0	31	2781	0	0	0	nan	0	0	0	0.005455	0.003507	0.005455	0.003507	0.160968	0.103486
81	C	97	2535	1882	0.051541	0	93	2535	88	2780	2045	0.043032	0	31	2780	0	0	0	nan	0	0	0	0.008509	0.006959	0.008509	0.006959	0.251086	0.205348
82	A	65	2526	1870	0.034759	0	93	2526	13	2774	2039	0.006376	0	31	2774	0	0	0	nan	0	0	0	0.028384	0.004660	0.028384	0.004660	0.837564	0.137509
83	C	97	2521	1939	0.050026	0	93	2521	15	2764	2121	0.007072	0	31	2764	0	0	0	nan	0	0	0	0.042954	0.005398	0.042954	0.005398	1.267500	0.159286
84	C	46	2513	2128	0.021617	0	93	2513	1	2754	2473	0.000404	0	31	2754	0	0	0	nan	0	0	0	0.021212	0.003213	0.021212	0.003213	0.625930	0.094810
85	A	0	2381	0	nan	0	87	2381	0	2710	0	nan	0	30	2710	0	0	0	nan	0	0	0	nan	nan	nan	nan	nan	nan