Nucleotide	Sequence	Modified_mutations	Modified_read_depth	Modified_effective_depth	Modified_rate	Modified_off_target_mapped_depth	Modified_low_mapq_mapped_depth	Modified_mapped_depth	Untreated_mutations	Untreated_read_depth	Untreated_effective_depth	Untreated_rate	Untreated_off_target_mapped_depth	Untreated_low_mapq_mapped_depth	Untreated_mapped_depth	Denatured_mutations	Denatured_read_depth	Denatured_effective_depth	Denatured_rate	Denatured_off_target_mapped_depth	Denatured_low_mapq_mapped_depth	Denatured_mapped_depth	Reactivity_profile	Std_err	HQ_profile	HQ_stderr	Norm_profile	Norm_stderr
1	G	0	327	322	0.000000	0	0	327	0	690	675	0.000000	0	0	690	0	0	0	nan	0	0	0	0.000000	0.000000	nan	nan	nan	nan
2	C	0	355	342	0.000000	0	0	355	0	710	685	0.000000	0	0	710	0	0	0	nan	0	0	0	0.000000	0.000000	nan	nan	nan	nan
3	G	6	361	346	0.017341	0	0	361	5	723	696	0.007184	0	0	723	0	0	0	nan	0	0	0	0.010157	0.007774	nan	nan	nan	nan
4	G	7	365	347	0.020173	0	0	365	18	726	691	0.026049	0	0	726	0	0	0	nan	0	0	0	-0.005876	0.009789	nan	nan	nan	nan
5	G	17	366	346	0.049133	0	0	366	3	728	693	0.004329	0	0	728	0	0	0	nan	0	0	0	0.044804	0.012176	nan	nan	nan	nan
6	A	4	371	356	0.011236	0	0	371	7	730	704	0.009943	0	0	730	0	0	0	nan	0	0	0	0.001293	0.006759	nan	nan	nan	nan
7	G	12	373	355	0.033803	0	0	373	6	732	688	0.008721	0	0	732	0	0	0	nan	0	0	0	0.025082	0.010387	nan	nan	nan	nan
8	U	111	385	364	0.304945	0	0	385	133	745	687	0.193595	0	0	745	0	0	0	nan	0	0	0	0.111350	0.033460	nan	nan	nan	nan
9	G	14	395	377	0.037135	0	0	395	7	772	709	0.009873	0	0	772	0	0	0	nan	0	0	0	0.027262	0.010603	nan	nan	nan	nan
10	G	15	404	388	0.038660	0	0	404	17	779	733	0.023192	0	0	779	0	0	0	nan	0	0	0	0.015467	0.011458	nan	nan	nan	nan
11	C	10	414	396	0.025253	0	0	414	10	791	758	0.013193	0	0	791	0	0	0	nan	0	0	0	0.012060	0.009010	nan	nan	nan	nan
12	G	10	415	401	0.024938	0	0	415	4	793	770	0.005195	0	0	793	0	0	0	nan	0	0	0	0.019743	0.008303	nan	nan	nan	nan
13	A	5	433	414	0.012077	0	0	433	2	828	790	0.002532	0	0	828	0	0	0	nan	0	0	0	0.009546	0.005690	nan	nan	nan	nan
14	A	1	449	431	0.002320	0	0	449	2	842	793	0.002522	0	0	842	0	0	0	nan	0	0	0	-0.000202	0.002926	nan	nan	nan	nan
15	A	68	471	454	0.149780	0	0	471	179	852	802	0.223192	0	0	852	0	0	0	nan	0	0	0	-0.073412	0.024662	nan	nan	nan	nan
16	U	21	1291	1243	0.016895	0	0	1291	67	2130	2040	0.032843	0	0	2130	0	0	0	nan	0	0	0	-0.015949	0.005449	-0.015949	0.005449	-0.352534	0.120444
17	U	5	1515	1441	0.003470	0	0	1515	12	2419	2304	0.005208	0	0	2419	0	0	0	nan	0	0	0	-0.001739	0.002161	-0.001739	0.002161	-0.038439	0.047766
18	G	24	1590	1507	0.015926	0	0	1590	48	2565	2446	0.019624	0	0	2565	0	0	0	nan	0	0	0	-0.003698	0.004312	-0.003698	0.004312	-0.081740	0.095312
19	G	78	1656	1583	0.049274	0	0	1656	35	2607	2503	0.013983	0	0	2607	0	0	0	nan	0	0	0	0.035290	0.006059	0.035290	0.006059	0.780045	0.133927
20	U	27	1743	1688	0.015995	0	0	1743	52	2641	2564	0.020281	0	0	2641	0	0	0	nan	0	0	0	-0.004286	0.004170	-0.004286	0.004170	-0.094737	0.092173
21	A	11	1756	1698	0.006478	0	0	1756	12	2652	2585	0.004642	0	0	2652	0	0	0	nan	0	0	0	0.001836	0.002369	0.001836	0.002369	0.040583	0.052364
22	G	27	1793	1610	0.016770	0	0	1793	10	2658	2347	0.004261	0	0	2658	0	0	0	nan	0	0	0	0.012509	0.003497	0.012509	0.003497	0.276497	0.077297
23	A	244	1808	1625	0.150154	0	0	1808	14	2674	2350	0.005957	0	0	2674	0	0	0	nan	0	0	0	0.144196	0.009744	0.144196	0.009744	3.187286	0.215380
24	C	15	1822	1637	0.009163	0	0	1822	14	2680	2346	0.005968	0	0	2680	0	0	0	nan	0	0	0	0.003195	0.002853	0.003195	0.002853	0.070622	0.063062
25	G	47	1825	1764	0.026644	0	0	1825	24	2683	2592	0.009259	0	0	2683	0	0	0	nan	0	0	0	0.017385	0.004322	0.017385	0.004322	0.384275	0.095533
26	C	6	1829	1509	0.003976	0	0	1829	10	2684	2191	0.004564	0	0	2684	0	0	0	nan	0	0	0	-0.000588	0.002172	-0.000588	0.002172	-0.012997	0.048010
27	A	114	1830	1514	0.075297	0	0	1830	20	2692	2212	0.009042	0	0	2692	0	0	0	nan	0	0	0	0.066256	0.007336	0.066256	0.007336	1.464512	0.162154
28	C	17	1835	1490	0.011409	0	0	1835	31	2699	2175	0.014253	0	0	2699	0	0	0	nan	0	0	0	-0.002843	0.003770	-0.002843	0.003770	-0.062841	0.083331
29	C	2	1836	1720	0.001163	0	0	1836	8	2701	2543	0.003146	0	0	2701	0	0	0	nan	0	0	0	-0.001983	0.001383	-0.001983	0.001383	-0.043832	0.030570
30	A	7	1838	1718	0.004075	0	0	1838	12	2703	2516	0.004769	0	0	2703	0	0	0	nan	0	0	0	-0.000695	0.002066	-0.000695	0.002066	-0.015362	0.045667
31	G	54	1841	1778	0.030371	0	0	1841	10	2703	2607	0.003836	0	0	2703	0	0	0	nan	0	0	0	0.026535	0.004307	0.026535	0.004307	0.586525	0.095201
32	A	39	1841	1757	0.022197	0	0	1841	48	2704	2560	0.018750	0	0	2704	0	0	0	nan	0	0	0	0.003447	0.004467	0.003447	0.004467	0.076192	0.098738
33	U	53	1852	1770	0.029944	0	0	1852	91	2730	2593	0.035094	0	0	2730	0	0	0	nan	0	0	0	-0.005151	0.005518	-0.005151	0.005518	-0.113857	0.121969
34	U	26	1863	1762	0.014756	0	0	1863	51	2758	2608	0.019555	0	0	2758	0	0	0	nan	0	0	0	-0.004799	0.003984	-0.004799	0.003984	-0.106076	0.088062
35	U	100	1909	1834	0.054526	0	0	1909	125	2891	2785	0.044883	0	0	2891	0	0	0	nan	0	0	0	0.009642	0.006771	0.009642	0.006771	0.213125	0.149665
36	A	49	1927	1859	0.026358	0	0	1927	84	2929	2821	0.029777	0	0	2929	0	0	0	nan	0	0	0	-0.003418	0.004973	-0.003418	0.004973	-0.075551	0.109922
37	G	42	1929	1850	0.022703	0	0	1929	9	2939	2816	0.003196	0	0	2939	0	0	0	nan	0	0	0	0.019507	0.003662	0.019507	0.003662	0.431180	0.080944
38	G	733	1929	1819	0.402969	0	0	1929	1169	2941	2765	0.422785	0	0	2941	0	0	0	nan	0	0	0	-0.019816	0.019350	nan	nan	nan	nan
39	U	22	1944	1847	0.011911	0	0	1944	44	2954	2803	0.015697	0	0	2954	0	0	0	nan	0	0	0	-0.003786	0.003471	-0.003786	0.003471	-0.083685	0.076722
40	U	20	1945	1855	0.010782	0	0	1945	39	2960	2823	0.013815	0	0	2960	0	0	0	nan	0	0	0	-0.003033	0.003272	-0.003033	0.003272	-0.067041	0.072324
41	C	10	1947	1871	0.005345	0	0	1947	19	2963	2840	0.006690	0	0	2963	0	0	0	nan	0	0	0	-0.001345	0.002283	-0.001345	0.002283	-0.029730	0.050463
42	U	8	1948	1834	0.004362	0	0	1948	20	2964	2794	0.007158	0	0	2964	0	0	0	nan	0	0	0	-0.002796	0.002223	-0.002796	0.002223	-0.061802	0.049137
43	G	28	1948	1816	0.015419	0	0	1948	22	2964	2764	0.007959	0	0	2964	0	0	0	nan	0	0	0	0.007459	0.003372	0.007459	0.003372	0.164873	0.074534
44	G	58	1948	1803	0.032169	0	0	1948	22	2965	2751	0.007997	0	0	2965	0	0	0	nan	0	0	0	0.024172	0.004555	0.024172	0.004555	0.534294	0.100683
45	C	15	1948	1820	0.008242	0	0	1948	21	2966	2758	0.007614	0	0	2966	0	0	0	nan	0	0	0	0.000628	0.002700	0.000628	0.002700	0.013881	0.059680
46	G	64	1948	1838	0.034820	0	0	1948	44	2966	2800	0.015714	0	0	2966	0	0	0	nan	0	0	0	0.019106	0.004956	0.019106	0.004956	0.422316	0.109547
47	C	15	1948	1847	0.008121	0	0	1948	29	2965	2832	0.010240	0	0	2965	0	0	0	nan	0	0	0	-0.002119	0.002831	-0.002119	0.002831	-0.046838	0.062576
48	C	16	1949	1840	0.008696	0	0	1949	12	2965	2834	0.004234	0	1	2965	0	0	0	nan	0	0	0	0.004461	0.002494	0.004461	0.002494	0.098605	0.055127
49	G	52	1950	1854	0.028047	0	0	1950	42	2965	2836	0.014810	0	1	2965	0	0	0	nan	0	0	0	0.013238	0.004511	0.013238	0.004511	0.292611	0.099710
50	C	130	1950	1857	0.070005	0	0	1950	23	2965	2829	0.008130	0	1	2965	0	0	0	nan	0	0	0	0.061875	0.006370	0.061875	0.006370	1.367675	0.140801
51	A	76	1952	1900	0.040000	0	0	1952	10	2966	2883	0.003469	0	1	2966	0	0	0	nan	0	0	0	0.036531	0.004718	0.036531	0.004718	0.807476	0.104286
52	A	35	1952	1878	0.018637	0	0	1952	12	2964	2859	0.004197	0	1	2964	0	0	0	nan	0	0	0	0.014440	0.003375	0.014440	0.003375	0.319180	0.074600
53	G	51	1951	1827	0.027915	0	0	1951	37	2960	2811	0.013163	0	1	2960	0	0	0	nan	0	0	0	0.014752	0.004468	0.014752	0.004468	0.326076	0.098760
54	G	226	1950	1815	0.124518	0	0	1950	45	2958	2764	0.016281	0	1	2958	0	0	0	nan	0	0	0	0.108237	0.008631	0.108237	0.008631	2.392454	0.190778
55	U	27	1951	1810	0.014917	0	0	1951	42	2957	2764	0.015195	0	1	2957	0	0	0	nan	0	0	0	-0.000278	0.003707	-0.000278	0.003707	-0.006145	0.081939
56	G	73	1948	1812	0.040287	0	0	1948	27	2957	2729	0.009894	0	1	2957	0	0	0	nan	0	0	0	0.030393	0.005085	0.030393	0.005085	0.671802	0.112398
57	U	29	1949	1819	0.015943	0	0	1949	47	2959	2739	0.017160	0	1	2959	0	0	0	nan	0	0	0	-0.001217	0.003877	-0.001217	0.003877	-0.026900	0.085697
58	G	56	1949	1811	0.030922	0	0	1949	30	2958	2745	0.010929	0	1	2958	0	0	0	nan	0	0	0	0.019993	0.004589	0.019993	0.004589	0.441922	0.101435
59	C	39	1949	1833	0.021277	0	0	1949	32	2957	2787	0.011482	0	1	2957	0	0	0	nan	0	0	0	0.009795	0.003966	0.009795	0.003966	0.216507	0.087664
60	G	24	1949	1843	0.013022	0	0	1949	12	2956	2813	0.004266	0	1	2956	0	0	0	nan	0	0	0	0.008756	0.002930	0.008756	0.002930	0.193541	0.064764
61	A	23	1948	1856	0.012392	0	0	1948	10	2955	2834	0.003529	0	1	2955	0	0	0	nan	0	0	0	0.008864	0.002815	0.008864	0.002815	0.195928	0.062222
62	G	74	1947	1855	0.039892	0	0	1947	20	2955	2833	0.007060	0	1	2955	0	0	0	nan	0	0	0	0.032833	0.004899	0.032833	0.004899	0.725736	0.108287
63	U	34	1947	1836	0.018519	0	0	1947	72	2954	2820	0.025532	0	1	2954	0	0	0	nan	0	0	0	-0.007013	0.004375	-0.007013	0.004375	-0.155014	0.096704
64	U	31	1947	1751	0.017704	0	0	1947	55	2953	2643	0.020810	0	1	2953	0	0	0	nan	0	0	0	-0.003106	0.004241	-0.003106	0.004241	-0.068655	0.093742
65	C	69	1947	1771	0.038961	0	0	1947	17	2951	2646	0.006425	0	1	2951	0	0	0	nan	0	0	0	0.032536	0.004942	0.032536	0.004942	0.719171	0.109237
66	A	35	1947	1763	0.019853	0	0	1947	11	2951	2619	0.004200	0	1	2951	0	0	0	nan	0	0	0	0.015652	0.003587	0.015652	0.003587	0.345969	0.079286
67	A	919	1946	1824	0.503838	0	0	1946	13	2950	2770	0.004693	0	1	2950	0	0	0	nan	0	0	0	0.499145	0.016671	0.499145	0.016671	11.033023	0.368493
68	G	37	1946	1820	0.020330	0	0	1946	32	2948	2749	0.011641	0	1	2948	0	0	0	nan	0	0	0	0.008689	0.003925	0.008689	0.003925	0.192060	0.086758
69	U	18	1946	1822	0.009879	0	0	1946	41	2946	2776	0.014769	0	1	2946	0	0	0	nan	0	0	0	-0.004890	0.003278	-0.004890	0.003278	-0.108088	0.072456
70	C	14	1945	1827	0.007663	0	0	1945	14	2945	2777	0.005041	0	1	2945	0	0	0	nan	0	0	0	0.002621	0.002451	0.002621	0.002451	0.057934	0.054177
71	U	13	1944	1780	0.007303	0	0	1944	24	2941	2678	0.008962	0	1	2941	0	0	0	nan	0	0	0	-0.001659	0.002729	-0.001659	0.002729	-0.036670	0.060321
72	C	9	1942	1752	0.005137	0	0	1942	14	2938	2628	0.005327	0	1	2938	0	0	0	nan	0	0	0	-0.000190	0.002227	-0.000190	0.002227	-0.004200	0.049225
73	G	63	1940	1751	0.035979	0	0	1940	25	2937	2603	0.009604	0	1	2937	0	0	0	nan	0	0	0	0.026375	0.004923	0.026375	0.004923	0.582989	0.108817
74	C	22	1940	1771	0.012422	0	0	1940	35	2937	2643	0.013243	0	1	2937	0	0	0	nan	0	0	0	-0.000820	0.003468	-0.000820	0.003468	-0.018125	0.076656
75	C	9	1939	1754	0.005131	0	0	1939	15	2937	2619	0.005727	0	1	2937	0	0	0	nan	0	0	0	-0.000596	0.002261	-0.000596	0.002261	-0.013174	0.049977
76	U	25	1938	1747	0.014310	0	0	1938	32	2936	2614	0.012242	0	1	2936	0	0	0	nan	0	0	0	0.002068	0.003588	0.002068	0.003588	0.045711	0.079309
77	C	11	1937	1748	0.006293	0	0	1937	6	2935	2622	0.002288	0	1	2935	0	0	0	nan	0	0	0	0.004005	0.002115	0.004005	0.002115	0.088526	0.046750
78	C	11	1937	1775	0.006197	0	0	1937	8	2932	2680	0.002985	0	1	2932	0	0	0	nan	0	0	0	0.003212	0.002146	0.003212	0.002146	0.070998	0.047435
79	C	11	1934	1730	0.006358	0	0	1934	12	2931	2637	0.004551	0	1	2931	0	0	0	nan	0	0	0	0.001808	0.002324	0.001808	0.002324	0.039964	0.051369
80	G	116	1933	1750	0.066286	0	0	1933	21	2931	2680	0.007836	0	1	2931	0	0	0	nan	0	0	0	0.058450	0.006388	0.058450	0.006388	1.291970	0.141199
81	C	54	1932	1501	0.035976	0	0	1932	59	2931	2160	0.027315	0	1	2931	0	0	0	nan	0	0	0	0.008661	0.006051	0.008661	0.006051	0.191441	0.133750
82	A	47	1931	1534	0.030639	0	0	1931	33	2926	2216	0.014892	0	1	2926	0	0	0	nan	0	0	0	0.015747	0.005167	0.015747	0.005167	0.348069	0.114211
83	C	77	1925	1507	0.051095	0	0	1925	10	2922	2161	0.004627	0	1	2922	0	0	0	nan	0	0	0	0.046467	0.006004	0.046467	0.006004	1.027099	0.132711
84	C	53	1922	1625	0.032615	0	0	1922	2	2919	2533	0.000790	0	1	2919	0	0	0	nan	0	0	0	0.031826	0.004515	0.031826	0.004515	0.703477	0.099799
85	A	0	1817	0	nan	0	0	1817	0	2878	0	nan	0	1	2878	0	0	0	nan	0	0	0	nan	nan	nan	nan	nan	nan