0.000000
0.000000
0.169711
0.850000
0.167036
0.020080
0.157352
0.000000
0.737863
0.753575
0.085296
0.049674
0.083738
0.328417
0.113536
0.031118
0.053940
0.197003
0.506153
0.047439
0.080013
0.224464
0.154203
0.850000
0.000000
0.850000
0.000000
0.000000
0.128299
0.850000
0.201743
0.019402
0.120680
0.000000
0.000000
0.850000
0.123051
0.000000
0.000000
0.000000
0.000000
0.179294
0.845338
0.000000
0.056175
0.000000
0.036400
0.060035
0.850000
0.073140
0.135003
0.172928
0.627036
0.000000
0.090409
0.060306
0.000000
0.850000
0.053602
0.000000
0.000000
0.000000
0.022179
0.000000
0.000000
0.000000
0.009312
0.802267
0.058647
0.000000
0.160772
0.000000
0.000000
0.850000
0.561922
0.000000
