0.000000
0.000000
0.015088
0.025262
0.019933
0.050478
0.050317
0.042565
0.070780
0.164123
0.045264
0.025170
0.024824
0.099342
0.158610
0.840688
0.606708
0.293941
0.850000
0.047525
0.850000
0.054193
0.035967
0.076433
0.232412
0.057307
0.850000
0.017534
0.043257
0.497446
0.017926
0.010405
0.553784
0.000000
0.850000
0.000000
0.850000
0.000000
0.850000
0.216678
0.556898
0.028123
0.161378
0.269394
0.000000
0.022540
0.022078
0.038320
0.114983
0.098142
0.147397
0.255667
0.518071
0.010520
0.000000
0.079409
0.000000
0.850000
0.016680
0.000000
0.000000
0.000000
0.008928
0.000669
0.054585
0.041435
0.135908
0.243255
0.528914
0.850000
0.151965
0.111684
0.850000
0.655317
0.357154
0.000000
