0.000000
0.000000
0.000000
0.000000
0.000000
0.000000
0.000000
0.000000
0.000000
0.247461
0.168914
0.000000
0.000000
0.000000
0.250069
0.689756
0.400231
0.817298
0.850000
0.215903
0.204575
0.269314
0.850000
0.209245
0.278215
0.438246
0.850000
0.011912
0.000000
0.322450
0.675929
0.016198
0.202314
0.000000
0.850000
0.204138
0.198957
0.000000
0.271849
0.087157
0.000000
0.053574
0.373726
0.620968
0.293647
0.769798
0.000000
0.074753
0.495687
0.243393
0.481149
0.396966
0.850000
0.787383
0.850000
0.000000
0.051750
0.058810
0.000000
0.031120
0.170027
0.137539
0.580837
0.000000
0.047062
0.268110
0.850000
0.000000
0.000000
0.344887
0.411577
0.850000
0.000000
0.000000
0.120410
0.159173
0.000000
0.203609
0.039073
0.033783
0.001696
0.029697
0.106894
0.046023
0.000000
0.000000
0.850000
0.671168
0.667739
0.000000
