Nucleotide	Sequence	Modified_mutations	Modified_read_depth	Modified_effective_depth	Modified_rate	Modified_off_target_mapped_depth	Modified_low_mapq_mapped_depth	Modified_mapped_depth	Untreated_mutations	Untreated_read_depth	Untreated_effective_depth	Untreated_rate	Untreated_off_target_mapped_depth	Untreated_low_mapq_mapped_depth	Untreated_mapped_depth	Denatured_mutations	Denatured_read_depth	Denatured_effective_depth	Denatured_rate	Denatured_off_target_mapped_depth	Denatured_low_mapq_mapped_depth	Denatured_mapped_depth	Reactivity_profile	Std_err	HQ_profile	HQ_stderr	Norm_profile	Norm_stderr
1	G	0	17736	17290	0.000000	0	0	17736	0	17999	17562	0.000000	0	0	17999	0	0	0	nan	0	0	0	0.000000	0.000000	0.000000	0.000000	0.000000	0.000000
2	C	0	18815	17914	0.000000	0	0	18815	0	18385	17527	0.000000	0	0	18385	0	0	0	nan	0	0	0	0.000000	0.000000	0.000000	0.000000	0.000000	0.000000
3	G	420	19120	18047	0.023273	0	0	19120	158	18574	17528	0.009014	0	0	18574	0	0	0	nan	0	0	0	0.014258	0.001343	0.014258	0.001343	0.378962	0.035695
4	G	409	19275	17876	0.022880	0	0	19275	184	18615	17304	0.010633	0	0	18615	0	0	0	nan	0	0	0	0.012246	0.001376	0.012246	0.001376	0.325485	0.036573
5	G	1110	19426	18290	0.060689	0	0	19426	74	18664	17542	0.004218	0	0	18664	0	0	0	nan	0	0	0	0.056470	0.001886	0.056470	0.001886	1.500909	0.050128
6	A	230	19631	18839	0.012209	0	0	19631	30	18717	17937	0.001673	0	0	18717	0	0	0	nan	0	0	0	0.010536	0.000861	0.010536	0.000861	0.280035	0.022884
7	A	229	19959	19381	0.011816	0	0	19959	81	18871	18329	0.004419	0	0	18871	0	0	0	nan	0	0	0	0.007396	0.000922	0.007396	0.000922	0.196577	0.024506
8	U	237	20623	20025	0.011835	0	0	20623	228	19034	18534	0.012302	0	0	19034	0	0	0	nan	0	0	0	-0.000467	0.001120	-0.000467	0.001120	-0.012412	0.029768
9	A	878	20773	20017	0.043863	0	0	20773	34	19127	18491	0.001839	0	0	19127	0	0	0	nan	0	0	0	0.042024	0.001514	0.042024	0.001514	1.116951	0.040240
10	G	512	22173	21437	0.023884	0	0	22173	265	19170	18561	0.014277	0	0	19170	0	0	0	nan	0	0	0	0.009607	0.001372	0.009607	0.001372	0.255343	0.036466
11	C	179	22367	21539	0.008311	0	0	22367	116	19249	18505	0.006269	0	0	19249	0	0	0	nan	0	0	0	0.002042	0.000851	0.002042	0.000851	0.054274	0.022619
12	U	238	22719	21880	0.010878	0	0	22719	237	19839	19065	0.012431	0	0	19839	0	0	0	nan	0	0	0	-0.001554	0.001072	-0.001554	0.001072	-0.041304	0.028493
13	C	108	22852	22158	0.004874	0	0	22852	55	20024	19352	0.002842	0	0	20024	0	0	0	nan	0	0	0	0.002032	0.000606	0.002032	0.000606	0.054008	0.016107
14	A	216	23072	22243	0.009711	0	0	23072	23	20315	19572	0.001175	0	0	20315	0	0	0	nan	0	0	0	0.008536	0.000705	0.008536	0.000705	0.226877	0.018738
15	G	172	23322	22245	0.007732	0	0	23322	85	20334	19393	0.004383	0	0	20334	0	0	0	nan	0	0	0	0.003349	0.000757	0.003349	0.000757	0.089013	0.020120
16	U	599	24572	23185	0.025836	0	0	24572	646	21305	20166	0.032034	0	0	21305	0	0	0	nan	0	0	0	-0.006198	0.001644	-0.006198	0.001644	-0.164736	0.043696
17	U	30	24976	23524	0.001275	0	0	24976	23	21691	20534	0.001120	0	0	21691	0	0	0	nan	0	0	0	0.000155	0.000330	0.000155	0.000330	0.004120	0.008771
18	G	180	25060	23732	0.007585	0	0	25060	165	21900	20883	0.007901	0	0	21900	0	0	0	nan	0	0	0	-0.000316	0.000835	-0.000316	0.000835	-0.008399	0.022193
19	G	468	25269	24123	0.019401	0	0	25269	174	22006	21084	0.008253	0	0	22006	0	0	0	nan	0	0	0	0.011148	0.001093	0.011148	0.001093	0.296301	0.029051
20	U	208	25406	24535	0.008478	0	0	25406	244	22054	21348	0.011430	0	0	22054	0	0	0	nan	0	0	0	-0.002952	0.000939	-0.002952	0.000939	-0.078461	0.024958
21	A	88	25433	24670	0.003567	0	0	25433	34	22085	21476	0.001583	0	0	22085	0	0	0	nan	0	0	0	0.001984	0.000467	0.001984	0.000467	0.052732	0.012412
22	G	225	25480	24063	0.009350	0	0	25480	57	22121	21053	0.002707	0	0	22121	0	0	0	nan	0	0	0	0.006643	0.000719	0.006643	0.000719	0.176564	0.019110
23	A	317	25490	23815	0.013311	0	0	25490	41	22127	20873	0.001964	0	0	22127	0	0	0	nan	0	0	0	0.011347	0.000808	0.011347	0.000808	0.301591	0.021476
24	G	869	25489	23748	0.036593	0	0	25489	200	22124	20790	0.009620	0	0	22124	0	0	0	nan	0	0	0	0.026973	0.001415	0.026973	0.001415	0.716912	0.037609
25	C	140	25490	24287	0.005764	0	0	25490	84	22123	21181	0.003966	0	0	22123	0	0	0	nan	0	0	0	0.001799	0.000652	0.001799	0.000652	0.047815	0.017329
26	A	810	25510	24514	0.033042	0	0	25510	86	22167	21347	0.004029	0	0	22167	0	0	0	nan	0	0	0	0.029014	0.001240	0.029014	0.001240	0.771160	0.032958
27	C	261	25517	24340	0.010723	0	0	25517	177	22161	21143	0.008372	0	0	22161	0	0	0	nan	0	0	0	0.002352	0.000915	0.002352	0.000915	0.062514	0.024320
28	G	314	25510	23651	0.013276	0	0	25510	69	22156	20735	0.003328	0	0	22156	0	0	0	nan	0	0	0	0.009949	0.000850	0.009949	0.000850	0.264433	0.022592
29	A	238	25509	23584	0.010092	0	0	25509	157	22178	20708	0.007582	0	0	22178	0	0	0	nan	0	0	0	0.002510	0.000891	0.002510	0.000891	0.066713	0.023682
30	C	138	25504	23708	0.005821	0	0	25504	122	22179	20884	0.005842	0	0	22179	0	0	0	nan	0	0	0	-0.000021	0.000725	-0.000021	0.000725	-0.000558	0.019270
31	C	164	25500	24254	0.006762	0	0	25500	101	22177	21187	0.004767	0	0	22177	0	0	0	nan	0	0	0	0.001995	0.000710	0.001995	0.000710	0.053025	0.018871
32	U	231	25496	24117	0.009578	0	0	25496	179	22178	21095	0.008485	0	0	22178	0	0	0	nan	0	0	0	0.001093	0.000894	0.001093	0.000894	0.029051	0.023762
33	U	259	25499	23984	0.010799	0	0	25499	180	22186	21023	0.008562	0	0	22186	0	0	0	nan	0	0	0	0.002237	0.000926	0.002237	0.000926	0.059457	0.024612
34	G	1328	25502	23984	0.055370	0	0	25502	323	22189	21085	0.015319	0	0	22189	0	0	0	nan	0	0	0	0.040051	0.001742	0.040051	0.001742	1.064511	0.046300
35	C	1700	25500	23896	0.071142	0	0	25500	263	22188	21006	0.012520	0	0	22188	0	0	0	nan	0	0	0	0.058621	0.001890	0.058621	0.001890	1.558081	0.050234
36	C	1630	25498	24251	0.067214	0	0	25498	140	22191	21257	0.006586	0	0	22191	0	0	0	nan	0	0	0	0.060628	0.001755	0.060628	0.001755	1.611424	0.046646
37	A	1181	25495	24492	0.048220	0	0	25495	40	22194	21404	0.001869	0	0	22194	0	0	0	nan	0	0	0	0.046351	0.001434	0.046351	0.001434	1.231958	0.038114
38	A	560	25489	24546	0.022814	0	0	25489	110	22191	21443	0.005130	0	0	22191	0	0	0	nan	0	0	0	0.017684	0.001081	0.017684	0.001081	0.470021	0.028732
39	G	811	25469	24018	0.033766	0	0	25469	284	22175	21041	0.013497	0	0	22175	0	0	0	nan	0	0	0	0.020269	0.001431	0.020269	0.001431	0.538727	0.038034
40	G	791	25456	23820	0.033207	0	0	25456	206	22166	20784	0.009911	0	0	22166	0	0	0	nan	0	0	0	0.023296	0.001368	0.023296	0.001368	0.619182	0.036360
41	U	505	25442	23997	0.021044	0	0	25442	491	22159	20932	0.023457	0	0	22159	0	0	0	nan	0	0	0	-0.002413	0.001413	-0.002413	0.001413	-0.064135	0.037556
42	C	302	25423	24167	0.012496	0	0	25423	219	22145	21010	0.010424	0	0	22145	0	0	0	nan	0	0	0	0.002073	0.001007	0.002073	0.001007	0.055098	0.026765
43	G	855	25402	24053	0.035547	0	0	25402	274	22125	20992	0.013053	0	0	22125	0	0	0	nan	0	0	0	0.022494	0.001449	0.022494	0.001449	0.597865	0.038513
44	G	459	25398	23790	0.019294	0	0	25398	243	22121	20752	0.011710	0	0	22121	0	0	0	nan	0	0	0	0.007584	0.001173	0.007584	0.001173	0.201574	0.031177
45	G	410	25387	23447	0.017486	0	0	25387	148	22111	20658	0.007164	0	0	22111	0	0	0	nan	0	0	0	0.010322	0.001045	0.010322	0.001045	0.274347	0.027775
46	G	5919	25382	23726	0.249473	0	0	25382	5418	22106	20705	0.261676	0	0	22106	0	0	0	nan	0	0	0	-0.012203	0.004812	nan	nan	nan	nan
47	U	339	25379	24015	0.014116	0	0	25379	272	22108	20990	0.012959	0	0	22108	0	0	0	nan	0	0	0	0.001158	0.001098	0.001158	0.001098	0.030778	0.029184
48	C	170	25370	23824	0.007136	0	0	25370	103	22095	20781	0.004956	0	0	22095	0	0	0	nan	0	0	0	0.002179	0.000734	0.002179	0.000734	0.057915	0.019509
49	G	829	25337	24049	0.034471	0	0	25337	227	22075	20923	0.010849	0	0	22075	0	0	0	nan	0	0	0	0.023622	0.001397	0.023622	0.001397	0.627846	0.037131
50	C	385	25310	23743	0.016215	0	0	25310	195	22048	20699	0.009421	0	0	22048	0	0	0	nan	0	0	0	0.006795	0.001067	0.006795	0.001067	0.180603	0.028360
51	G	303	25245	21136	0.014336	0	0	25245	69	21999	18955	0.003640	0	0	21999	0	0	0	nan	0	0	0	0.010696	0.000933	0.010696	0.000933	0.284288	0.024798
52	A	412	24976	20188	0.020408	0	0	24976	103	21797	18138	0.005679	0	0	21797	0	0	0	nan	0	0	0	0.014729	0.001151	0.014729	0.001151	0.391480	0.030592
53	G	853	24870	19960	0.042735	0	0	24870	195	21695	17911	0.010887	0	0	21695	0	0	0	nan	0	0	0	0.031848	0.001658	0.031848	0.001658	0.846484	0.044068
54	U	535	24771	21734	0.024616	0	0	24771	545	21621	19089	0.028550	0	0	21621	0	0	0	nan	0	0	0	-0.003935	0.001621	-0.003935	0.001621	-0.104588	0.043084
55	U	576	24586	17954	0.032082	0	0	24586	518	21455	16627	0.031154	0	0	21455	0	0	0	nan	0	0	0	0.000928	0.001913	0.000928	0.001913	0.024665	0.050845
56	C	389	24293	17568	0.022143	0	0	24293	269	21243	16422	0.016380	0	0	21243	0	0	0	nan	0	0	0	0.005762	0.001503	0.005762	0.001503	0.153148	0.039948
57	G	81	24225	16872	0.004801	0	0	24225	64	21173	15591	0.004105	0	0	21173	0	0	0	nan	0	0	0	0.000696	0.000740	0.000696	0.000740	0.018499	0.019668
58	A	10694	23777	19141	0.558696	0	0	23777	64	20961	16754	0.003820	0	0	20961	0	0	0	nan	0	0	0	0.554876	0.005424	0.554876	0.005424	14.747983	0.144164
59	G	254	23709	18850	0.013475	0	0	23709	155	20852	16512	0.009387	0	0	20852	0	0	0	nan	0	0	0	0.004088	0.001133	0.004088	0.001133	0.108654	0.030114
60	U	206	23544	17463	0.011796	0	0	23544	244	20764	16345	0.014928	0	0	20764	0	0	0	nan	0	0	0	-0.003132	0.001260	-0.003132	0.001260	-0.083245	0.033489
61	C	127	23300	17286	0.007347	0	0	23300	141	20574	16205	0.008701	0	0	20574	0	0	0	nan	0	0	0	-0.001354	0.000981	-0.001354	0.000981	-0.035988	0.026074
62	U	192	23242	17238	0.011138	0	0	23242	174	20523	16032	0.010853	0	0	20523	0	0	0	nan	0	0	0	0.000285	0.001150	0.000285	0.001150	0.007575	0.030566
63	C	164	23223	18390	0.008918	0	0	23223	97	20508	16521	0.005871	0	0	20508	0	0	0	nan	0	0	0	0.003047	0.000917	0.003047	0.000917	0.080986	0.024373
64	G	691	23173	17445	0.039610	0	0	23173	189	20442	15551	0.012154	0	0	20442	0	0	0	nan	0	0	0	0.027457	0.001747	0.027457	0.001747	0.729776	0.046433
65	U	240	23150	18233	0.013163	0	0	23150	242	20423	16073	0.015056	0	0	20423	0	0	0	nan	0	0	0	-0.001893	0.001288	-0.001893	0.001288	-0.050314	0.034234
66	U	250	23128	18865	0.013252	0	0	23128	213	20403	16677	0.012772	0	0	20403	0	0	0	nan	0	0	0	0.000480	0.001212	0.000480	0.001212	0.012758	0.032214
67	U	215	23070	17286	0.012438	0	0	23070	191	20369	15197	0.012568	0	0	20369	0	0	0	nan	0	0	0	-0.000130	0.001244	-0.000130	0.001244	-0.003455	0.033064
68	C	153	22991	16730	0.009145	0	0	22991	123	20301	14878	0.008267	0	0	20301	0	0	0	nan	0	0	0	0.000878	0.001050	0.000878	0.001050	0.023336	0.027908
69	C	132	22960	16373	0.008062	0	0	22960	79	20286	14657	0.005390	0	0	20286	0	0	0	nan	0	0	0	0.002672	0.000927	0.002672	0.000927	0.071019	0.024639
70	C	98	22822	17690	0.005540	0	0	22822	47	20140	15791	0.002976	0	0	20140	0	0	0	nan	0	0	0	0.002563	0.000708	0.002563	0.000708	0.068122	0.018818
71	G	965	22749	17328	0.055690	0	0	22749	142	20074	15297	0.009283	0	0	20074	0	0	0	nan	0	0	0	0.046407	0.001955	0.046407	0.001955	1.233446	0.051962
72	C	309	22745	16448	0.018786	0	0	22745	180	20067	14422	0.012481	0	0	20067	0	0	0	nan	0	0	0	0.006306	0.001417	0.006306	0.001417	0.167606	0.037662
73	U	200	22726	15504	0.012900	0	0	22726	118	20048	13440	0.008780	0	0	20048	0	0	0	nan	0	0	0	0.004120	0.001219	0.004120	0.001219	0.109505	0.032400
74	C	467	22691	15881	0.029406	0	0	22691	24	20028	13838	0.001734	0	0	20028	0	0	0	nan	0	0	0	0.027672	0.001406	0.027672	0.001406	0.735491	0.037370
75	C	210	22624	15121	0.013888	0	0	22624	9	20009	13667	0.000659	0	0	20009	0	0	0	nan	0	0	0	0.013229	0.000983	0.013229	0.000983	0.351612	0.026127
76	A	0	21740	0	nan	0	0	21740	0	19765	0	nan	0	0	19765	0	0	0	nan	0	0	0	nan	nan	nan	nan	nan	nan