Nucleotide	Sequence	Modified_mutations	Modified_read_depth	Modified_effective_depth	Modified_rate	Modified_off_target_mapped_depth	Modified_low_mapq_mapped_depth	Modified_mapped_depth	Untreated_mutations	Untreated_read_depth	Untreated_effective_depth	Untreated_rate	Untreated_off_target_mapped_depth	Untreated_low_mapq_mapped_depth	Untreated_mapped_depth	Denatured_mutations	Denatured_read_depth	Denatured_effective_depth	Denatured_rate	Denatured_off_target_mapped_depth	Denatured_low_mapq_mapped_depth	Denatured_mapped_depth	Reactivity_profile	Std_err	HQ_profile	HQ_stderr	Norm_profile	Norm_stderr
1	C	0	9501	9289	0.000000	0	0	9501	0	16936	16523	0.000000	0	1	16936	0	0	0	nan	0	0	0	0.000000	0.000000	0.000000	0.000000	0.000000	0.000000
2	G	0	9745	9343	0.000000	0	0	9745	0	17243	16427	0.000000	0	1	17243	0	0	0	nan	0	0	0	0.000000	0.000000	0.000000	0.000000	0.000000	0.000000
3	G	398	10177	9743	0.040850	0	0	10177	208	17447	16581	0.012544	0	1	17447	0	0	0	nan	0	0	0	0.028305	0.002225	0.028305	0.002225	0.749773	0.058938
4	C	128	10245	9783	0.013084	0	0	10245	191	17471	16552	0.011539	0	1	17471	0	0	0	nan	0	0	0	0.001545	0.001426	0.001545	0.001426	0.040926	0.037773
5	G	483	10273	9943	0.048577	0	0	10273	75	17486	16907	0.004436	0	1	17486	0	0	0	nan	0	0	0	0.044141	0.002269	0.044141	0.002269	1.169254	0.060104
6	A	73	10338	9874	0.007393	0	0	10338	20	17506	16746	0.001194	0	1	17506	0	0	0	nan	0	0	0	0.006199	0.000906	0.006199	0.000906	0.164206	0.023999
7	G	324	10391	9910	0.032694	0	0	10391	97	17524	16920	0.005733	0	1	17524	0	0	0	nan	0	0	0	0.026961	0.001907	0.026961	0.001907	0.714172	0.050515
8	U	2150	10718	10225	0.210269	0	0	10718	2254	17757	17086	0.131921	0	1	17757	0	0	0	nan	0	0	0	0.078348	0.005318	nan	nan	nan	nan
9	A	132	10968	10577	0.012480	0	0	10968	44	17958	17374	0.002533	0	1	17958	0	0	0	nan	0	0	0	0.009947	0.001151	0.009947	0.001151	0.263487	0.030489
10	G	270	11115	10752	0.025112	0	0	11115	197	17994	17478	0.011271	0	1	17994	0	0	0	nan	0	0	0	0.013840	0.001726	0.013840	0.001726	0.366609	0.045720
11	C	112	11183	10786	0.010384	0	0	11183	115	18046	17434	0.006596	0	1	18046	0	0	0	nan	0	0	0	0.003788	0.001158	0.003788	0.001158	0.100341	0.030674
12	G	235	11201	10878	0.021603	0	0	11201	144	18072	17547	0.008207	0	1	18072	0	0	0	nan	0	0	0	0.013397	0.001566	0.013397	0.001566	0.354874	0.041482
13	C	71	11226	10539	0.006737	0	0	11226	77	18094	16979	0.004535	0	1	18094	0	0	0	nan	0	0	0	0.002202	0.000952	0.002202	0.000952	0.058329	0.025218
14	A	274	11237	10556	0.025957	0	0	11237	30	18105	17030	0.001762	0	1	18105	0	0	0	nan	0	0	0	0.024195	0.001601	0.024195	0.001601	0.640903	0.042409
15	G	141	11292	10570	0.013340	0	1	11292	144	18111	16991	0.008475	0	1	18111	0	0	0	nan	0	0	0	0.004865	0.001327	0.004865	0.001327	0.128869	0.035151
16	C	332	11330	10824	0.030673	0	1	11330	145	18152	17396	0.008335	0	1	18152	0	0	0	nan	0	0	0	0.022337	0.001820	0.022337	0.001820	0.591686	0.048210
17	U	140	11423	10871	0.012878	0	1	11423	230	18305	17464	0.013170	0	1	18305	0	0	0	nan	0	0	0	-0.000292	0.001392	-0.000292	0.001392	-0.007735	0.036873
18	U	92	11459	10858	0.008473	0	1	11459	168	18392	17465	0.009619	0	1	18392	0	0	0	nan	0	0	0	-0.001146	0.001154	-0.001146	0.001154	-0.030356	0.030568
19	G	319	11490	10909	0.029242	0	1	11490	151	18463	17620	0.008570	0	1	18463	0	0	0	nan	0	0	0	0.020672	0.001780	0.020672	0.001780	0.547582	0.047151
20	G	348	11511	11013	0.031599	0	1	11511	144	18491	17780	0.008099	0	1	18491	0	0	0	nan	0	0	0	0.023500	0.001823	0.023500	0.001823	0.622493	0.048290
21	U	127	11545	10909	0.011642	0	1	11545	233	18516	17567	0.013264	0	1	18516	0	0	0	nan	0	0	0	-0.001622	0.001350	-0.001622	0.001350	-0.042965	0.035760
22	A	35	11554	10940	0.003199	0	1	11554	38	18527	17628	0.002156	0	1	18527	0	0	0	nan	0	0	0	0.001044	0.000644	0.001044	0.000644	0.027655	0.017059
23	G	228	11569	10939	0.020843	0	1	11569	144	18535	17570	0.008196	0	1	18535	0	0	0	nan	0	0	0	0.012647	0.001540	0.012647	0.001540	0.335007	0.040793
24	C	95	11570	11005	0.008632	0	1	11570	96	18536	17760	0.005405	0	1	18536	0	0	0	nan	0	0	0	0.003227	0.001043	0.003227	0.001043	0.085480	0.027628
25	G	503	11569	10978	0.045819	0	1	11569	142	18536	17723	0.008012	0	1	18536	0	0	0	nan	0	0	0	0.037807	0.002151	0.037807	0.002151	1.001472	0.056978
26	C	79	11569	10986	0.007191	0	1	11569	85	18537	17726	0.004795	0	1	18537	0	0	0	nan	0	0	0	0.002396	0.000962	0.002396	0.000962	0.063468	0.025482
27	A	520	11568	11004	0.047256	0	1	11568	24	18537	17691	0.001357	0	1	18537	0	0	0	nan	0	0	0	0.045899	0.002091	0.045899	0.002091	1.215822	0.055389
28	A	118	11570	11018	0.010710	0	1	11570	114	18535	17624	0.006468	0	1	18535	0	0	0	nan	0	0	0	0.004241	0.001157	0.004241	0.001157	0.112340	0.030648
29	C	111	11572	10883	0.010199	0	1	11572	170	18530	17440	0.009748	0	1	18530	0	0	0	nan	0	0	0	0.000452	0.001223	0.000452	0.001223	0.011973	0.032396
30	U	171	11564	10858	0.015749	0	1	11564	255	18509	17376	0.014675	0	1	18509	0	0	0	nan	0	0	0	0.001073	0.001515	0.001073	0.001515	0.028423	0.040131
31	G	208	11565	10793	0.019272	0	1	11565	190	18509	17352	0.010950	0	1	18509	0	0	0	nan	0	0	0	0.008322	0.001555	0.008322	0.001555	0.220442	0.041190
32	G	292	11566	10776	0.027097	0	1	11566	145	18503	17342	0.008361	0	1	18503	0	0	0	nan	0	0	0	0.018736	0.001731	0.018736	0.001731	0.496299	0.045853
33	U	719	11560	10830	0.066390	0	1	11560	1273	18503	17502	0.072735	0	1	18503	0	0	0	nan	0	0	0	-0.006345	0.003207	nan	nan	nan	nan
34	U	240	11563	10941	0.021936	0	2	11563	408	18515	17679	0.023078	0	1	18515	0	0	0	nan	0	0	0	-0.001142	0.001819	-0.001142	0.001819	-0.030251	0.048184
35	U	777	11560	10943	0.071004	0	2	11560	405	18512	17711	0.022867	0	1	18512	0	0	0	nan	0	0	0	0.048137	0.002789	0.048137	0.002789	1.275104	0.073878
36	G	1325	11569	10901	0.121548	0	2	11569	2701	18515	17573	0.153702	0	1	18515	0	0	0	nan	0	0	0	-0.032153	0.004461	nan	nan	nan	nan
37	G	162	11577	10804	0.014994	0	2	11577	18	18528	17425	0.001033	0	2	18528	0	0	0	nan	0	0	0	0.013961	0.001203	0.013961	0.001203	0.369814	0.031866
38	G	6072	11576	10724	0.566207	0	2	11576	10647	18525	17375	0.612777	0	2	18525	0	0	0	nan	0	0	0	-0.046570	0.009384	nan	nan	nan	nan
39	A	125	11602	10982	0.011382	0	2	11602	124	18547	17774	0.006976	0	2	18547	0	0	0	nan	0	0	0	0.004406	0.001195	0.004406	0.001195	0.116711	0.031654
40	C	35	11609	10953	0.003195	0	2	11609	70	18549	17664	0.003963	0	2	18549	0	0	0	nan	0	0	0	-0.000767	0.000718	-0.000767	0.000718	-0.020317	0.019019
41	C	30	11612	11123	0.002697	0	2	11612	43	18549	17823	0.002413	0	3	18549	0	0	0	nan	0	0	0	0.000285	0.000615	0.000285	0.000615	0.007549	0.016291
42	A	77	11610	11097	0.006939	0	2	11610	42	18546	17720	0.002370	0	3	18546	0	0	0	nan	0	0	0	0.004569	0.000871	0.004569	0.000871	0.121029	0.023072
43	G	466	11607	11154	0.041779	0	2	11607	219	18543	17863	0.012260	0	3	18543	0	0	0	nan	0	0	0	0.029519	0.002105	0.029519	0.002105	0.781931	0.055759
44	U	234	11602	11046	0.021184	0	2	11602	316	18536	17676	0.017877	0	3	18536	0	0	0	nan	0	0	0	0.003307	0.001711	0.003307	0.001711	0.087599	0.045323
45	G	204	11600	10975	0.018588	0	2	11600	152	18535	17574	0.008649	0	3	18535	0	0	0	nan	0	0	0	0.009939	0.001478	0.009939	0.001478	0.263275	0.039151
46	G	239	11599	10706	0.022324	0	2	11599	132	18531	17466	0.007558	0	3	18531	0	0	0	nan	0	0	0	0.014766	0.001587	0.014766	0.001587	0.391138	0.042038
47	G	2677	11586	10789	0.248123	0	2	11586	4749	18519	17428	0.272493	0	3	18519	0	0	0	nan	0	0	0	-0.024369	0.006216	nan	nan	nan	nan
48	U	195	11587	10867	0.017944	0	2	11587	278	18525	17598	0.015797	0	3	18525	0	0	0	nan	0	0	0	0.002147	0.001597	0.002147	0.001597	0.056872	0.042303
49	C	99	11581	10859	0.009117	0	2	11581	118	18518	17478	0.006751	0	3	18518	0	0	0	nan	0	0	0	0.002366	0.001107	0.002366	0.001107	0.062673	0.029323
50	G	202	11581	10889	0.018551	0	2	11581	215	18514	17442	0.012327	0	3	18514	0	0	0	nan	0	0	0	0.006224	0.001553	0.006224	0.001553	0.164868	0.041138
51	G	133	11578	10890	0.012213	0	2	11578	105	18513	17451	0.006017	0	3	18513	0	0	0	nan	0	0	0	0.006196	0.001211	0.006196	0.001211	0.164126	0.032078
52	A	121	11577	11004	0.010996	0	2	11577	96	18511	17651	0.005439	0	3	18511	0	0	0	nan	0	0	0	0.005557	0.001143	0.005557	0.001143	0.147200	0.030277
53	G	309	11577	11017	0.028048	0	2	11577	218	18509	17739	0.012289	0	3	18509	0	0	0	nan	0	0	0	0.015758	0.001800	0.015758	0.001800	0.417415	0.047680
54	G	416	11572	10948	0.037998	0	2	11572	180	18504	17650	0.010198	0	3	18504	0	0	0	nan	0	0	0	0.027800	0.002012	0.027800	0.002012	0.736396	0.053296
55	U	221	11571	10952	0.020179	0	2	11571	431	18503	17660	0.024405	0	3	18503	0	0	0	nan	0	0	0	-0.004226	0.001796	-0.004226	0.001796	-0.111943	0.047574
56	U	204	11567	10990	0.018562	0	2	11567	326	18499	17722	0.018395	0	3	18499	0	0	0	nan	0	0	0	0.000167	0.001651	0.000167	0.001651	0.004424	0.043733
57	C	183	11561	10995	0.016644	0	2	11561	226	18495	17682	0.012781	0	3	18495	0	0	0	nan	0	0	0	0.003863	0.001496	0.003863	0.001496	0.102327	0.039628
58	G	47	11559	10845	0.004334	0	2	11559	103	18491	17580	0.005859	0	3	18491	0	0	0	nan	0	0	0	-0.001525	0.000856	-0.001525	0.000856	-0.040396	0.022675
59	A	3147	11552	10266	0.306546	0	2	11552	41	18483	16416	0.002498	0	3	18483	0	0	0	nan	0	0	0	0.304048	0.005478	0.304048	0.005478	8.053947	0.145107
60	A	174	11546	10277	0.016931	0	2	11546	169	18468	16405	0.010302	0	3	18468	0	0	0	nan	0	0	0	0.006629	0.001508	0.006629	0.001508	0.175596	0.039946
61	U	90	11543	10203	0.008821	0	2	11543	140	18462	16243	0.008619	0	3	18462	0	0	0	nan	0	0	0	0.000202	0.001181	0.000202	0.001181	0.005351	0.031284
62	C	66	11541	10549	0.006257	0	2	11541	100	18457	16984	0.005888	0	3	18457	0	0	0	nan	0	0	0	0.000369	0.000969	0.000369	0.000969	0.009774	0.025668
63	C	41	11537	10580	0.003875	0	2	11537	62	18455	16980	0.003651	0	3	18455	0	0	0	nan	0	0	0	0.000224	0.000762	0.000224	0.000762	0.005934	0.020185
64	U	102	11529	10700	0.009533	0	2	11529	187	18416	17144	0.010908	0	2	18416	0	0	0	nan	0	0	0	-0.001375	0.001236	-0.001375	0.001236	-0.036422	0.032740
65	C	101	11523	10891	0.009274	0	2	11523	117	18409	17428	0.006713	0	2	18409	0	0	0	nan	0	0	0	0.002560	0.001112	0.002560	0.001112	0.067812	0.029456
66	U	146	11520	10871	0.013430	0	2	11520	273	18400	17407	0.015683	0	2	18400	0	0	0	nan	0	0	0	-0.002253	0.001462	-0.002253	0.001462	-0.059680	0.038727
67	C	62	11515	10825	0.005727	0	2	11515	108	18366	17390	0.006210	0	2	18366	0	0	0	nan	0	0	0	-0.000483	0.000941	-0.000483	0.000941	-0.012794	0.024926
68	U	111	11509	10767	0.010309	0	2	11509	176	18353	17298	0.010175	0	2	18353	0	0	0	nan	0	0	0	0.000135	0.001243	0.000135	0.001243	0.003576	0.032926
69	C	63	11503	10525	0.005986	0	2	11503	64	18345	16946	0.003777	0	2	18345	0	0	0	nan	0	0	0	0.002209	0.000890	0.002209	0.000890	0.058514	0.023575
70	G	627	11499	10415	0.060202	0	2	11499	378	18329	16740	0.022581	0	2	18329	0	0	0	nan	0	0	0	0.037621	0.002670	0.037621	0.002670	0.996545	0.070726
71	C	143	11494	10248	0.013954	0	2	11494	182	18322	16501	0.011030	0	2	18322	0	0	0	nan	0	0	0	0.002924	0.001425	0.002924	0.001425	0.077454	0.037747
72	C	117	11489	10310	0.011348	0	2	11489	133	18314	16508	0.008057	0	2	18314	0	0	0	nan	0	0	0	0.003292	0.001260	0.003292	0.001260	0.087202	0.033376
73	G	543	11482	8964	0.060576	0	2	11482	143	18309	14182	0.010083	0	2	18309	0	0	0	nan	0	0	0	0.050492	0.002733	0.050492	0.002733	1.337486	0.072395
74	A	449	11477	9052	0.049602	0	2	11477	124	18305	14362	0.008634	0	2	18305	0	0	0	nan	0	0	0	0.040968	0.002466	0.040968	0.002466	1.085204	0.065322
75	C	582	11464	9072	0.064153	0	2	11464	70	18295	14454	0.004843	0	2	18295	0	0	0	nan	0	0	0	0.059310	0.002722	0.059310	0.002722	1.571066	0.072103
76	C	264	11411	9939	0.026562	0	1	11411	17	18217	16508	0.001030	0	2	18217	0	0	0	nan	0	0	0	0.025532	0.001654	0.025532	0.001654	0.676319	0.043813
77	A	0	10821	0	nan	0	1	10821	0	17786	0	nan	0	2	17786	0	0	0	nan	0	0	0	nan	nan	nan	nan	nan	nan