Nucleotide	Sequence	Modified_mutations	Modified_read_depth	Modified_effective_depth	Modified_rate	Modified_off_target_mapped_depth	Modified_low_mapq_mapped_depth	Modified_mapped_depth	Untreated_mutations	Untreated_read_depth	Untreated_effective_depth	Untreated_rate	Untreated_off_target_mapped_depth	Untreated_low_mapq_mapped_depth	Untreated_mapped_depth	Denatured_mutations	Denatured_read_depth	Denatured_effective_depth	Denatured_rate	Denatured_off_target_mapped_depth	Denatured_low_mapq_mapped_depth	Denatured_mapped_depth	Reactivity_profile	Std_err	HQ_profile	HQ_stderr	Norm_profile	Norm_stderr
1	G	0	923	875	0.000000	0	35	923	0	1370	1312	0.000000	0	18	1370	0	0	0	nan	0	0	0	0.000000	0.000000	0.000000	0.000000	0.000000	0.000000
2	G	0	969	913	0.000000	0	36	969	0	1398	1331	0.000000	0	18	1398	0	0	0	nan	0	0	0	0.000000	0.000000	0.000000	0.000000	0.000000	0.000000
3	U	6	1013	953	0.006296	0	39	1013	12	1419	1340	0.008955	0	18	1419	0	0	0	nan	0	0	0	-0.002659	0.003645	-0.002659	0.003645	-0.070883	0.097168
4	G	14	1019	968	0.014463	0	39	1019	14	1427	1347	0.010393	0	18	1427	0	0	0	nan	0	0	0	0.004069	0.004760	0.004069	0.004760	0.108471	0.126891
5	G	35	1030	972	0.036008	0	39	1030	24	1431	1343	0.017870	0	18	1431	0	0	0	nan	0	0	0	0.018138	0.007096	0.018138	0.007096	0.483519	0.189164
6	G	17	1044	981	0.017329	0	40	1044	9	1434	1325	0.006792	0	18	1434	0	0	0	nan	0	0	0	0.010537	0.004774	0.010537	0.004774	0.280893	0.127264
7	G	27	1048	970	0.027835	0	40	1048	37	1448	1332	0.027778	0	18	1448	0	0	0	nan	0	0	0	0.000057	0.007039	0.000057	0.007039	0.001519	0.187644
8	U	219	1120	1000	0.219000	0	44	1120	183	1526	1411	0.129695	0	18	1526	0	0	0	nan	0	0	0	0.089305	0.017633	nan	nan	nan	nan
9	U	139	1273	1198	0.116027	0	48	1273	87	1665	1565	0.055591	0	22	1665	0	0	0	nan	0	0	0	0.060436	0.011505	nan	nan	nan	nan
10	C	15	1434	1378	0.010885	0	57	1434	13	1779	1697	0.007661	0	23	1779	0	0	0	nan	0	0	0	0.003225	0.003523	0.003225	0.003523	0.085971	0.093915
11	C	16	1475	1425	0.011228	0	57	1475	13	1808	1734	0.007497	0	23	1808	0	0	0	nan	0	0	0	0.003731	0.003493	0.003731	0.003493	0.099460	0.093116
12	C	27	1510	1447	0.018659	0	59	1510	15	1861	1777	0.008441	0	23	1861	0	0	0	nan	0	0	0	0.010218	0.004201	0.010218	0.004201	0.272389	0.111989
13	G	27	1529	1389	0.019438	0	59	1529	13	1875	1679	0.007743	0	23	1875	0	0	0	nan	0	0	0	0.011696	0.004313	0.011696	0.004313	0.311789	0.114975
14	A	41	1541	1387	0.029560	0	59	1541	14	1878	1682	0.008323	0	23	1878	0	0	0	nan	0	0	0	0.021237	0.005125	0.021237	0.005125	0.566131	0.136621
15	G	38	1575	1425	0.026667	0	59	1575	16	1888	1687	0.009484	0	24	1888	0	0	0	nan	0	0	0	0.017182	0.004933	0.017182	0.004933	0.458034	0.131503
16	C	100	1623	1539	0.064977	0	59	1623	30	1908	1792	0.016741	0	24	1908	0	0	0	nan	0	0	0	0.048236	0.007181	0.048236	0.007181	1.285865	0.191430
17	G	74	1649	1555	0.047588	0	60	1649	50	1918	1811	0.027609	0	25	1918	0	0	0	nan	0	0	0	0.019979	0.006771	0.019979	0.006771	0.532596	0.180500
18	G	58	1676	1577	0.036779	0	61	1676	47	1926	1830	0.025683	0	25	1926	0	0	0	nan	0	0	0	0.011096	0.006112	0.011096	0.006112	0.295795	0.162932
19	C	106	1715	1634	0.064871	0	63	1715	21	1939	1869	0.011236	0	26	1939	0	0	0	nan	0	0	0	0.053636	0.006761	0.053636	0.006761	1.429817	0.180233
20	C	20	1795	1737	0.011514	0	63	1795	8	1960	1920	0.004167	0	26	1960	0	0	0	nan	0	0	0	0.007347	0.002966	0.007347	0.002966	0.195855	0.079067
21	A	61	1892	1824	0.033443	0	66	1892	2	2000	1928	0.001037	0	27	2000	0	0	0	nan	0	0	0	0.032406	0.004344	0.032406	0.004344	0.863872	0.115801
22	A	20	1961	1887	0.010599	0	72	1961	5	2016	1927	0.002595	0	27	2016	0	0	0	nan	0	0	0	0.008004	0.002639	0.008004	0.002639	0.213369	0.070350
23	A	245	2001	1895	0.129288	0	74	2001	14	2025	1910	0.007330	0	27	2025	0	0	0	nan	0	0	0	0.121958	0.008489	0.121958	0.008489	3.251130	0.226298
24	G	75	2078	1929	0.038880	0	77	2078	43	2030	1878	0.022897	0	27	2030	0	0	0	nan	0	0	0	0.015984	0.005688	0.015984	0.005688	0.426098	0.151629
25	G	61	2104	1934	0.031541	0	78	2104	29	2040	1867	0.015533	0	26	2040	0	0	0	nan	0	0	0	0.016008	0.004963	0.016008	0.004963	0.426738	0.132303
26	G	91	2115	1949	0.046691	0	78	2115	13	2046	1874	0.006937	0	26	2046	0	0	0	nan	0	0	0	0.039754	0.005259	0.039754	0.005259	1.059753	0.140193
27	A	270	2122	1982	0.136226	0	78	2122	6	2055	1922	0.003122	0	26	2055	0	0	0	nan	0	0	0	0.133104	0.008388	0.133104	0.008388	3.548257	0.223605
28	G	46	2139	2018	0.022795	0	78	2139	19	2058	1952	0.009734	0	26	2058	0	0	0	nan	0	0	0	0.013061	0.004035	0.013061	0.004035	0.348177	0.107564
29	C	6	2152	2059	0.002914	0	78	2152	7	2060	1966	0.003561	0	27	2060	0	0	0	nan	0	0	0	-0.000646	0.001796	-0.000646	0.001796	-0.017221	0.047877
30	A	15	2152	2061	0.007278	0	78	2152	8	2063	1974	0.004053	0	27	2063	0	0	0	nan	0	0	0	0.003225	0.002363	0.003225	0.002363	0.085971	0.062992
31	G	88	2156	2007	0.043847	0	78	2156	12	2064	1945	0.006170	0	27	2064	0	0	0	nan	0	0	0	0.037677	0.005002	0.037677	0.005002	1.004385	0.133342
32	A	26	2162	1988	0.013078	0	78	2162	17	2067	1945	0.008740	0	25	2067	0	0	0	nan	0	0	0	0.004338	0.003328	0.004338	0.003328	0.115641	0.088717
33	C	46	2163	1990	0.023116	0	78	2163	23	2069	1940	0.011856	0	25	2069	0	0	0	nan	0	0	0	0.011260	0.004210	0.011260	0.004210	0.300167	0.112229
34	U	30	2165	2024	0.014822	0	78	2165	18	2074	1942	0.009269	0	25	2074	0	0	0	nan	0	0	0	0.005553	0.003478	0.005553	0.003478	0.148031	0.092716
35	G	75	2167	2026	0.037019	0	78	2167	67	2080	1923	0.034841	0	25	2080	0	0	0	nan	0	0	0	0.002177	0.006032	0.002177	0.006032	0.058034	0.160800
36	U	26	2188	2056	0.012646	0	78	2188	32	2113	1976	0.016194	0	26	2113	0	0	0	nan	0	0	0	-0.003548	0.003788	-0.003548	0.003788	-0.094582	0.100980
37	A	33	2198	2081	0.015858	0	78	2198	8	2119	2013	0.003974	0	26	2119	0	0	0	nan	0	0	0	0.011884	0.003098	0.011884	0.003098	0.316801	0.082586
38	A	295	2210	2106	0.140076	0	79	2210	272	2124	2040	0.133333	0	26	2124	0	0	0	nan	0	0	0	0.006743	0.011484	nan	nan	nan	nan
39	A	134	2251	2162	0.061980	0	81	2251	10	2189	2086	0.004794	0	26	2189	0	0	0	nan	0	0	0	0.057186	0.005565	0.057186	0.005565	1.524452	0.148351
40	U	33	2262	2182	0.015124	0	81	2262	26	2200	2101	0.012375	0	26	2200	0	0	0	nan	0	0	0	0.002749	0.003581	0.002749	0.003581	0.073282	0.095462
41	C	20	2266	2188	0.009141	0	81	2266	14	2202	2114	0.006623	0	26	2202	0	0	0	nan	0	0	0	0.002518	0.002704	0.002518	0.002704	0.067124	0.072083
42	U	10	2270	2163	0.004623	0	81	2270	15	2212	2118	0.007082	0	26	2212	0	0	0	nan	0	0	0	-0.002459	0.002341	-0.002459	0.002341	-0.065551	0.062406
43	G	66	2270	2160	0.030556	0	80	2270	35	2214	2123	0.016486	0	25	2214	0	0	0	nan	0	0	0	0.014069	0.004681	0.014069	0.004681	0.375048	0.124785
44	C	36	2270	2157	0.016690	0	80	2270	22	2216	2120	0.010377	0	24	2216	0	0	0	nan	0	0	0	0.006312	0.003554	0.006312	0.003554	0.168264	0.094742
45	C	15	2270	2155	0.006961	0	80	2270	11	2216	2104	0.005228	0	23	2216	0	0	0	nan	0	0	0	0.001732	0.002391	0.001732	0.002391	0.046171	0.063739
46	G	29	2270	2112	0.013731	0	80	2270	24	2218	2054	0.011685	0	21	2218	0	0	0	nan	0	0	0	0.002047	0.003491	0.002047	0.003491	0.054568	0.093062
47	U	26	2275	2108	0.012334	0	79	2275	30	2226	2065	0.014528	0	20	2226	0	0	0	nan	0	0	0	-0.002194	0.003590	-0.002194	0.003590	-0.058487	0.095701
48	C	29	2275	2121	0.013673	0	79	2275	4	2228	2082	0.001921	0	20	2228	0	0	0	nan	0	0	0	0.011752	0.002715	0.011752	0.002715	0.313282	0.072376
49	A	85	2280	2146	0.039609	0	79	2280	11	2229	2119	0.005191	0	19	2229	0	0	0	nan	0	0	0	0.034417	0.004572	0.034417	0.004572	0.917481	0.121879
50	U	14	2283	2141	0.006539	0	78	2283	12	2231	2122	0.005655	0	19	2231	0	0	0	nan	0	0	0	0.000884	0.002391	0.000884	0.002391	0.023565	0.063739
51	C	60	2284	2113	0.028396	0	78	2284	16	2232	2101	0.007615	0	19	2232	0	0	0	nan	0	0	0	0.020780	0.004131	0.020780	0.004131	0.553949	0.110123
52	G	43	2284	2019	0.021298	0	78	2284	2	2232	2015	0.000993	0	19	2232	0	0	0	nan	0	0	0	0.020305	0.003323	0.020305	0.003323	0.541286	0.088584
53	A	25	2284	2031	0.012309	0	78	2284	16	2231	2012	0.007952	0	19	2231	0	0	0	nan	0	0	0	0.004357	0.003164	0.004357	0.003164	0.116148	0.084345
54	C	25	2282	2052	0.012183	0	78	2282	18	2231	2035	0.008845	0	19	2231	0	0	0	nan	0	0	0	0.003338	0.003207	0.003338	0.003207	0.088984	0.085492
55	U	15	2281	2148	0.006983	0	78	2281	34	2231	2120	0.016038	0	19	2231	0	0	0	nan	0	0	0	-0.009054	0.003289	-0.009054	0.003289	-0.241360	0.087677
56	U	37	2281	2142	0.017274	0	87	2281	25	2231	2095	0.011933	0	29	2231	0	0	0	nan	0	0	0	0.005340	0.003709	0.005340	0.003709	0.142353	0.098874
57	C	64	2280	2111	0.030317	0	88	2280	25	2229	2056	0.012160	0	30	2229	0	0	0	nan	0	0	0	0.018158	0.004503	0.018158	0.004503	0.484052	0.120040
58	G	43	2279	2121	0.020273	0	89	2279	7	2228	2059	0.003400	0	31	2228	0	0	0	nan	0	0	0	0.016874	0.003348	0.016874	0.003348	0.449823	0.089250
59	A	18	2278	2118	0.008499	0	90	2278	12	2228	2053	0.005845	0	31	2228	0	0	0	nan	0	0	0	0.002653	0.002619	0.002653	0.002619	0.070723	0.069817
60	A	16	2277	2138	0.007484	0	90	2277	9	2227	2088	0.004310	0	31	2227	0	0	0	nan	0	0	0	0.003173	0.002359	0.003173	0.002359	0.084585	0.062886
61	G	35	2275	2092	0.016730	0	90	2275	27	2226	2030	0.013300	0	31	2226	0	0	0	nan	0	0	0	0.003430	0.003814	0.003430	0.003814	0.091436	0.101673
62	G	78	2274	2076	0.037572	0	90	2274	23	2224	2011	0.011437	0	31	2224	0	0	0	nan	0	0	0	0.026135	0.004877	0.026135	0.004877	0.696701	0.130010
63	U	45	2272	2090	0.021531	0	93	2272	82	2223	2023	0.040534	0	31	2223	0	0	0	nan	0	0	0	-0.019003	0.005508	-0.019003	0.005508	-0.506578	0.146831
64	U	34	2269	2085	0.016307	0	93	2269	44	2223	2046	0.021505	0	31	2223	0	0	0	nan	0	0	0	-0.005198	0.004282	-0.005198	0.004282	-0.138567	0.114149
65	C	36	2268	2061	0.017467	0	93	2268	42	2219	2033	0.020659	0	31	2219	0	0	0	nan	0	0	0	-0.003192	0.004317	-0.003192	0.004317	-0.085092	0.115082
66	G	11	2264	2016	0.005456	0	93	2264	10	2214	1980	0.005051	0	31	2214	0	0	0	nan	0	0	0	0.000406	0.002293	0.000406	0.002293	0.010823	0.061126
67	A	1106	2258	1923	0.575143	0	93	2258	3	2211	1833	0.001637	0	31	2211	0	0	0	nan	0	0	0	0.573506	0.017320	0.573506	0.017320	15.288397	0.461713
68	A	38	2257	1945	0.019537	0	93	2257	22	2209	1854	0.011866	0	31	2209	0	0	0	nan	0	0	0	0.007671	0.004055	0.007671	0.004055	0.204492	0.108097
69	U	13	2252	1938	0.006708	0	93	2252	18	2206	1859	0.009683	0	31	2206	0	0	0	nan	0	0	0	-0.002975	0.002944	-0.002975	0.002944	-0.079307	0.078481
70	C	8	2248	1954	0.004094	0	93	2248	14	2204	1914	0.007315	0	30	2204	0	0	0	nan	0	0	0	-0.003220	0.002432	-0.003220	0.002432	-0.085838	0.064832
71	C	24	2245	1937	0.012390	0	93	2245	40	2201	1915	0.020888	0	30	2201	0	0	0	nan	0	0	0	-0.008497	0.004160	-0.008497	0.004160	-0.226511	0.110896
72	U	15	2242	1951	0.007688	0	93	2242	26	2199	1894	0.013728	0	30	2199	0	0	0	nan	0	0	0	-0.006039	0.003345	-0.006039	0.003345	-0.160986	0.089170
73	U	18	2241	2011	0.008951	0	93	2241	36	2197	1962	0.018349	0	30	2197	0	0	0	nan	0	0	0	-0.009398	0.003715	-0.009398	0.003715	-0.250530	0.099034
74	C	35	2240	1960	0.017857	0	93	2240	37	2194	1916	0.019311	0	30	2194	0	0	0	nan	0	0	0	-0.001454	0.004381	-0.001454	0.004381	-0.038760	0.116788
75	C	23	2236	1932	0.011905	0	93	2236	29	2192	1859	0.015600	0	30	2192	0	0	0	nan	0	0	0	-0.003695	0.003815	-0.003695	0.003815	-0.098500	0.101699
76	C	20	2236	1884	0.010616	0	93	2236	13	2192	1804	0.007206	0	30	2192	0	0	0	nan	0	0	0	0.003410	0.003103	0.003410	0.003103	0.090903	0.082719
77	C	28	2236	1881	0.014886	0	93	2236	19	2191	1806	0.010520	0	30	2191	0	0	0	nan	0	0	0	0.004365	0.003707	0.004365	0.003707	0.116361	0.098820
78	C	10	2230	1516	0.006596	0	93	2230	12	2188	1509	0.007952	0	30	2188	0	0	0	nan	0	0	0	-0.001356	0.003102	-0.001356	0.003102	-0.036148	0.082692
79	A	24	2227	1576	0.015228	0	93	2227	11	2184	1590	0.006918	0	30	2184	0	0	0	nan	0	0	0	0.008310	0.003744	0.008310	0.003744	0.221526	0.099807
80	C	15	2226	1536	0.009766	0	93	2226	15	2184	1567	0.009572	0	30	2184	0	0	0	nan	0	0	0	0.000193	0.003531	0.000193	0.003531	0.005145	0.094129
81	C	72	2223	1625	0.044308	0	93	2223	72	2184	1587	0.045369	0	30	2184	0	0	0	nan	0	0	0	-0.001061	0.007474	-0.001061	0.007474	-0.028284	0.199240
82	A	60	2218	1603	0.037430	0	91	2218	13	2178	1579	0.008233	0	30	2178	0	0	0	nan	0	0	0	0.029197	0.005345	0.029197	0.005345	0.778327	0.142486
83	C	67	2212	1662	0.040313	0	91	2212	6	2169	1630	0.003681	0	30	2169	0	0	0	nan	0	0	0	0.036632	0.005149	0.036632	0.005149	0.976528	0.137261
84	C	76	2203	1819	0.041781	0	90	2203	0	2164	1899	0.000000	0	30	2164	0	0	0	nan	0	0	0	0.041781	0.004793	0.041781	0.004793	1.113789	0.127771
85	A	0	2098	0	nan	0	89	2098	0	2138	0	nan	0	30	2138	0	0	0	nan	0	0	0	nan	nan	nan	nan	nan	nan