0.000000
0.000000
0.000000
0.639608
0.524463
0.443692
0.771416
0.000000
0.340645
0.705662
0.179427
0.442794
0.182895
0.121980
0.000000
0.000000
0.184716
0.241814
0.804143
0.000000
0.138917
0.325978
0.850000
0.103920
0.475297
0.119311
0.850000
0.142434
0.000000
0.000000
0.499169
0.000000
0.001172
0.079075
0.000000
0.146201
0.079224
0.000000
0.850000
0.000000
0.000000
0.065580
0.000000
0.000000
0.000000
0.455241
0.006186
0.143183
0.273569
0.850000
0.850000
0.850000
0.000000
0.270426
0.099455
0.600295
0.000000
0.480186
0.044776
0.063035
0.335457
0.638361
0.000000
0.154583
0.432916
0.000000
0.850000
0.142609
0.000000
0.000000
0.022326
0.000000
0.482880
0.137246
0.027015
0.078576
0.000000
0.089876
0.650234
0.850000
0.000000
0.850000
0.850000
0.798206
0.000000
