0.000000
0.000000
0.000000
0.452395
0.211197
0.033117
0.019989
0.059404
0.850000
0.172246
0.005602
0.001790
0.033183
0.433764
0.070543
0.000000
0.017868
0.000000
0.155108
0.000000
0.032354
0.028840
0.137936
0.850000
0.144599
0.375222
0.065835
0.052575
0.049625
0.000000
0.170489
0.201153
0.101339
0.824467
0.847175
0.137936
0.000000
0.000000
0.173904
0.202678
0.850000
0.047868
0.657525
0.062653
0.261850
0.000000
0.014884
0.193561
0.576872
0.182092
0.105118
0.097394
0.644000
0.000000
0.000000
0.119505
0.000000
0.850000
0.121394
0.000000
0.005669
0.000000
0.165019
0.000000
0.104057
0.048896
0.017901
0.102499
0.137174
0.300138
0.850000
0.000000
0.850000
0.850000
0.850000
0.000000
