0.000000
0.000000
0.020601
0.412891
0.173618
0.015194
0.000000
0.000000
0.850000
0.146792
0.000000
0.000000
0.034819
0.484771
0.188205
0.000000
0.141332
0.567386
0.601360
0.008520
0.010446
0.096068
0.158741
0.408750
0.000000
0.850000
0.096173
0.000000
0.036507
0.308936
0.048588
0.850000
0.000000
0.478334
0.561451
0.000000
0.000000
0.850000
0.000000
0.012714
0.123422
0.628134
0.122736
0.158267
0.639344
0.000000
0.077313
0.063676
0.223710
0.121839
0.061487
0.145104
0.376200
0.000000
0.083354
0.000000
0.000000
0.850000
0.000000
0.000000
0.000000
0.091030
0.069954
0.850000
0.040332
0.105959
0.619825
0.089421
0.052096
0.656648
0.850000
0.000000
0.736388
0.850000
0.850000
0.000000
