0.000000
0.000000
0.850000
0.146071
0.159960
0.130558
0.850000
0.000000
0.399332
0.418231
0.160359
0.296069
0.023766
0.767980
0.000000
0.136422
0.850000
0.129448
0.438838
0.850000
0.000000
0.009706
0.444274
0.117295
0.850000
0.000000
0.826186
0.237777
0.066688
0.850000
0.045341
0.018586
0.000000
0.000000
0.000000
0.474416
0.531797
0.000000
0.250130
0.576739
0.016480
0.089743
0.586701
0.741339
0.366969
0.540336
0.000000
0.000000
0.092959
0.183584
0.113111
0.094923
0.309361
0.790210
0.000000
0.000000
0.070758
0.238432
0.850000
0.000000
0.068994
0.000000
0.000000
0.000000
0.098310
0.000000
0.056783
0.850000
0.003216
0.687317
0.340585
0.208518
0.850000
0.850000
0.850000
0.671179
0.000000
