Nucleotide	Sequence	Modified_mutations	Modified_read_depth	Modified_effective_depth	Modified_rate	Modified_off_target_mapped_depth	Modified_low_mapq_mapped_depth	Modified_mapped_depth	Untreated_mutations	Untreated_read_depth	Untreated_effective_depth	Untreated_rate	Untreated_off_target_mapped_depth	Untreated_low_mapq_mapped_depth	Untreated_mapped_depth	Denatured_mutations	Denatured_read_depth	Denatured_effective_depth	Denatured_rate	Denatured_off_target_mapped_depth	Denatured_low_mapq_mapped_depth	Denatured_mapped_depth	Reactivity_profile	Std_err	HQ_profile	HQ_stderr	Norm_profile	Norm_stderr
1	G	0	39225	38400	0.000000	0	0	39225	0	59226	57950	0.000000	0	0	59226	0	0	0	nan	0	0	0	0.000000	0.000000	0.000000	0.000000	0.000000	0.000000
2	U	0	41137	40041	0.000000	0	0	41137	0	60277	58672	0.000000	0	0	60277	0	0	0	nan	0	0	0	0.000000	0.000000	0.000000	0.000000	0.000000	0.000000
3	C	143	41702	40493	0.003531	0	0	41702	170	60858	59087	0.002877	0	0	60858	0	0	0	nan	0	0	0	0.000654	0.000369	0.000654	0.000369	0.015088	0.008513
4	C	189	41992	40629	0.004652	0	0	41992	210	61084	59033	0.003557	0	0	61084	0	0	0	nan	0	0	0	0.001095	0.000418	0.001095	0.000418	0.025262	0.009643
5	C	204	42160	40485	0.005039	0	0	42160	245	61242	58686	0.004175	0	0	61242	0	0	0	nan	0	0	0	0.000864	0.000442	0.000864	0.000442	0.019933	0.010197
6	C	363	42316	39750	0.009132	0	0	42316	399	61367	57462	0.006944	0	0	61367	0	0	0	nan	0	0	0	0.002188	0.000592	0.002188	0.000592	0.050478	0.013658
7	U	537	42990	40056	0.013406	0	0	42990	645	62022	57462	0.011225	0	0	62022	0	0	0	nan	0	0	0	0.002181	0.000728	0.002181	0.000728	0.050317	0.016795
8	U	572	44652	41753	0.013700	0	0	44652	708	64137	59726	0.011854	0	0	64137	0	0	0	nan	0	0	0	0.001845	0.000726	0.001845	0.000726	0.042565	0.016749
9	C	440	45220	43029	0.010226	0	0	45220	439	64759	61336	0.007157	0	0	64759	0	0	0	nan	0	0	0	0.003068	0.000595	0.003068	0.000595	0.070780	0.013727
10	G	583	45650	43439	0.013421	0	0	45650	390	65227	61838	0.006307	0	0	65227	0	0	0	nan	0	0	0	0.007114	0.000641	0.007114	0.000641	0.164123	0.014788
11	U	912	46247	43846	0.020800	0	0	46247	1171	65896	62160	0.018838	0	0	65896	0	0	0	nan	0	0	0	0.001962	0.000882	0.001962	0.000882	0.045264	0.020348
12	C	531	46490	44120	0.012035	0	0	46490	685	66212	62590	0.010944	0	0	66212	0	0	0	nan	0	0	0	0.001091	0.000669	0.001091	0.000669	0.025170	0.015434
13	U	371	48208	46188	0.008032	0	0	48208	456	68722	65547	0.006957	0	0	68722	0	0	0	nan	0	0	0	0.001076	0.000529	0.001076	0.000529	0.024824	0.012204
14	A	374	48907	46167	0.008101	0	0	48907	251	70335	66137	0.003795	0	0	70335	0	0	0	nan	0	0	0	0.004306	0.000483	0.004306	0.000483	0.099342	0.011143
15	G	542	49097	46785	0.011585	0	0	49097	316	70458	67097	0.004710	0	0	70458	0	0	0	nan	0	0	0	0.006875	0.000564	0.006875	0.000564	0.158610	0.013012
16	A	1853	49203	45945	0.040331	0	0	49203	256	70641	65793	0.003891	0	0	70641	0	0	0	nan	0	0	0	0.036440	0.000968	0.036440	0.000968	0.840688	0.022332
17	G	1743	49368	46145	0.037772	0	0	49368	759	70691	66151	0.011474	0	0	70691	0	0	0	nan	0	0	0	0.026298	0.000996	0.026298	0.000996	0.606708	0.022978
18	G	1147	49434	46349	0.024747	0	0	49434	800	70740	66633	0.012006	0	0	70740	0	0	0	nan	0	0	0	0.012741	0.000845	0.012741	0.000845	0.293941	0.019495
19	C	3380	49542	47217	0.071584	0	0	49542	598	70814	67958	0.008800	0	0	70814	0	0	0	nan	0	0	0	0.062785	0.001283	0.062785	0.001283	1.448480	0.029599
20	C	459	49624	47560	0.009651	0	0	49624	519	70951	68372	0.007591	0	0	70951	0	0	0	nan	0	0	0	0.002060	0.000560	0.002060	0.000560	0.047525	0.012919
21	C	2479	49668	46863	0.052899	0	0	49668	362	71102	67111	0.005394	0	0	71102	0	0	0	nan	0	0	0	0.047505	0.001100	0.047505	0.001100	1.095963	0.025378
22	A	222	49753	46044	0.004821	0	0	49753	163	71212	65917	0.002473	0	0	71212	0	0	0	nan	0	0	0	0.002349	0.000377	0.002349	0.000377	0.054193	0.008698
23	G	813	49761	45314	0.017941	0	0	49761	1061	71217	64763	0.016383	0	0	71217	0	0	0	nan	0	0	0	0.001559	0.000806	0.001559	0.000806	0.035967	0.018595
24	G	379	49764	45586	0.008314	0	0	49764	328	71226	65589	0.005001	0	0	71226	0	0	0	nan	0	0	0	0.003313	0.000509	0.003313	0.000509	0.076433	0.011743
25	A	816	49791	46650	0.017492	0	0	49791	499	71267	67265	0.007418	0	0	71267	0	0	0	nan	0	0	0	0.010074	0.000697	0.010074	0.000697	0.232412	0.016080
26	C	292	49791	47785	0.006111	0	0	49791	251	71262	69205	0.003627	0	0	71262	0	0	0	nan	0	0	0	0.002484	0.000425	0.002484	0.000425	0.057307	0.009805
27	A	2250	49789	47792	0.047079	0	0	49789	613	71271	68835	0.008905	0	0	71271	0	0	0	nan	0	0	0	0.038174	0.001056	0.038174	0.001056	0.880693	0.024362
28	C	502	49796	45441	0.011047	0	0	49796	668	71252	64934	0.010287	0	0	71252	0	0	0	nan	0	0	0	0.000760	0.000634	0.000760	0.000634	0.017534	0.014627
29	C	304	49773	43026	0.007065	0	0	49773	320	71214	61650	0.005191	0	0	71214	0	0	0	nan	0	0	0	0.001875	0.000498	0.001875	0.000498	0.043257	0.011489
30	G	1472	49722	42795	0.034397	0	0	49722	787	71164	61319	0.012835	0	0	71164	0	0	0	nan	0	0	0	0.021562	0.001007	0.021562	0.001007	0.497446	0.023232
31	C	459	49704	44228	0.010378	0	0	49704	611	71129	63639	0.009601	0	0	71129	0	0	0	nan	0	0	0	0.000777	0.000621	0.000777	0.000621	0.017926	0.014327
32	C	238	49664	46353	0.005135	0	0	49664	312	71057	66619	0.004683	0	0	71057	0	0	0	nan	0	0	0	0.000451	0.000426	0.000451	0.000426	0.010405	0.009828
33	C	1487	49530	42321	0.035136	0	0	49530	678	70925	60907	0.011132	0	0	70925	0	0	0	nan	0	0	0	0.024004	0.001006	0.024004	0.001006	0.553784	0.023209
34	U	522	49382	41237	0.012659	0	0	49382	859	70790	59148	0.014523	0	0	70790	0	0	0	nan	0	0	0	-0.001864	0.000743	-0.001864	0.000743	-0.043003	0.017141
35	U	5957	49373	41216	0.144531	0	0	49373	2774	70766	58846	0.047140	0	2	70766	0	0	0	nan	0	0	0	0.097391	0.002076	0.097391	0.002076	2.246857	0.047894
36	U	720	49416	41930	0.017171	0	2	49416	1325	70797	60053	0.022064	0	5	70797	0	0	0	nan	0	0	0	-0.004892	0.000881	-0.004892	0.000881	-0.112861	0.020325
37	C	2590	49298	38919	0.066548	0	2	49298	764	70618	55132	0.013858	0	7	70618	0	0	0	nan	0	0	0	0.052691	0.001400	0.052691	0.001400	1.215607	0.032299
38	A	526	49330	38159	0.013784	0	2	49330	792	70627	54569	0.014514	0	7	70627	0	0	0	nan	0	0	0	-0.000729	0.000792	-0.000729	0.000792	-0.016818	0.018272
39	C	2927	49260	38811	0.075417	0	2	49260	611	70529	54853	0.011139	0	7	70529	0	0	0	nan	0	0	0	0.064278	0.001465	0.064278	0.001465	1.482925	0.033798
40	G	780	49232	41971	0.018584	0	2	49232	556	70400	60488	0.009192	0	7	70400	0	0	0	nan	0	0	0	0.009392	0.000771	0.009392	0.000771	0.216678	0.017787
41	G	1363	49198	42625	0.031977	0	2	49198	480	70351	61246	0.007837	0	7	70351	0	0	0	nan	0	0	0	0.024139	0.000937	0.024139	0.000937	0.556898	0.021617
42	C	401	49179	44031	0.009107	0	2	49179	499	70337	63259	0.007888	0	7	70337	0	0	0	nan	0	0	0	0.001219	0.000576	0.001219	0.000576	0.028123	0.013289
43	G	654	49176	45040	0.014520	0	2	49176	485	70325	64451	0.007525	0	7	70325	0	0	0	nan	0	0	0	0.006995	0.000663	0.006995	0.000663	0.161378	0.015296
44	G	704	49174	44276	0.015900	0	2	49174	268	70317	63457	0.004223	0	7	70317	0	0	0	nan	0	0	0	0.011677	0.000652	0.011677	0.000652	0.269394	0.015042
45	U	419	49162	45214	0.009267	0	2	49162	645	70325	64949	0.009931	0	7	70325	0	0	0	nan	0	0	0	-0.000664	0.000598	-0.000664	0.000598	-0.015319	0.013796
46	A	68	49154	46097	0.001475	0	2	49154	33	70330	66249	0.000498	0	7	70330	0	0	0	nan	0	0	0	0.000977	0.000199	0.000977	0.000199	0.022540	0.004591
47	A	150	49131	46178	0.003248	0	2	49131	152	70322	66336	0.002291	0	7	70322	0	0	0	nan	0	0	0	0.000957	0.000324	0.000957	0.000324	0.022078	0.007475
48	C	296	49062	46015	0.006433	0	2	49062	315	70206	66021	0.004771	0	7	70206	0	0	0	nan	0	0	0	0.001661	0.000461	0.001661	0.000461	0.038320	0.010635
49	A	351	48979	41409	0.008476	0	2	48979	205	70075	58702	0.003492	0	7	70075	0	0	0	nan	0	0	0	0.004984	0.000514	0.004984	0.000514	0.114983	0.011858
50	G	843	48850	40483	0.020824	0	2	48850	946	69866	57091	0.016570	0	7	69866	0	0	0	nan	0	0	0	0.004254	0.000897	0.004254	0.000897	0.098142	0.020694
51	G	834	48816	40130	0.020782	0	2	48816	814	69812	56552	0.014394	0	7	69812	0	0	0	nan	0	0	0	0.006389	0.000879	0.006389	0.000879	0.147397	0.020279
52	G	985	48776	43408	0.022692	0	2	48776	718	69772	61844	0.011610	0	7	69772	0	0	0	nan	0	0	0	0.011082	0.000843	0.011082	0.000843	0.255667	0.019448
53	G	1417	48723	44547	0.031809	0	2	48723	593	69679	63399	0.009353	0	7	69679	0	0	0	nan	0	0	0	0.022456	0.000928	0.022456	0.000928	0.518071	0.021409
54	U	763	48678	44998	0.016956	0	2	48678	1056	69638	64000	0.016500	0	7	69638	0	0	0	nan	0	0	0	0.000456	0.000797	0.000456	0.000797	0.010520	0.018387
55	U	534	48659	43609	0.012245	0	2	48659	1211	69629	62693	0.019316	0	7	69629	0	0	0	nan	0	0	0	-0.007071	0.000767	-0.007071	0.000767	-0.163131	0.017695
56	C	364	48594	42949	0.008475	0	2	48594	313	69588	62182	0.005034	0	7	69588	0	0	0	nan	0	0	0	0.003442	0.000528	0.003442	0.000528	0.079409	0.012181
57	G	102	48562	42170	0.002419	0	2	48562	292	69559	62264	0.004690	0	7	69559	0	0	0	nan	0	0	0	-0.002271	0.000364	-0.002271	0.000364	-0.052393	0.008398
58	A	29311	48520	43077	0.680433	0	2	48520	135	69541	63370	0.002130	0	7	69541	0	0	0	nan	0	0	0	0.678302	0.003979	0.678302	0.003979	15.648755	0.091797
59	A	457	48509	43368	0.010538	0	2	48509	607	69502	61846	0.009815	0	7	69502	0	0	0	nan	0	0	0	0.000723	0.000634	0.000723	0.000634	0.016680	0.014627
60	U	418	48468	40919	0.010215	0	2	48468	912	69440	57691	0.015808	0	7	69440	0	0	0	nan	0	0	0	-0.005593	0.000724	-0.005593	0.000724	-0.129033	0.016703
61	C	167	48410	38990	0.004283	0	2	48410	555	69352	54718	0.010143	0	7	69352	0	0	0	nan	0	0	0	-0.005860	0.000543	-0.005860	0.000543	-0.135193	0.012527
62	C	232	48396	38608	0.006009	0	2	48396	351	69344	55148	0.006365	0	7	69344	0	0	0	nan	0	0	0	-0.000356	0.000521	-0.000356	0.000521	-0.008213	0.012020
63	C	269	48356	40747	0.006602	0	2	48356	362	69254	58249	0.006215	0	5	69254	0	0	0	nan	0	0	0	0.000387	0.000518	0.000387	0.000518	0.008928	0.011951
64	C	415	48269	39230	0.010579	0	2	48269	586	69099	55545	0.010550	0	5	69099	0	0	0	nan	0	0	0	0.000029	0.000678	0.000029	0.000678	0.000669	0.015642
65	U	614	48138	40839	0.015035	0	1	48138	729	68804	57543	0.012669	0	2	68804	0	0	0	nan	0	0	0	0.002366	0.000767	0.002366	0.000767	0.054585	0.017695
66	A	225	48075	39563	0.005687	0	1	48075	216	68715	55505	0.003892	0	1	68715	0	0	0	nan	0	0	0	0.001796	0.000462	0.001796	0.000462	0.041435	0.010659
67	G	879	47945	40601	0.021650	0	1	47945	907	68478	57557	0.015758	0	1	68478	0	0	0	nan	0	0	0	0.005891	0.000898	0.005891	0.000898	0.135908	0.020717
68	G	915	47914	39500	0.023165	0	1	47914	708	68426	56101	0.012620	0	1	68426	0	0	0	nan	0	0	0	0.010544	0.000901	0.010544	0.000901	0.243255	0.020787
69	G	1530	47872	40556	0.037726	0	1	47872	859	68370	58042	0.014800	0	1	68370	0	0	0	nan	0	0	0	0.022926	0.001089	0.022926	0.001089	0.528914	0.025124
70	G	2389	47844	38320	0.062343	0	1	47844	303	68342	54138	0.005597	0	1	68342	0	0	0	nan	0	0	0	0.056747	0.001315	0.056747	0.001315	1.309181	0.030338
71	A	615	47832	39469	0.015582	0	1	47832	502	68322	55812	0.008994	0	1	68322	0	0	0	nan	0	0	0	0.006587	0.000746	0.006587	0.000746	0.151965	0.017211
72	C	565	47825	38828	0.014551	0	1	47825	534	68317	54995	0.009710	0	1	68317	0	0	0	nan	0	0	0	0.004841	0.000743	0.004841	0.000743	0.111684	0.017141
73	G	2208	47803	42632	0.051792	0	1	47803	511	68298	61300	0.008336	0	1	68298	0	0	0	nan	0	0	0	0.043456	0.001162	0.043456	0.001162	1.002551	0.026808
74	C	1431	47734	42057	0.034025	0	1	47734	341	68240	60676	0.005620	0	1	68240	0	0	0	nan	0	0	0	0.028405	0.000950	0.028405	0.000950	0.655317	0.021917
75	C	693	47688	40394	0.017156	0	1	47688	100	68174	59687	0.001675	0	1	68174	0	0	0	nan	0	0	0	0.015481	0.000673	0.015481	0.000673	0.357154	0.015526
76	A	0	45803	0	nan	0	0	45803	0	67416	0	nan	0	1	67416	0	0	0	nan	0	0	0	nan	nan	nan	nan	nan	nan