Nucleotide	Sequence	Modified_mutations	Modified_read_depth	Modified_effective_depth	Modified_rate	Modified_off_target_mapped_depth	Modified_low_mapq_mapped_depth	Modified_mapped_depth	Untreated_mutations	Untreated_read_depth	Untreated_effective_depth	Untreated_rate	Untreated_off_target_mapped_depth	Untreated_low_mapq_mapped_depth	Untreated_mapped_depth	Denatured_mutations	Denatured_read_depth	Denatured_effective_depth	Denatured_rate	Denatured_off_target_mapped_depth	Denatured_low_mapq_mapped_depth	Denatured_mapped_depth	Reactivity_profile	Std_err	HQ_profile	HQ_stderr	Norm_profile	Norm_stderr
1	C	0	7053	6903	0.000000	0	180	7053	0	5074	4975	0.000000	0	124	5074	0	0	0	nan	0	0	0	0.000000	0.000000	0.000000	0.000000	0.000000	0.000000
2	G	0	7618	7407	0.000000	0	190	7618	0	5141	5018	0.000000	0	126	5141	0	0	0	nan	0	0	0	0.000000	0.000000	0.000000	0.000000	0.000000	0.000000
3	C	91	8063	7682	0.011846	0	202	8063	51	5208	4979	0.010243	0	128	5208	0	0	0	nan	0	0	0	0.001603	0.001897	0.001603	0.001897	0.034628	0.040979
4	G	259	8097	7640	0.033901	0	204	8097	53	5211	4936	0.010737	0	128	5211	0	0	0	nan	0	0	0	0.023163	0.002571	0.023163	0.002571	0.500363	0.055538
5	G	237	8156	7581	0.031262	0	204	8156	63	5226	4874	0.012926	0	128	5226	0	0	0	nan	0	0	0	0.018337	0.002603	0.018337	0.002603	0.396112	0.056229
6	G	304	8186	7575	0.040132	0	204	8186	57	5237	4896	0.011642	0	128	5237	0	0	0	nan	0	0	0	0.028490	0.002771	0.028490	0.002771	0.615435	0.059859
7	G	483	8236	7600	0.063553	0	208	8236	69	5244	4894	0.014099	0	129	5244	0	0	0	nan	0	0	0	0.049454	0.003353	0.049454	0.003353	1.068296	0.072431
8	U	1352	8414	7830	0.172669	0	212	8414	626	5313	4963	0.126133	0	130	5313	0	0	0	nan	0	0	0	0.046536	0.006890	nan	nan	nan	nan
9	G	133	8585	8011	0.016602	0	215	8585	46	5398	5056	0.009098	0	133	5398	0	0	0	nan	0	0	0	0.007504	0.001968	0.007504	0.001968	0.162100	0.042512
10	G	112	8682	8066	0.013885	0	217	8682	23	5433	5081	0.004527	0	133	5433	0	0	0	nan	0	0	0	0.009359	0.001616	0.009359	0.001616	0.202171	0.034909
11	A	158	8742	8190	0.019292	0	221	8742	20	5462	5149	0.003884	0	135	5462	0	0	0	nan	0	0	0	0.015408	0.001763	0.015408	0.001763	0.332841	0.038084
12	G	128	8786	8334	0.015359	0	221	8786	48	5473	5209	0.009215	0	135	5473	0	0	0	nan	0	0	0	0.006144	0.001901	0.006144	0.001901	0.132721	0.041065
13	C	59	8835	8379	0.007041	0	222	8835	25	5490	5147	0.004857	0	137	5490	0	0	0	nan	0	0	0	0.002184	0.001336	0.002184	0.001336	0.047178	0.028860
14	A	355	8862	8386	0.042332	0	223	8862	6	5498	5172	0.001160	0	138	5498	0	0	0	nan	0	0	0	0.041172	0.002296	0.041172	0.002296	0.889390	0.049598
15	G	135	8945	8429	0.016016	0	226	8945	57	5501	5146	0.011077	0	138	5501	0	0	0	nan	0	0	0	0.004940	0.002013	0.004940	0.002013	0.106713	0.043484
16	C	245	8972	8584	0.028541	0	227	8972	55	5507	5304	0.010370	0	139	5507	0	0	0	nan	0	0	0	0.018172	0.002298	0.018172	0.002298	0.392548	0.049641
17	C	1278	8998	8669	0.147422	0	228	8998	56	5519	5329	0.010509	0	139	5519	0	0	0	nan	0	0	0	0.136913	0.004356	0.136913	0.004356	2.957568	0.094097
18	U	138	9107	8743	0.015784	0	231	9107	42	5556	5359	0.007837	0	139	5556	0	0	0	nan	0	0	0	0.007947	0.001808	0.007947	0.001808	0.171670	0.039056
19	G	290	9136	8712	0.033287	0	232	9136	65	5565	5351	0.012147	0	139	5565	0	0	0	nan	0	0	0	0.021140	0.002468	0.021140	0.002468	0.456662	0.053313
20	G	475	9191	8815	0.053885	0	232	9191	50	5572	5351	0.009344	0	139	5572	0	0	0	nan	0	0	0	0.044541	0.002803	0.044541	0.002803	0.962166	0.060550
21	U	113	9249	8884	0.012719	0	234	9249	56	5589	5357	0.010454	0	139	5589	0	0	0	nan	0	0	0	0.002266	0.001839	0.002266	0.001839	0.048950	0.039726
22	A	26	9257	8919	0.002915	0	234	9257	8	5593	5400	0.001481	0	139	5593	0	0	0	nan	0	0	0	0.001434	0.000775	0.001434	0.000775	0.030977	0.016741
23	G	223	9267	8927	0.024980	0	234	9267	62	5597	5396	0.011490	0	139	5597	0	0	0	nan	0	0	0	0.013490	0.002220	0.013490	0.002220	0.291408	0.047956
24	C	78	9271	8936	0.008729	0	233	9271	33	5602	5419	0.006090	0	136	5602	0	0	0	nan	0	0	0	0.002639	0.001449	0.002639	0.001449	0.057007	0.031301
25	U	104	9289	8853	0.011747	0	233	9289	58	5627	5334	0.010874	0	133	5627	0	0	0	nan	0	0	0	0.000874	0.001835	0.000874	0.001835	0.018880	0.039639
26	C	103	9293	8759	0.011759	0	228	9293	33	5635	5288	0.006241	0	132	5635	0	0	0	nan	0	0	0	0.005519	0.001588	0.005519	0.001588	0.119220	0.034304
27	G	226	9301	8628	0.026194	0	226	9301	51	5640	5216	0.009778	0	130	5640	0	0	0	nan	0	0	0	0.016416	0.002216	0.016416	0.002216	0.354615	0.047870
28	U	238	9312	8747	0.027209	0	223	9312	122	5653	5291	0.023058	0	128	5653	0	0	0	nan	0	0	0	0.004151	0.002733	0.004151	0.002733	0.089669	0.059038
29	C	94	9314	8684	0.010825	0	218	9314	35	5658	5268	0.006644	0	124	5658	0	0	0	nan	0	0	0	0.004181	0.001584	0.004181	0.001584	0.090317	0.034217
30	G	214	9314	8630	0.024797	0	215	9314	76	5660	5230	0.014532	0	119	5660	0	0	0	nan	0	0	0	0.010266	0.002377	0.010266	0.002377	0.221764	0.051347
31	G	178	9316	8521	0.020890	0	212	9316	53	5661	5185	0.010222	0	115	5661	0	0	0	nan	0	0	0	0.010668	0.002103	0.010668	0.002103	0.230448	0.045429
32	G	269	9318	8567	0.031400	0	212	9318	71	5662	5234	0.013565	0	114	5662	0	0	0	nan	0	0	0	0.017834	0.002501	0.017834	0.002501	0.385247	0.054026
33	C	569	9325	8687	0.065500	0	211	9325	300	5662	5321	0.056380	0	110	5662	0	0	0	nan	0	0	0	0.009120	0.004259	nan	nan	nan	nan
34	U	153	9345	8809	0.017369	0	209	9345	98	5677	5398	0.018155	0	110	5677	0	0	0	nan	0	0	0	-0.000786	0.002310	-0.000786	0.002310	-0.016979	0.049900
35	C	748	9346	8701	0.085967	0	207	9346	9	5681	5339	0.001686	0	110	5681	0	0	0	nan	0	0	0	0.084281	0.003193	0.084281	0.003193	1.820622	0.068975
36	A	235	9371	8690	0.027043	0	204	9371	14	5693	5293	0.002645	0	108	5693	0	0	0	nan	0	0	0	0.024398	0.001900	0.024398	0.001900	0.527041	0.041043
37	U	136	9376	8654	0.015715	0	201	9376	42	5696	5279	0.007956	0	107	5696	0	0	0	nan	0	0	0	0.007759	0.001823	0.007759	0.001823	0.167608	0.039380
38	A	308	9378	8213	0.037502	0	199	9378	9	5698	4984	0.001806	0	107	5698	0	0	0	nan	0	0	0	0.035696	0.002220	0.035696	0.002220	0.771098	0.047956
39	A	885	9384	8214	0.107743	0	194	9384	34	5698	5010	0.006786	0	105	5698	0	0	0	nan	0	0	0	0.100956	0.003804	0.100956	0.003804	2.180832	0.082173
40	C	88	9391	8137	0.010815	0	194	9391	66	5699	4983	0.013245	0	105	5699	0	0	0	nan	0	0	0	-0.002430	0.001997	-0.002430	0.001997	-0.052492	0.043139
41	C	64	9393	8612	0.007431	0	192	9393	33	5699	5327	0.006195	0	105	5699	0	0	0	nan	0	0	0	0.001237	0.001423	0.001237	0.001423	0.026721	0.030739
42	C	55	9393	8552	0.006431	0	190	9393	41	5700	5271	0.007778	0	102	5700	0	0	0	nan	0	0	0	-0.001347	0.001493	-0.001347	0.001493	-0.029098	0.032251
43	G	283	9393	8584	0.032968	0	186	9393	24	5700	5253	0.004569	0	102	5700	0	0	0	nan	0	0	0	0.028399	0.002170	0.028399	0.002170	0.613470	0.046876
44	A	71	9394	8681	0.008179	0	183	9394	21	5703	5286	0.003973	0	98	5703	0	0	0	nan	0	0	0	0.004206	0.001301	0.004206	0.001301	0.090857	0.028104
45	A	58	9396	8678	0.006684	0	168	9396	25	5703	5283	0.004732	0	90	5703	0	0	0	nan	0	0	0	0.001951	0.001291	0.001951	0.001291	0.042145	0.027888
46	G	234	9397	8519	0.027468	0	152	9397	99	5703	5184	0.019097	0	78	5703	0	0	0	nan	0	0	0	0.008371	0.002628	0.008371	0.002628	0.180829	0.056770
47	G	51	9397	8207	0.006214	0	140	9397	39	5703	4982	0.007828	0	66	5703	0	0	0	nan	0	0	0	-0.001614	0.001526	-0.001614	0.001526	-0.034865	0.032964
48	U	122	9393	8212	0.014856	0	142	9393	70	5702	4990	0.014028	0	67	5702	0	0	0	nan	0	0	0	0.000828	0.002149	0.000828	0.002149	0.017886	0.046422
49	C	82	9386	8190	0.010012	0	144	9386	51	5702	5000	0.010200	0	67	5702	0	0	0	nan	0	0	0	-0.000188	0.001806	-0.000188	0.001806	-0.004061	0.039013
50	G	341	9380	8357	0.040804	0	145	9380	34	5698	5085	0.006686	0	68	5698	0	0	0	nan	0	0	0	0.034118	0.002489	0.034118	0.002489	0.737010	0.053767
51	U	156	9375	8442	0.018479	0	144	9375	86	5696	5129	0.016767	0	68	5696	0	0	0	nan	0	0	0	0.001712	0.002336	0.001712	0.002336	0.036982	0.050462
52	C	83	9370	8583	0.009670	0	144	9370	39	5688	5216	0.007477	0	68	5688	0	0	0	nan	0	0	0	0.002193	0.001600	0.002193	0.001600	0.047373	0.034563
53	G	210	9364	8644	0.024294	0	144	9364	50	5678	5285	0.009461	0	69	5678	0	0	0	nan	0	0	0	0.014834	0.002145	0.014834	0.002145	0.320441	0.046336
54	G	226	9360	8427	0.026819	0	144	9360	50	5677	5140	0.009728	0	69	5677	0	0	0	nan	0	0	0	0.017091	0.002253	0.017091	0.002253	0.369196	0.048669
55	U	141	9356	8416	0.016754	0	144	9356	122	5676	5129	0.023786	0	69	5676	0	0	0	nan	0	0	0	-0.007033	0.002575	-0.007033	0.002575	-0.151925	0.055625
56	U	140	9354	8371	0.016724	0	144	9354	84	5676	5059	0.016604	0	69	5676	0	0	0	nan	0	0	0	0.000120	0.002298	0.000120	0.002298	0.002592	0.049641
57	C	121	9349	8528	0.014189	0	143	9349	46	5675	5205	0.008838	0	69	5675	0	0	0	nan	0	0	0	0.005351	0.001833	0.005351	0.001833	0.115591	0.039596
58	A	152	9347	8586	0.017703	0	143	9347	12	5671	5252	0.002285	0	69	5671	0	0	0	nan	0	0	0	0.015418	0.001580	0.015418	0.001580	0.333057	0.034131
59	A	730	9337	8557	0.085310	0	143	9337	4	5668	5186	0.000771	0	69	5668	0	0	0	nan	0	0	0	0.084539	0.003181	0.084539	0.003181	1.826195	0.068715
60	A	127	9327	8300	0.015301	0	143	9327	56	5661	5013	0.011171	0	69	5661	0	0	0	nan	0	0	0	0.004130	0.002018	0.004130	0.002018	0.089215	0.043592
61	U	104	9295	7973	0.013044	0	143	9295	67	5650	4849	0.013817	0	68	5650	0	0	0	nan	0	0	0	-0.000773	0.002118	-0.000773	0.002118	-0.016698	0.045753
62	C	112	9286	7853	0.014262	0	143	9286	57	5646	4801	0.011873	0	68	5646	0	0	0	nan	0	0	0	0.002390	0.002071	0.002390	0.002071	0.051628	0.044737
63	C	57	9277	7580	0.007520	0	143	9277	21	5643	4610	0.004555	0	68	5643	0	0	0	nan	0	0	0	0.002964	0.001407	0.002964	0.001407	0.064028	0.030394
64	G	110	9265	7386	0.014893	0	143	9265	39	5637	4531	0.008607	0	68	5637	0	0	0	nan	0	0	0	0.006286	0.001979	0.006286	0.001979	0.135789	0.042750
65	G	158	9259	7499	0.021069	0	143	9259	57	5633	4615	0.012351	0	68	5633	0	0	0	nan	0	0	0	0.008718	0.002342	0.008718	0.002342	0.188325	0.050591
66	C	120	9258	7780	0.015424	0	143	9258	48	5628	4838	0.009921	0	68	5628	0	0	0	nan	0	0	0	0.005503	0.002008	0.005503	0.002008	0.118875	0.043376
67	C	48	9254	8076	0.005944	0	143	9254	25	5623	4953	0.005047	0	68	5623	0	0	0	nan	0	0	0	0.000896	0.001325	0.000896	0.001325	0.019355	0.028622
68	C	41	9252	8157	0.005026	0	143	9252	21	5619	5000	0.004200	0	67	5619	0	0	0	nan	0	0	0	0.000826	0.001207	0.000826	0.001207	0.017843	0.026073
69	C	36	9247	8306	0.004334	0	143	9247	26	5618	5036	0.005163	0	66	5618	0	0	0	nan	0	0	0	-0.000829	0.001244	-0.000829	0.001244	-0.017908	0.026873
70	C	50	9233	8027	0.006229	0	142	9233	20	5609	4883	0.004096	0	65	5609	0	0	0	nan	0	0	0	0.002133	0.001271	0.002133	0.001271	0.046077	0.027456
71	G	477	9227	8084	0.059005	0	142	9227	39	5604	4907	0.007948	0	64	5604	0	0	0	nan	0	0	0	0.051058	0.002986	0.051058	0.002986	1.102945	0.064503
72	C	40	9225	7771	0.005147	0	142	9225	20	5601	4693	0.004262	0	64	5601	0	0	0	nan	0	0	0	0.000886	0.001253	0.000886	0.001253	0.019139	0.027067
73	A	104	9222	7237	0.014371	0	142	9222	15	5601	4326	0.003467	0	64	5601	0	0	0	nan	0	0	0	0.010903	0.001670	0.010903	0.001670	0.235524	0.036075
74	A	49	9195	7205	0.006801	0	141	9195	2	5592	4320	0.000463	0	63	5592	0	0	0	nan	0	0	0	0.006338	0.001025	0.006338	0.001025	0.136912	0.022142
75	C	487	9187	7353	0.066231	0	141	9187	26	5591	4429	0.005870	0	63	5591	0	0	0	nan	0	0	0	0.060361	0.003214	0.060361	0.003214	1.303907	0.069428
76	C	330	9145	7639	0.043199	0	141	9145	7	5577	4879	0.001435	0	63	5577	0	0	0	nan	0	0	0	0.041765	0.002439	0.041765	0.002439	0.902199	0.052687
77	A	0	8572	0	nan	0	132	8572	0	5452	0	nan	0	62	5452	0	0	0	nan	0	0	0	nan	nan	nan	nan	nan	nan