Nucleotide	Sequence	Modified_mutations	Modified_read_depth	Modified_effective_depth	Modified_rate	Modified_off_target_mapped_depth	Modified_low_mapq_mapped_depth	Modified_mapped_depth	Untreated_mutations	Untreated_read_depth	Untreated_effective_depth	Untreated_rate	Untreated_off_target_mapped_depth	Untreated_low_mapq_mapped_depth	Untreated_mapped_depth	Denatured_mutations	Denatured_read_depth	Denatured_effective_depth	Denatured_rate	Denatured_off_target_mapped_depth	Denatured_low_mapq_mapped_depth	Denatured_mapped_depth	Reactivity_profile	Std_err	HQ_profile	HQ_stderr	Norm_profile	Norm_stderr
1	G	0	2810	2683	0.000000	0	0	2810	0	4639	4422	0.000000	0	0	4639	0	0	0	nan	0	0	0	0.000000	0.000000	0.000000	0.000000	0.000000	0.000000
2	G	0	2926	2770	0.000000	0	0	2926	0	4746	4493	0.000000	0	0	4746	0	0	0	nan	0	0	0	0.000000	0.000000	0.000000	0.000000	0.000000	0.000000
3	U	53	3066	2889	0.018345	0	0	3066	55	4804	4554	0.012077	0	0	4804	0	0	0	nan	0	0	0	0.006268	0.003000	0.006268	0.003000	0.141405	0.067680
4	G	64	3084	2937	0.021791	0	0	3084	11	4824	4640	0.002371	0	0	4824	0	0	0	nan	0	0	0	0.019420	0.002816	0.019420	0.002816	0.438113	0.063529
5	A	20	3121	2965	0.006745	0	0	3121	24	4834	4587	0.005232	0	0	4834	0	0	0	nan	0	0	0	0.001513	0.001848	0.001513	0.001848	0.034133	0.041691
6	G	93	3138	2981	0.031198	0	0	3138	44	4839	4583	0.009601	0	0	4839	0	0	0	nan	0	0	0	0.021597	0.003544	0.021597	0.003544	0.487225	0.079952
7	G	100	3161	2950	0.033898	0	0	3161	33	4858	4543	0.007264	0	0	4858	0	0	0	nan	0	0	0	0.026634	0.003618	0.026634	0.003618	0.600860	0.081622
8	U	900	3220	3010	0.299003	0	0	3220	937	4923	4625	0.202595	0	0	4923	0	0	0	nan	0	0	0	0.096409	0.011964	nan	nan	nan	nan
9	G	66	3321	3131	0.021080	0	0	3321	36	5033	4746	0.007585	0	0	5033	0	0	0	nan	0	0	0	0.013494	0.002886	0.013494	0.002886	0.304423	0.065108
10	G	204	3360	3192	0.063910	0	0	3360	88	5056	4812	0.018288	0	0	5056	0	0	0	nan	0	0	0	0.045622	0.004881	0.045622	0.004881	1.029226	0.110115
11	C	44	3411	3253	0.013526	0	0	3411	63	5070	4861	0.012960	0	0	5070	0	0	0	nan	0	0	0	0.000566	0.002612	0.000566	0.002612	0.012769	0.058926
12	C	56	3437	3313	0.016903	0	0	3437	35	5087	4929	0.007101	0	0	5087	0	0	0	nan	0	0	0	0.009802	0.002558	0.009802	0.002558	0.221132	0.057708
13	G	43	3456	3313	0.012979	0	0	3456	17	5109	4915	0.003459	0	0	5109	0	0	0	nan	0	0	0	0.009520	0.002150	0.009520	0.002150	0.214770	0.048504
14	A	102	3481	3360	0.030357	0	0	3481	30	5126	4958	0.006051	0	0	5126	0	0	0	nan	0	0	0	0.024306	0.003202	0.024306	0.003202	0.548340	0.072237
15	G	66	3522	3393	0.019452	0	0	3522	20	5137	4935	0.004053	0	0	5137	0	0	0	nan	0	0	0	0.015399	0.002560	0.015399	0.002560	0.347399	0.057753
16	A	158	3556	3434	0.046010	0	0	3556	23	5152	4955	0.004642	0	0	5152	0	0	0	nan	0	0	0	0.041369	0.003786	0.041369	0.003786	0.933279	0.085412
17	G	145	3606	3468	0.041811	0	0	3606	64	5162	4969	0.012880	0	0	5162	0	0	0	nan	0	0	0	0.028931	0.003827	0.028931	0.003827	0.652680	0.086337
18	G	126	3649	3549	0.035503	0	0	3649	42	5176	5039	0.008335	0	0	5176	0	0	0	nan	0	0	0	0.027168	0.003414	0.027168	0.003414	0.612907	0.077019
19	C	229	3734	3638	0.062947	0	0	3734	58	5201	5075	0.011429	0	0	5201	0	0	0	nan	0	0	0	0.051518	0.004422	0.051518	0.004422	1.162239	0.099760
20	U	36	4018	3889	0.009257	0	0	4018	85	5244	5099	0.016670	0	0	5244	0	0	0	nan	0	0	0	-0.007413	0.002377	-0.007413	0.002377	-0.167236	0.053625
21	G	88	4088	3907	0.022524	0	0	4088	16	5280	5040	0.003175	0	0	5280	0	0	0	nan	0	0	0	0.019349	0.002529	0.019349	0.002529	0.436511	0.057054
22	A	97	4396	4139	0.023436	0	0	4396	10	5351	5012	0.001995	0	0	5351	0	0	0	nan	0	0	0	0.021440	0.002462	0.021440	0.002462	0.483684	0.055542
23	A	500	4496	4217	0.118568	0	0	4496	18	5373	5010	0.003593	0	0	5373	0	0	0	nan	0	0	0	0.114975	0.005370	0.114975	0.005370	2.593821	0.121146
24	G	90	5007	4684	0.019214	0	0	5007	65	5399	5078	0.012800	0	0	5399	0	0	0	nan	0	0	0	0.006414	0.002573	0.006414	0.002573	0.144699	0.058047
25	G	193	5072	4818	0.040058	0	0	5072	35	5406	5186	0.006749	0	0	5406	0	0	0	nan	0	0	0	0.033309	0.003101	0.033309	0.003101	0.751447	0.069958
26	C	85	5151	4899	0.017350	0	0	5151	39	5418	5208	0.007488	0	0	5418	0	0	0	nan	0	0	0	0.009862	0.002231	0.009862	0.002231	0.222485	0.050331
27	G	180	5162	4968	0.036232	0	0	5162	62	5431	5248	0.011814	0	0	5431	0	0	0	nan	0	0	0	0.024418	0.003089	0.024418	0.003089	0.550867	0.069687
28	C	48	5182	4966	0.009666	0	0	5182	33	5442	5229	0.006311	0	0	5442	0	0	0	nan	0	0	0	0.003355	0.001776	0.003355	0.001776	0.075688	0.040066
29	U	51	5238	5023	0.010153	0	0	5238	50	5504	5292	0.009448	0	0	5504	0	0	0	nan	0	0	0	0.000705	0.001951	0.000705	0.001951	0.015905	0.044014
30	C	118	5268	4950	0.023838	0	0	5268	59	5551	5286	0.011162	0	0	5551	0	0	0	nan	0	0	0	0.012677	0.002632	0.012677	0.002632	0.285991	0.059378
31	C	64	5352	5016	0.012759	0	0	5352	52	5656	5360	0.009701	0	0	5656	0	0	0	nan	0	0	0	0.003058	0.002087	0.003058	0.002087	0.068988	0.047082
32	C	14	5366	4991	0.002805	0	0	5366	50	5747	5460	0.009158	0	0	5747	0	0	0	nan	0	0	0	-0.006352	0.001496	-0.006352	0.001496	-0.143300	0.033750
33	C	3879	5382	5037	0.770101	0	0	5382	392	5783	5508	0.071169	0	0	5783	0	0	0	nan	0	0	0	0.698932	0.012877	nan	nan	nan	nan
34	U	21	5784	5401	0.003888	0	0	5784	32	5905	5630	0.005684	0	0	5905	0	0	0	nan	0	0	0	-0.001796	0.001315	-0.001796	0.001315	-0.040518	0.029666
35	G	110	5808	5426	0.020273	0	0	5808	72	5939	5636	0.012775	0	0	5939	0	0	0	nan	0	0	0	0.007498	0.002450	0.007498	0.002450	0.169154	0.055272
36	C	296	6012	5638	0.052501	0	0	6012	69	6008	5664	0.012182	0	0	6008	0	0	0	nan	0	0	0	0.040319	0.003386	0.040319	0.003386	0.909591	0.076388
37	U	54	6167	5760	0.009375	0	0	6167	44	6133	5751	0.007651	0	0	6133	0	0	0	nan	0	0	0	0.001724	0.001720	0.001724	0.001720	0.038893	0.038803
38	A	212	6225	5872	0.036104	0	0	6225	304	6190	5850	0.051966	0	0	6190	0	0	0	nan	0	0	0	-0.015862	0.003877	nan	nan	nan	nan
39	A	159	6316	5976	0.026606	0	0	6316	26	6363	6087	0.004271	0	0	6363	0	0	0	nan	0	0	0	0.022335	0.002270	0.022335	0.002270	0.503875	0.051211
40	G	215	6393	6015	0.035744	0	0	6393	70	6374	6113	0.011451	0	0	6374	0	0	0	nan	0	0	0	0.024293	0.002796	0.024293	0.002796	0.548047	0.063077
41	G	195	6412	5966	0.032685	0	0	6412	93	6378	6064	0.015336	0	0	6378	0	0	0	nan	0	0	0	0.017349	0.002830	0.017349	0.002830	0.391391	0.063844
42	G	221	6426	6048	0.036541	0	0	6426	21	6381	6091	0.003448	0	0	6381	0	0	0	nan	0	0	0	0.033093	0.002571	0.033093	0.002571	0.746574	0.058001
43	A	51	6426	6116	0.008339	0	0	6426	16	6382	6165	0.002595	0	0	6382	0	0	0	nan	0	0	0	0.005743	0.001336	0.005743	0.001336	0.129561	0.030140
44	G	425	6427	6161	0.068982	0	0	6427	38	6379	6194	0.006135	0	0	6379	0	0	0	nan	0	0	0	0.062847	0.003491	0.062847	0.003491	1.417820	0.078757
45	U	39	6439	6175	0.006316	0	0	6439	34	6386	6200	0.005484	0	0	6386	0	0	0	nan	0	0	0	0.000832	0.001381	0.000832	0.001381	0.018770	0.031155
46	A	40	6442	6162	0.006491	0	0	6442	30	6394	6162	0.004869	0	0	6394	0	0	0	nan	0	0	0	0.001623	0.001358	0.001623	0.001358	0.036615	0.030636
47	U	55	6447	6092	0.009028	0	0	6447	61	6398	6120	0.009967	0	0	6398	0	0	0	nan	0	0	0	-0.000939	0.001764	-0.000939	0.001764	-0.021184	0.039796
48	G	295	6449	5994	0.049216	0	0	6449	61	6404	6068	0.010053	0	0	6404	0	0	0	nan	0	0	0	0.039163	0.003141	0.039163	0.003141	0.883512	0.070861
49	C	103	6457	5971	0.017250	0	0	6457	85	6409	6046	0.014059	0	0	6409	0	0	0	nan	0	0	0	0.003191	0.002283	0.003191	0.002283	0.071989	0.051504
50	G	164	6458	5959	0.027521	0	0	6458	75	6411	6046	0.012405	0	0	6411	0	0	0	nan	0	0	0	0.015117	0.002583	0.015117	0.002583	0.341038	0.058272
51	G	333	6460	5998	0.055519	0	0	6460	66	6411	6038	0.010931	0	0	6411	0	0	0	nan	0	0	0	0.044588	0.003327	0.044588	0.003327	1.005899	0.075057
52	U	84	6469	6117	0.013732	0	0	6469	95	6426	6145	0.015460	0	0	6426	0	0	0	nan	0	0	0	-0.001728	0.002182	-0.001728	0.002182	-0.038983	0.049226
53	C	115	6470	6247	0.018409	0	0	6470	29	6427	6274	0.004622	0	0	6427	0	0	0	nan	0	0	0	0.013787	0.001919	0.013787	0.001919	0.311033	0.043292
54	A	276	6477	6357	0.043417	0	0	6477	11	6434	6363	0.001729	0	0	6434	0	0	0	nan	0	0	0	0.041688	0.002665	0.041688	0.002665	0.940476	0.060122
55	A	139	6478	6310	0.022029	0	0	6478	13	6437	6327	0.002055	0	0	6437	0	0	0	nan	0	0	0	0.019974	0.001953	0.019974	0.001953	0.450611	0.044059
56	A	308	6478	6208	0.049613	0	0	6478	10	6438	6225	0.001606	0	0	6438	0	0	0	nan	0	0	0	0.048007	0.002872	0.048007	0.002872	1.083032	0.064792
57	A	385	6477	6133	0.062775	0	0	6477	20	6433	6172	0.003240	0	0	6433	0	0	0	nan	0	0	0	0.059535	0.003280	0.059535	0.003280	1.343102	0.073996
58	G	140	6480	6074	0.023049	0	0	6480	66	6434	6119	0.010786	0	1	6434	0	0	0	nan	0	0	0	0.012263	0.002357	0.012263	0.002357	0.276652	0.053174
59	C	75	6480	6085	0.012325	0	0	6480	53	6434	6138	0.008635	0	1	6434	0	0	0	nan	0	0	0	0.003691	0.001853	0.003691	0.001853	0.083268	0.041803
60	U	39	6480	6031	0.006467	0	0	6480	49	6434	6069	0.008074	0	1	6434	0	0	0	nan	0	0	0	-0.001607	0.001550	-0.001607	0.001550	-0.036254	0.034968
61	G	198	6482	6033	0.032819	0	0	6482	67	6437	6065	0.011047	0	1	6437	0	0	0	nan	0	0	0	0.021773	0.002695	0.021773	0.002695	0.491196	0.060799
62	C	48	6482	6040	0.007947	0	0	6482	18	6437	6053	0.002974	0	1	6437	0	0	0	nan	0	0	0	0.004973	0.001344	0.004973	0.001344	0.112190	0.030320
63	A	81	6482	6141	0.013190	0	0	6482	42	6434	6156	0.006823	0	1	6434	0	0	0	nan	0	0	0	0.006367	0.001804	0.006367	0.001804	0.143639	0.040698
64	U	108	6481	6156	0.017544	0	0	6481	108	6433	6171	0.017501	0	1	6433	0	0	0	nan	0	0	0	0.000043	0.002385	0.000043	0.002385	0.000970	0.053805
65	C	133	6477	5987	0.022215	0	0	6477	78	6424	5873	0.013281	0	1	6424	0	0	0	nan	0	0	0	0.008934	0.002444	0.008934	0.002444	0.201550	0.055136
66	C	90	6471	5863	0.015351	0	0	6471	63	6423	5722	0.011010	0	1	6423	0	0	0	nan	0	0	0	0.004340	0.002131	0.004340	0.002131	0.097910	0.048075
67	G	128	6465	5724	0.022362	0	0	6465	69	6416	5584	0.012357	0	1	6416	0	0	0	nan	0	0	0	0.010005	0.002474	0.010005	0.002474	0.225711	0.055813
68	G	142	6458	5772	0.024602	0	0	6458	94	6412	5746	0.016359	0	1	6412	0	0	0	nan	0	0	0	0.008242	0.002666	0.008242	0.002666	0.185938	0.060145
69	G	119	6454	5770	0.020624	0	0	6454	70	6412	5806	0.012056	0	1	6412	0	0	0	nan	0	0	0	0.008567	0.002377	0.008567	0.002377	0.193270	0.053625
70	G	202	6452	5792	0.034876	0	0	6452	66	6410	5856	0.011270	0	1	6410	0	0	0	nan	0	0	0	0.023605	0.002819	0.023605	0.002819	0.532526	0.063596
71	U	110	6450	5890	0.018676	0	0	6450	128	6406	5920	0.021622	0	1	6406	0	0	0	nan	0	0	0	-0.002946	0.002612	-0.002946	0.002612	-0.066461	0.058926
72	U	95	6446	5987	0.015868	0	0	6446	117	6405	6013	0.019458	0	1	6405	0	0	0	nan	0	0	0	-0.003590	0.002426	-0.003590	0.002426	-0.080990	0.054730
73	C	125	6443	6029	0.020733	0	0	6443	69	6404	6070	0.011367	0	1	6404	0	0	0	nan	0	0	0	0.009366	0.002305	0.009366	0.002305	0.211296	0.052000
74	G	31	6442	5930	0.005228	0	0	6442	35	6398	6023	0.005811	0	1	6398	0	0	0	nan	0	0	0	-0.000583	0.001359	-0.000583	0.001359	-0.013152	0.030659
75	A	3495	6438	5735	0.609416	0	0	6438	26	6396	5644	0.004607	0	1	6396	0	0	0	nan	0	0	0	0.604809	0.010348	0.604809	0.010348	13.644411	0.233450
76	A	98	6435	5783	0.016946	0	0	6435	106	6394	5667	0.018705	0	1	6394	0	0	0	nan	0	0	0	-0.001759	0.002496	-0.001759	0.002496	-0.039683	0.056309
77	U	34	6430	5777	0.005885	0	0	6430	55	6394	5712	0.009629	0	1	6394	0	0	0	nan	0	0	0	-0.003743	0.001645	-0.003743	0.001645	-0.084442	0.037111
78	C	24	6423	5758	0.004168	0	0	6423	43	6391	5830	0.007376	0	1	6391	0	0	0	nan	0	0	0	-0.003208	0.001410	-0.003208	0.001410	-0.072372	0.031809
79	C	32	6421	5633	0.005681	0	0	6421	33	6391	5702	0.005787	0	1	6391	0	0	0	nan	0	0	0	-0.000107	0.001422	-0.000107	0.001422	-0.002414	0.032080
80	C	41	6418	5406	0.007584	0	0	6418	39	6390	5445	0.007163	0	1	6390	0	0	0	nan	0	0	0	0.000422	0.001649	0.000422	0.001649	0.009520	0.037201
81	C	56	6417	5465	0.010247	0	0	6417	55	6388	5536	0.009935	0	1	6388	0	0	0	nan	0	0	0	0.000312	0.001916	0.000312	0.001916	0.007039	0.043225
82	G	186	6410	5577	0.033351	0	0	6410	77	6370	5661	0.013602	0	1	6370	0	0	0	nan	0	0	0	0.019749	0.002895	0.019749	0.002895	0.445535	0.065311
83	C	27	6408	5886	0.004587	0	0	6408	23	6370	6007	0.003829	0	1	6370	0	0	0	nan	0	0	0	0.000758	0.001190	0.000758	0.001190	0.017100	0.026846
84	C	25	6407	5979	0.004181	0	0	6407	23	6369	6089	0.003777	0	1	6369	0	0	0	nan	0	0	0	0.000404	0.001149	0.000404	0.001149	0.009114	0.025921
85	U	61	6402	5970	0.010218	0	0	6402	60	6366	6092	0.009849	0	1	6366	0	0	0	nan	0	0	0	0.000369	0.001824	0.000369	0.001824	0.008325	0.041149
86	C	31	6397	5405	0.005735	0	0	6397	17	6365	5582	0.003046	0	1	6365	0	0	0	nan	0	0	0	0.002690	0.001268	0.002690	0.001268	0.060686	0.028606
87	A	49	6389	5446	0.008997	0	0	6389	37	6362	5560	0.006655	0	1	6362	0	0	0	nan	0	0	0	0.002343	0.001688	0.002343	0.001688	0.052858	0.038081
88	C	64	6386	4825	0.013264	0	0	6386	26	6357	4796	0.005421	0	1	6357	0	0	0	nan	0	0	0	0.007843	0.001970	0.007843	0.001970	0.176937	0.044443
89	C	207	6383	4865	0.042549	0	0	6383	108	6356	4412	0.024479	0	1	6356	0	0	0	nan	0	0	0	0.018070	0.003781	0.018070	0.003781	0.407657	0.085299
90	G	299	6366	4782	0.062526	0	0	6366	54	6349	4315	0.012514	0	1	6349	0	0	0	nan	0	0	0	0.050012	0.003997	0.050012	0.003997	1.128264	0.090172
91	C	167	6360	5195	0.032146	0	0	6360	23	6347	4777	0.004815	0	1	6347	0	0	0	nan	0	0	0	0.027332	0.002683	0.027332	0.002683	0.616606	0.060528
92	C	238	6352	5420	0.043911	0	0	6352	5	6344	5526	0.000905	0	1	6344	0	0	0	nan	0	0	0	0.043007	0.002875	0.043007	0.002875	0.970232	0.064860
93	A	0	6148	0	nan	0	0	6148	0	6272	0	nan	0	1	6272	0	0	0	nan	0	0	0	nan	nan	nan	nan	nan	nan