0.000000
0.000000
0.178384
0.850000
0.149837
0.650126
0.850000
0.148970
0.810021
0.320305
0.000000
0.000000
0.132297
0.583977
0.238650
0.000000
0.811566
0.162145
0.227860
0.000000
0.000000
0.000000
0.084827
0.269935
0.231845
0.000000
0.261259
0.041099
0.025050
0.016402
0.676314
0.036029
0.849791
0.039635
0.071218
0.000000
0.850000
0.087999
0.850000
0.700089
0.082469
0.116844
0.285170
0.609190
0.207853
0.231113
0.000000
0.008702
0.074607
0.377453
0.113130
0.122131
0.118254
0.773043
0.000000
0.000000
0.292273
0.000000
0.850000
0.125980
0.000000
0.000000
0.000000
0.011196
0.850000
0.000000
0.000000
0.000000
0.850000
0.000000
0.000000
0.030661
0.056335
0.850000
0.728148
0.459759
0.000000
