0.000000
0.000000
0.847341
0.212009
0.072648
0.429259
0.850000
0.000000
0.127695
0.779792
0.099712
0.103791
0.097673
0.053843
0.000000
0.000000
0.016520
0.000000
0.442801
0.000000
0.019008
0.178459
0.850000
0.048745
0.266464
0.045767
0.244437
0.031042
0.019355
0.086904
0.484122
0.042137
0.000000
0.000000
0.850000
0.068018
0.257755
0.000000
0.000000
0.198629
0.000000
0.019477
0.135588
0.703718
0.000000
0.222757
0.000000
0.000000
0.074300
0.072587
0.084457
0.850000
0.850000
0.311354
0.850000
0.118150
0.000000
0.437336
0.066142
0.221778
0.040077
0.069895
0.130652
0.850000
0.071832
0.000000
0.850000
0.000000
0.850000
0.000000
0.000000
0.000000
0.110032
0.000000
0.000000
0.000000
0.003957
0.065000
0.268626
0.000000
0.000000
0.138933
0.000000
0.000000
0.000000
0.850000
0.000000
