Nucleotide	Sequence	Modified_mutations	Modified_read_depth	Modified_effective_depth	Modified_rate	Modified_off_target_mapped_depth	Modified_low_mapq_mapped_depth	Modified_mapped_depth	Untreated_mutations	Untreated_read_depth	Untreated_effective_depth	Untreated_rate	Untreated_off_target_mapped_depth	Untreated_low_mapq_mapped_depth	Untreated_mapped_depth	Denatured_mutations	Denatured_read_depth	Denatured_effective_depth	Denatured_rate	Denatured_off_target_mapped_depth	Denatured_low_mapq_mapped_depth	Denatured_mapped_depth	Reactivity_profile	Std_err	HQ_profile	HQ_stderr	Norm_profile	Norm_stderr
1	G	0	4137	4021	0.000000	0	0	4137	0	7396	7197	0.000000	0	0	7396	0	0	0	nan	0	0	0	0.000000	0.000000	0.000000	0.000000	0.000000	0.000000
2	C	0	4510	4353	0.000000	0	0	4510	0	7678	7403	0.000000	0	0	7678	0	0	0	nan	0	0	0	0.000000	0.000000	0.000000	0.000000	0.000000	0.000000
3	C	22	4628	4448	0.004946	0	0	4628	31	7790	7443	0.004165	0	0	7790	0	0	0	nan	0	0	0	0.000781	0.001293	0.000781	0.001293	0.020601	0.034106
4	G	79	4673	4394	0.017979	0	0	4673	17	7824	7307	0.002327	0	0	7824	0	0	0	nan	0	0	0	0.015653	0.002100	0.015653	0.002100	0.412891	0.055393
5	A	48	4719	4435	0.010823	0	0	4719	31	7852	7309	0.004241	0	0	7852	0	0	0	nan	0	0	0	0.006582	0.001738	0.006582	0.001738	0.173618	0.045845
6	C	33	4770	4484	0.007360	0	0	4770	50	7887	7371	0.006783	0	0	7887	0	0	0	nan	0	0	0	0.000576	0.001600	0.000576	0.001600	0.015194	0.042204
7	U	33	5118	4840	0.006818	0	0	5118	67	8191	7722	0.008677	0	0	8191	0	0	0	nan	0	0	0	-0.001858	0.001591	-0.001858	0.001591	-0.049010	0.041967
8	U	843	5429	5122	0.164584	0	0	5429	1051	8664	8224	0.127797	0	0	8664	0	0	0	nan	0	0	0	0.036787	0.006905	nan	nan	nan	nan
9	A	365	5835	5552	0.065742	0	0	5835	13	9185	8779	0.001481	0	0	9185	0	0	0	nan	0	0	0	0.064261	0.003466	0.064261	0.003466	1.695062	0.091425
10	G	100	6270	6013	0.016631	0	0	6270	98	9212	8856	0.011066	0	0	9212	0	0	0	nan	0	0	0	0.005565	0.002004	0.005565	0.002004	0.146792	0.052861
11	C	35	6351	6080	0.005757	0	0	6351	59	9288	8874	0.006649	0	0	9288	0	0	0	nan	0	0	0	-0.000892	0.001302	-0.000892	0.001302	-0.023529	0.034344
12	U	59	6523	6223	0.009481	0	0	6523	93	9709	9258	0.010045	0	0	9709	0	0	0	nan	0	0	0	-0.000564	0.001615	-0.000564	0.001615	-0.014877	0.042600
13	C	23	6571	6284	0.003660	0	0	6571	22	9805	9400	0.002340	0	0	9805	0	0	0	nan	0	0	0	0.001320	0.000912	0.001320	0.000912	0.034819	0.024057
14	A	126	6650	6277	0.020073	0	0	6650	16	9931	9436	0.001696	0	0	9931	0	0	0	nan	0	0	0	0.018378	0.001838	0.018378	0.001838	0.484771	0.048482
15	G	96	6699	6294	0.015253	0	0	6699	76	9939	9362	0.008118	0	0	9939	0	0	0	nan	0	0	0	0.007135	0.001814	0.007135	0.001814	0.188205	0.047849
16	U	106	6906	6493	0.016325	0	0	6906	159	10085	9521	0.016700	0	0	10085	0	0	0	nan	0	0	0	-0.000375	0.002066	-0.000375	0.002066	-0.009892	0.054496
17	A	42	6944	6566	0.006397	0	0	6944	10	10141	9628	0.001039	0	0	10141	0	0	0	nan	0	0	0	0.005358	0.001040	0.005358	0.001040	0.141332	0.027433
18	G	200	7123	6710	0.029806	0	0	7123	80	10184	9643	0.008296	0	0	10184	0	0	0	nan	0	0	0	0.021510	0.002303	0.021510	0.002303	0.567386	0.060748
19	G	227	7164	6702	0.033870	0	0	7164	106	10205	9573	0.011073	0	0	10205	0	0	0	nan	0	0	0	0.022798	0.002492	0.022798	0.002492	0.601360	0.065733
20	U	86	7214	6844	0.012566	0	0	7214	119	10238	9720	0.012243	0	0	10238	0	0	0	nan	0	0	0	0.000323	0.001759	0.000323	0.001759	0.008520	0.046398
21	A	14	7226	6900	0.002029	0	0	7226	16	10269	9801	0.001632	0	0	10269	0	0	0	nan	0	0	0	0.000396	0.000679	0.000396	0.000679	0.010446	0.017911
22	G	41	7240	6808	0.006022	0	0	7240	23	10294	9664	0.002380	0	0	10294	0	0	0	nan	0	0	0	0.003642	0.001063	0.003642	0.001063	0.096068	0.028040
23	A	60	7242	6705	0.008949	0	0	7242	28	10301	9553	0.002931	0	0	10301	0	0	0	nan	0	0	0	0.006018	0.001281	0.006018	0.001281	0.158741	0.033790
24	G	150	7244	6634	0.022611	0	0	7244	67	10301	9417	0.007115	0	0	10301	0	0	0	nan	0	0	0	0.015496	0.002041	0.015496	0.002041	0.408750	0.053837
25	C	38	7248	6786	0.005600	0	0	7248	58	10310	9647	0.006012	0	0	10310	0	0	0	nan	0	0	0	-0.000412	0.001204	-0.000412	0.001204	-0.010868	0.031759
26	A	608	7251	6854	0.088707	0	0	7251	14	10315	9692	0.001444	0	0	10315	0	0	0	nan	0	0	0	0.087263	0.003618	0.087263	0.003618	2.301803	0.095435
27	A	77	7266	6947	0.011084	0	0	7266	73	10319	9815	0.007438	0	0	10319	0	0	0	nan	0	0	0	0.003646	0.001534	0.003646	0.001534	0.096173	0.040463
28	C	51	7271	6811	0.007488	0	0	7271	89	10323	9587	0.009283	0	0	10323	0	0	0	nan	0	0	0	-0.001796	0.001438	-0.001796	0.001438	-0.047374	0.037931
29	U	112	7273	6757	0.016575	0	0	7273	145	10330	9545	0.015191	0	0	10330	0	0	0	nan	0	0	0	0.001384	0.002011	0.001384	0.002011	0.036507	0.053046
30	G	91	7276	6689	0.013604	0	0	7276	18	10332	9511	0.001893	0	0	10332	0	0	0	nan	0	0	0	0.011712	0.001494	0.011712	0.001494	0.308936	0.039408
31	A	58	7284	6732	0.008616	0	0	7284	65	10341	9596	0.006774	0	0	10341	0	0	0	nan	0	0	0	0.001842	0.001409	0.001842	0.001409	0.048588	0.037166
32	C	578	7282	6761	0.085490	0	0	7282	464	10335	9659	0.048038	0	0	10335	0	0	0	nan	0	0	0	0.037452	0.004197	0.037452	0.004197	0.987900	0.110707
33	U	80	7317	6838	0.011699	0	0	7317	162	10384	9698	0.016704	0	0	10384	0	0	0	nan	0	0	0	-0.005005	0.001853	-0.005005	0.001853	-0.132021	0.048878
34	U	264	7323	6630	0.039819	0	0	7323	208	10393	9592	0.021685	0	0	10393	0	0	0	nan	0	0	0	0.018134	0.002875	0.018134	0.002875	0.478334	0.075836
35	G	170	7332	6764	0.025133	0	0	7332	37	10410	9615	0.003848	0	0	10410	0	0	0	nan	0	0	0	0.021285	0.002029	0.021285	0.002029	0.561451	0.053520
36	U	40	7365	6852	0.005838	0	0	7365	65	10425	9728	0.006682	0	0	10425	0	0	0	nan	0	0	0	-0.000844	0.001240	-0.000844	0.001240	-0.022263	0.032708
37	A	206	7370	6957	0.029610	0	0	7370	373	10432	9910	0.037639	0	0	10432	0	0	0	nan	0	0	0	-0.008028	0.002838	-0.008028	0.002838	-0.211761	0.074860
38	A	280	7375	7057	0.039677	0	0	7375	30	10441	9975	0.003008	0	0	10441	0	0	0	nan	0	0	0	0.036669	0.002434	0.036669	0.002434	0.967246	0.064203
39	U	89	7391	7015	0.012687	0	0	7391	136	10452	9909	0.013725	0	0	10452	0	0	0	nan	0	0	0	-0.001038	0.001787	-0.001038	0.001787	-0.027380	0.047137
40	C	26	7391	7054	0.003686	0	0	7391	32	10455	9987	0.003204	0	0	10455	0	0	0	nan	0	0	0	0.000482	0.000918	0.000482	0.000918	0.012714	0.024215
41	A	52	7401	7043	0.007383	0	0	7401	27	10467	9984	0.002704	0	0	10467	0	0	0	nan	0	0	0	0.004679	0.001149	0.004679	0.001149	0.123422	0.030308
42	G	215	7401	7005	0.030692	0	0	7401	68	10462	9884	0.006880	0	0	10462	0	0	0	nan	0	0	0	0.023813	0.002253	0.023813	0.002253	0.628134	0.059429
43	U	115	7401	7032	0.016354	0	0	7401	116	10460	9914	0.011701	0	0	10460	0	0	0	nan	0	0	0	0.004653	0.001872	0.004653	0.001872	0.122736	0.049379
44	A	65	7400	7053	0.009216	0	0	7400	32	10460	9949	0.003216	0	0	10460	0	0	0	nan	0	0	0	0.006000	0.001277	0.006000	0.001277	0.158267	0.033684
45	G	227	7394	6863	0.033076	0	0	7394	87	10454	9844	0.008838	0	0	10454	0	0	0	nan	0	0	0	0.024238	0.002391	0.024238	0.002391	0.639344	0.063069
46	G	1302	7394	6787	0.191837	0	0	7394	2001	10450	9607	0.208286	0	0	10450	0	0	0	nan	0	0	0	-0.016448	0.007067	nan	nan	nan	nan
47	U	97	7395	6782	0.014303	0	0	7395	108	10453	9497	0.011372	0	0	10453	0	0	0	nan	0	0	0	0.002931	0.001818	0.002931	0.001818	0.077313	0.047955
48	C	40	7396	6759	0.005918	0	0	7396	33	10449	9418	0.003504	0	0	10449	0	0	0	nan	0	0	0	0.002414	0.001117	0.002414	0.001117	0.063676	0.029464
49	A	87	7396	6865	0.012673	0	0	7396	40	10449	9541	0.004192	0	0	10449	0	0	0	nan	0	0	0	0.008481	0.001512	0.008481	0.001512	0.223710	0.039883
50	C	73	7395	6815	0.010712	0	0	7395	58	10447	9520	0.006092	0	0	10447	0	0	0	nan	0	0	0	0.004619	0.001487	0.004619	0.001487	0.121839	0.039224
51	C	44	7393	6984	0.006300	0	0	7393	39	10445	9825	0.003969	0	0	10445	0	0	0	nan	0	0	0	0.002331	0.001143	0.002331	0.001143	0.061487	0.030150
52	A	52	7392	6890	0.007547	0	0	7392	20	10443	9774	0.002046	0	0	10443	0	0	0	nan	0	0	0	0.005501	0.001142	0.005501	0.001142	0.145104	0.030123
53	G	175	7384	6899	0.025366	0	0	7384	109	10431	9816	0.011104	0	0	10431	0	0	0	nan	0	0	0	0.014262	0.002193	0.014262	0.002193	0.376200	0.057846
54	U	145	7380	6815	0.021277	0	0	7380	317	10431	9704	0.032667	0	0	10431	0	0	0	nan	0	0	0	-0.011390	0.002547	-0.011390	0.002547	-0.300443	0.067184
55	U	148	7373	6791	0.021794	0	0	7373	180	10430	9660	0.018634	0	0	10430	0	0	0	nan	0	0	0	0.003160	0.002267	0.003160	0.002267	0.083354	0.059798
56	C	101	7363	6742	0.014981	0	0	7363	149	10423	9588	0.015540	0	0	10423	0	0	0	nan	0	0	0	-0.000560	0.001960	-0.000560	0.001960	-0.014772	0.051700
57	G	3	7357	6651	0.000451	0	0	7357	35	10419	9642	0.003630	0	0	10419	0	0	0	nan	0	0	0	-0.003179	0.000667	-0.003179	0.000667	-0.083855	0.017594
58	A	4249	7349	6594	0.644374	0	0	7349	87	10417	9542	0.009118	0	0	10417	0	0	0	nan	0	0	0	0.635256	0.009934	0.635256	0.009934	16.756635	0.262037
59	U	59	7345	6688	0.008822	0	0	7345	130	10405	9563	0.013594	0	0	10405	0	0	0	nan	0	0	0	-0.004772	0.001655	-0.004772	0.001655	-0.125875	0.043655
60	U	61	7339	6651	0.009172	0	0	7339	128	10387	9320	0.013734	0	0	10387	0	0	0	nan	0	0	0	-0.004562	0.001689	-0.004562	0.001689	-0.120335	0.044552
61	C	22	7327	6652	0.003307	0	0	7327	103	10377	9285	0.011093	0	0	10377	0	0	0	nan	0	0	0	-0.007786	0.001301	-0.007786	0.001301	-0.205377	0.034317
62	C	66	7325	6535	0.010099	0	0	7325	61	10374	9175	0.006649	0	0	10374	0	0	0	nan	0	0	0	0.003451	0.001507	0.003451	0.001507	0.091030	0.039751
63	G	70	7318	6415	0.010912	0	0	7318	75	10362	9080	0.008260	0	0	10362	0	0	0	nan	0	0	0	0.002652	0.001616	0.002652	0.001616	0.069954	0.042626
64	G	359	7313	6400	0.056094	0	0	7313	117	10351	9084	0.012880	0	0	10351	0	0	0	nan	0	0	0	0.043214	0.003191	0.043214	0.003191	1.139889	0.084171
65	U	51	7310	6570	0.007763	0	0	7310	58	10350	9305	0.006233	0	0	10350	0	0	0	nan	0	0	0	0.001529	0.001361	0.001529	0.001361	0.040332	0.035900
66	A	49	7306	6764	0.007244	0	0	7306	31	10348	9607	0.003227	0	0	10348	0	0	0	nan	0	0	0	0.004017	0.001186	0.004017	0.001186	0.105959	0.031284
67	G	220	7296	6750	0.032593	0	0	7296	87	10336	9566	0.009095	0	0	10336	0	0	0	nan	0	0	0	0.023498	0.002404	0.023498	0.002404	0.619825	0.063412
68	U	127	7292	6701	0.018952	0	0	7292	148	10329	9510	0.015563	0	0	10329	0	0	0	nan	0	0	0	0.003390	0.002113	0.003390	0.002113	0.089421	0.055736
69	C	68	7285	6571	0.010349	0	0	7285	78	10325	9315	0.008374	0	0	10325	0	0	0	nan	0	0	0	0.001975	0.001573	0.001975	0.001573	0.052096	0.041492
70	G	220	7278	6405	0.034348	0	0	7278	86	10323	9097	0.009454	0	0	10323	0	0	0	nan	0	0	0	0.024894	0.002530	0.024894	0.002530	0.656648	0.066736
71	G	457	7277	6379	0.071641	0	0	7277	150	10319	9053	0.016569	0	0	10319	0	0	0	nan	0	0	0	0.055072	0.003614	0.055072	0.003614	1.452676	0.095329
72	C	134	7274	6172	0.021711	0	0	7274	198	10319	8901	0.022245	0	0	10319	0	0	0	nan	0	0	0	-0.000534	0.002453	-0.000534	0.002453	-0.014086	0.064705
73	A	216	7271	6378	0.033866	0	0	7271	55	10317	9245	0.005949	0	0	10317	0	0	0	nan	0	0	0	0.027917	0.002440	0.027917	0.002440	0.736388	0.064362
74	C	310	7256	6283	0.049339	0	0	7256	30	10301	9097	0.003298	0	0	10301	0	0	0	nan	0	0	0	0.046042	0.002866	0.046042	0.002866	1.214485	0.075599
75	C	314	7241	6220	0.050482	0	0	7241	12	10291	9263	0.001295	0	0	10291	0	0	0	nan	0	0	0	0.049187	0.002873	0.049187	0.002873	1.297443	0.075783
76	A	0	6926	0	nan	0	0	6926	0	10153	0	nan	0	0	10153	0	0	0	nan	0	0	0	nan	nan	nan	nan	nan	nan