0.000000
0.000000
0.378962
0.325485
0.850000
0.280035
0.196577
0.000000
0.850000
0.255343
0.054274
0.000000
0.054008
0.226877
0.089013
0.000000
0.004120
0.000000
0.296301
0.000000
0.052732
0.176564
0.301591
0.716912
0.047815
0.771160
0.062514
0.264433
0.066713
0.000000
0.053025
0.029051
0.059457
0.850000
0.850000
0.850000
0.850000
0.470021
0.538727
0.619182
0.000000
0.055098
0.597865
0.201574
0.274347
0.000000
0.030778
0.057915
0.627846
0.180603
0.284288
0.391480
0.846484
0.000000
0.024665
0.153148
0.018499
0.850000
0.108654
0.000000
0.000000
0.007575
0.080986
0.729776
0.000000
0.012758
0.000000
0.023336
0.071019
0.068122
0.850000
0.167606
0.109505
0.735491
0.351612
0.000000
