Nucleotide	Sequence	Modified_mutations	Modified_read_depth	Modified_effective_depth	Modified_rate	Modified_off_target_mapped_depth	Modified_low_mapq_mapped_depth	Modified_mapped_depth	Untreated_mutations	Untreated_read_depth	Untreated_effective_depth	Untreated_rate	Untreated_off_target_mapped_depth	Untreated_low_mapq_mapped_depth	Untreated_mapped_depth	Denatured_mutations	Denatured_read_depth	Denatured_effective_depth	Denatured_rate	Denatured_off_target_mapped_depth	Denatured_low_mapq_mapped_depth	Denatured_mapped_depth	Reactivity_profile	Std_err	HQ_profile	HQ_stderr	Norm_profile	Norm_stderr
1	G	0	1371	1351	0.000000	0	0	1371	0	2501	2450	0.000000	0	0	2501	0	0	0	nan	0	0	0	0.000000	0.000000	0.000000	0.000000	0.000000	0.000000
2	C	0	1453	1411	0.000000	0	0	1453	0	2561	2474	0.000000	0	0	2561	0	0	0	nan	0	0	0	0.000000	0.000000	0.000000	0.000000	0.000000	0.000000
3	G	38	1470	1426	0.026648	0	0	1470	20	2574	2501	0.007997	0	0	2574	0	0	0	nan	0	0	0	0.018651	0.004678	0.018651	0.004678	0.497751	0.124845
4	C	12	1485	1429	0.008397	0	0	1485	14	2583	2477	0.005652	0	0	2583	0	0	0	nan	0	0	0	0.002745	0.002856	0.002745	0.002856	0.073257	0.076220
5	C	7	1487	1428	0.004902	0	0	1487	22	2588	2490	0.008835	0	0	2588	0	0	0	nan	0	0	0	-0.003933	0.002642	-0.003933	0.002642	-0.104962	0.070509
6	C	8	1498	1424	0.005618	0	0	1498	23	2593	2467	0.009323	0	0	2593	0	0	0	nan	0	0	0	-0.003705	0.002779	-0.003705	0.002779	-0.098878	0.074165
7	U	18	1577	1493	0.012056	0	0	1577	20	2695	2553	0.007834	0	0	2695	0	0	0	nan	0	0	0	0.004222	0.003338	0.004222	0.003338	0.112675	0.089083
8	U	203	1676	1601	0.126796	0	0	1676	249	2845	2716	0.091679	0	0	2845	0	0	0	nan	0	0	0	0.035117	0.010628	nan	nan	nan	nan
9	A	42	1813	1741	0.024124	0	0	1813	10	3059	2936	0.003406	0	0	3059	0	0	0	nan	0	0	0	0.020718	0.003875	0.020718	0.003875	0.552914	0.103414
10	G	37	1867	1804	0.020510	0	0	1867	40	3067	2951	0.013555	0	0	3067	0	0	0	nan	0	0	0	0.006955	0.003995	0.006955	0.003995	0.185612	0.106617
11	C	19	1897	1823	0.010422	0	0	1897	21	3089	2958	0.007099	0	0	3089	0	0	0	nan	0	0	0	0.003323	0.002849	0.003323	0.002849	0.088683	0.076033
12	U	21	1932	1846	0.011376	0	0	1932	37	3222	3071	0.012048	0	0	3222	0	0	0	nan	0	0	0	-0.000672	0.003176	-0.000672	0.003176	-0.017934	0.084760
13	C	10	1943	1862	0.005371	0	0	1943	12	3256	3120	0.003846	0	0	3256	0	0	0	nan	0	0	0	0.001524	0.002029	0.001524	0.002029	0.040672	0.054149
14	A	33	1953	1869	0.017657	0	0	1953	2	3295	3139	0.000637	0	0	3295	0	0	0	nan	0	0	0	0.017019	0.003106	0.017019	0.003106	0.454196	0.082892
15	G	27	1970	1856	0.014547	0	0	1970	29	3297	3083	0.009406	0	0	3297	0	0	0	nan	0	0	0	0.005141	0.003300	0.005141	0.003300	0.137201	0.088069
16	U	31	2032	1896	0.016350	0	0	2032	56	3382	3123	0.017931	0	0	3382	0	0	0	nan	0	0	0	-0.001581	0.003790	-0.001581	0.003790	-0.042193	0.101146
17	U	7	2042	1900	0.003684	0	0	2042	31	3407	3143	0.009863	0	0	3407	0	0	0	nan	0	0	0	-0.006179	0.002253	-0.006179	0.002253	-0.164903	0.060127
18	G	45	2055	1944	0.023148	0	0	2055	41	3443	3236	0.012670	0	0	3443	0	0	0	nan	0	0	0	0.010478	0.003978	0.010478	0.003978	0.279633	0.106163
19	G	15	2086	1990	0.007538	0	0	2086	13	3461	3283	0.003960	0	0	3461	0	0	0	nan	0	0	0	0.003578	0.002235	0.003578	0.002235	0.095488	0.059647
20	A	74	2092	2003	0.036945	0	0	2092	30	3473	3336	0.008993	0	0	3473	0	0	0	nan	0	0	0	0.027952	0.004598	0.027952	0.004598	0.745972	0.122710
21	U	10	2102	2030	0.004926	0	0	2102	37	3479	3372	0.010973	0	0	3479	0	0	0	nan	0	0	0	-0.006047	0.002383	-0.006047	0.002383	-0.161380	0.063597
22	A	13	2103	2017	0.006445	0	0	2103	6	3487	3340	0.001796	0	0	3487	0	0	0	nan	0	0	0	0.004649	0.001932	0.004649	0.001932	0.124071	0.051560
23	G	19	2106	1997	0.009514	0	0	2106	15	3491	3311	0.004530	0	0	3491	0	0	0	nan	0	0	0	0.004984	0.002476	0.004984	0.002476	0.133011	0.066079
24	A	28	2106	1978	0.014156	0	0	2106	12	3492	3275	0.003664	0	0	3492	0	0	0	nan	0	0	0	0.010492	0.002877	0.010492	0.002877	0.280006	0.076780
25	G	99	2107	1962	0.050459	0	0	2107	24	3492	3233	0.007423	0	0	3492	0	0	0	nan	0	0	0	0.043035	0.005293	0.043035	0.005293	1.148501	0.141258
26	C	10	2108	1996	0.005010	0	0	2108	23	3492	3279	0.007014	0	0	3492	0	0	0	nan	0	0	0	-0.002004	0.002156	-0.002004	0.002156	-0.053482	0.057538
27	A	151	2108	2012	0.075050	0	0	2108	2	3493	3299	0.000606	0	0	3493	0	0	0	nan	0	0	0	0.074443	0.006122	0.074443	0.006122	1.986706	0.163382
28	A	26	2117	2055	0.012652	0	0	2117	16	3494	3374	0.004742	0	0	3494	0	0	0	nan	0	0	0	0.007910	0.002750	0.007910	0.002750	0.211099	0.073391
29	C	24	2117	1996	0.012024	0	0	2117	25	3491	3292	0.007594	0	0	3491	0	0	0	nan	0	0	0	0.004430	0.002886	0.004430	0.002886	0.118226	0.077020
30	G	65	2116	1868	0.034797	0	0	2116	20	3493	2910	0.006873	0	0	3493	0	0	0	nan	0	0	0	0.027924	0.004581	0.027924	0.004581	0.745225	0.122256
31	A	24	2116	1859	0.012910	0	0	2116	97	3495	2920	0.033219	0	0	3495	0	0	0	nan	0	0	0	-0.020309	0.004280	-0.020309	0.004280	-0.541999	0.114223
32	C	6	2116	1870	0.003209	0	0	2116	32	3496	2946	0.010862	0	0	3496	0	0	0	nan	0	0	0	-0.007654	0.002324	-0.007654	0.002324	-0.204267	0.062022
33	C	1509	2116	1965	0.767939	0	0	2116	248	3497	3305	0.075038	0	0	3497	0	0	0	nan	0	0	0	0.692901	0.020335	nan	nan	nan	nan
34	U	23	2138	1995	0.011529	0	0	2138	34	3507	3276	0.010379	0	1	3507	0	0	0	nan	0	0	0	0.001150	0.002991	0.001150	0.002991	0.030691	0.079823
35	U	47	2140	2012	0.023360	0	0	2140	99	3515	3304	0.029964	0	1	3515	0	0	0	nan	0	0	0	-0.006604	0.004547	-0.006604	0.004547	-0.176245	0.121349
36	C	27	2148	2045	0.013203	0	0	2148	14	3525	3313	0.004226	0	1	3525	0	0	0	nan	0	0	0	0.008977	0.002781	0.008977	0.002781	0.239575	0.074218
37	U	9	2154	2070	0.004348	0	0	2154	11	3531	3347	0.003287	0	1	3531	0	0	0	nan	0	0	0	0.001061	0.001756	0.001061	0.001756	0.028316	0.046863
38	A	82	2153	2076	0.039499	0	0	2153	113	3535	3370	0.033531	0	1	3535	0	0	0	nan	0	0	0	0.005968	0.005383	0.005968	0.005383	0.159272	0.143659
39	A	77	2155	2084	0.036948	0	0	2155	11	3537	3393	0.003242	0	1	3537	0	0	0	nan	0	0	0	0.033706	0.004323	0.033706	0.004323	0.899533	0.115371
40	G	91	2153	2052	0.044347	0	0	2153	13	3537	3336	0.003897	0	1	3537	0	0	0	nan	0	0	0	0.040450	0.004773	0.040450	0.004773	1.079514	0.127380
41	U	44	2152	2046	0.021505	0	0	2152	74	3541	3323	0.022269	0	1	3541	0	0	0	nan	0	0	0	-0.000764	0.004149	-0.000764	0.004149	-0.020389	0.110727
42	C	13	2153	2025	0.006420	0	0	2153	26	3538	3317	0.007838	0	1	3538	0	0	0	nan	0	0	0	-0.001419	0.002352	-0.001419	0.002352	-0.037870	0.062769
43	G	103	2153	2041	0.050465	0	0	2153	35	3531	3332	0.010504	0	1	3531	0	0	0	nan	0	0	0	0.039961	0.005280	0.039961	0.005280	1.066464	0.140911
44	U	26	2152	2016	0.012897	0	0	2152	50	3531	3288	0.015207	0	1	3531	0	0	0	nan	0	0	0	-0.002310	0.003320	-0.002310	0.003320	-0.061648	0.088603
45	G	44	2152	1999	0.022011	0	0	2152	47	3531	3269	0.014377	0	1	3531	0	0	0	nan	0	0	0	0.007634	0.003925	0.007634	0.003925	0.203733	0.104749
46	G	65	2151	1991	0.032647	0	0	2151	42	3532	3238	0.012971	0	1	3532	0	0	0	nan	0	0	0	0.019676	0.004517	0.019676	0.004517	0.525105	0.120548
47	G	120	2151	2011	0.059672	0	0	2151	65	3531	3264	0.019914	0	1	3531	0	0	0	nan	0	0	0	0.039758	0.005981	0.039758	0.005981	1.061046	0.159619
48	C	100	2151	2035	0.049140	0	0	2151	70	3531	3306	0.021174	0	1	3531	0	0	0	nan	0	0	0	0.027966	0.005527	0.027966	0.005527	0.746346	0.147502
49	C	17	2151	2001	0.008496	0	0	2151	37	3533	3266	0.011329	0	1	3533	0	0	0	nan	0	0	0	-0.002833	0.002777	-0.002833	0.002777	-0.075606	0.074111
50	G	36	2148	2007	0.017937	0	0	2148	18	3532	3265	0.005513	0	1	3532	0	0	0	nan	0	0	0	0.012424	0.003260	0.012424	0.003260	0.331567	0.087002
51	C	12	2148	2005	0.005985	0	0	2148	20	3530	3255	0.006144	0	1	3530	0	0	0	nan	0	0	0	-0.000159	0.002207	-0.000159	0.002207	-0.004243	0.058900
52	A	4	2147	2028	0.001972	0	0	2147	13	3529	3311	0.003926	0	1	3529	0	0	0	nan	0	0	0	-0.001954	0.001469	-0.001954	0.001469	-0.052148	0.039204
53	G	26	2146	1985	0.013098	0	0	2146	41	3523	3254	0.012600	0	1	3523	0	0	0	nan	0	0	0	0.000498	0.003236	0.000498	0.003236	0.013290	0.086361
54	G	60	2144	1957	0.030659	0	0	2144	36	3521	3186	0.011299	0	1	3521	0	0	0	nan	0	0	0	0.019360	0.004383	0.019360	0.004383	0.516672	0.116972
55	U	48	2144	1953	0.024578	0	0	2144	96	3521	3181	0.030179	0	1	3521	0	0	0	nan	0	0	0	-0.005602	0.004698	-0.005602	0.004698	-0.149504	0.125378
56	U	46	2144	1959	0.023481	0	0	2144	80	3520	3197	0.025023	0	1	3520	0	0	0	nan	0	0	0	-0.001542	0.004451	-0.001542	0.004451	-0.041152	0.118787
57	C	28	2142	1956	0.014315	0	0	2142	31	3519	3219	0.009630	0	1	3519	0	0	0	nan	0	0	0	0.004685	0.003211	0.004685	0.003211	0.125031	0.085694
58	G	7	2140	1947	0.003595	0	0	2140	13	3518	3223	0.004034	0	1	3518	0	0	0	nan	0	0	0	-0.000438	0.001760	-0.000438	0.001760	-0.011689	0.046970
59	A	988	2139	1947	0.507447	0	0	2139	9	3518	3197	0.002815	0	1	3518	0	0	0	nan	0	0	0	0.504632	0.016171	0.504632	0.016171	13.467422	0.431565
60	A	36	2138	1965	0.018321	0	0	2138	42	3517	3225	0.013023	0	1	3517	0	0	0	nan	0	0	0	0.005297	0.003655	0.005297	0.003655	0.141364	0.097543
61	U	17	2137	1946	0.008736	0	0	2137	62	3509	3186	0.019460	0	1	3509	0	0	0	nan	0	0	0	-0.010724	0.003255	-0.010724	0.003255	-0.286198	0.086868
62	C	11	2135	1940	0.005670	0	0	2135	21	3507	3198	0.006567	0	1	3507	0	0	0	nan	0	0	0	-0.000897	0.002231	-0.000897	0.002231	-0.023939	0.059540
63	C	10	2132	1935	0.005168	0	0	2132	16	3505	3170	0.005047	0	1	3505	0	0	0	nan	0	0	0	0.000121	0.002065	0.000121	0.002065	0.003229	0.055110
64	U	17	2129	1892	0.008985	0	0	2129	25	3493	3100	0.008065	0	1	3493	0	0	0	nan	0	0	0	0.000921	0.002711	0.000921	0.002711	0.024579	0.072350
65	G	48	2123	1891	0.025383	0	0	2123	24	3483	3070	0.007818	0	0	3483	0	0	0	nan	0	0	0	0.017566	0.003996	0.017566	0.003996	0.468795	0.106644
66	C	23	2122	1769	0.013002	0	0	2122	40	3468	2740	0.014599	0	0	3468	0	0	0	nan	0	0	0	-0.001597	0.003561	-0.001597	0.003561	-0.042620	0.095035
67	A	18	2121	1776	0.010135	0	0	2121	16	3462	2757	0.005803	0	0	3462	0	0	0	nan	0	0	0	0.004332	0.002795	0.004332	0.002795	0.115611	0.074592
68	G	37	2119	1719	0.021524	0	0	2119	59	3459	2693	0.021909	0	0	3459	0	0	0	nan	0	0	0	-0.000385	0.004545	-0.000385	0.004545	-0.010275	0.121295
69	G	36	2118	1825	0.019726	0	0	2118	34	3458	3007	0.011307	0	0	3458	0	0	0	nan	0	0	0	0.008419	0.003817	0.008419	0.003817	0.224683	0.101867
70	G	101	2116	1871	0.053982	0	0	2116	51	3458	3079	0.016564	0	0	3458	0	0	0	nan	0	0	0	0.037418	0.005851	0.037418	0.005851	0.998597	0.156149
71	C	18	2114	1905	0.009449	0	0	2114	24	3457	3122	0.007687	0	0	3457	0	0	0	nan	0	0	0	0.001761	0.002724	0.001761	0.002724	0.046997	0.072697
72	G	149	2113	1925	0.077403	0	0	2113	73	3457	3147	0.023197	0	0	3457	0	0	0	nan	0	0	0	0.054206	0.006898	0.054206	0.006898	1.446629	0.184091
73	C	71	2113	1872	0.037927	0	0	2113	100	3457	3100	0.032258	0	0	3457	0	0	0	nan	0	0	0	0.005669	0.005538	0.005669	0.005538	0.151292	0.147796
74	G	119	2109	1885	0.063130	0	0	2109	61	3454	3152	0.019353	0	0	3454	0	0	0	nan	0	0	0	0.043777	0.006295	0.043777	0.006295	1.168304	0.167999
75	C	49	2108	1915	0.025587	0	0	2108	20	3454	3159	0.006331	0	0	3454	0	0	0	nan	0	0	0	0.019256	0.003920	0.019256	0.003920	0.513897	0.104615
76	C	29	2108	1875	0.015467	0	0	2108	7	3452	3108	0.002252	0	0	3452	0	0	0	nan	0	0	0	0.013214	0.002996	0.013214	0.002996	0.352650	0.079956
77	A	0	2044	0	nan	0	0	2044	0	3420	0	nan	0	0	3420	0	0	0	nan	0	0	0	nan	nan	nan	nan	nan	nan