Nucleotide	Sequence	Modified_mutations	Modified_read_depth	Modified_effective_depth	Modified_rate	Modified_off_target_mapped_depth	Modified_low_mapq_mapped_depth	Modified_mapped_depth	Untreated_mutations	Untreated_read_depth	Untreated_effective_depth	Untreated_rate	Untreated_off_target_mapped_depth	Untreated_low_mapq_mapped_depth	Untreated_mapped_depth	Denatured_mutations	Denatured_read_depth	Denatured_effective_depth	Denatured_rate	Denatured_off_target_mapped_depth	Denatured_low_mapq_mapped_depth	Denatured_mapped_depth	Reactivity_profile	Std_err	HQ_profile	HQ_stderr	Norm_profile	Norm_stderr
1	A	0	2713	2651	0.000000	0	0	2713	0	4406	4317	0.000000	0	1	4406	0	0	0	nan	0	0	0	0.000000	0.000000	0.000000	0.000000	0.000000	0.000000
2	G	0	2810	2675	0.000000	0	0	2810	0	4474	4283	0.000000	0	1	4474	0	0	0	nan	0	0	0	0.000000	0.000000	0.000000	0.000000	0.000000	0.000000
3	G	80	2898	2734	0.029261	0	0	2898	54	4543	4318	0.012506	0	1	4543	0	0	0	nan	0	0	0	0.016755	0.003688	0.016755	0.003688	0.490644	0.107997
4	C	17	2915	2756	0.006168	0	0	2915	20	4550	4336	0.004613	0	1	4550	0	0	0	nan	0	0	0	0.001556	0.001817	0.001556	0.001817	0.045565	0.053208
5	U	25	2975	2815	0.008881	0	0	2975	29	4590	4360	0.006651	0	1	4590	0	0	0	nan	0	0	0	0.002230	0.002163	0.002230	0.002163	0.065302	0.063340
6	U	26	3003	2788	0.009326	0	0	3003	34	4609	4321	0.007869	0	1	4609	0	0	0	nan	0	0	0	0.001457	0.002273	0.001457	0.002273	0.042666	0.066561
7	G	98	3030	2827	0.034666	0	0	3030	24	4645	4350	0.005517	0	1	4645	0	0	0	nan	0	0	0	0.029148	0.003678	0.029148	0.003678	0.853554	0.107704
8	U	26	3141	2968	0.008760	0	0	3141	36	4718	4498	0.008004	0	1	4718	0	0	0	nan	0	0	0	0.000757	0.002175	0.000757	0.002175	0.022168	0.063691
9	A	154	3158	3026	0.050892	0	0	3158	9	4743	4551	0.001978	0	1	4743	0	0	0	nan	0	0	0	0.048915	0.004154	0.048915	0.004154	1.432399	0.121643
10	G	75	3297	3186	0.023540	0	1	3297	54	4748	4590	0.011765	0	1	4748	0	0	0	nan	0	0	0	0.011776	0.003155	0.011776	0.003155	0.344842	0.092389
11	C	26	3320	3198	0.008130	0	1	3320	21	4761	4589	0.004576	0	1	4761	0	0	0	nan	0	0	0	0.003554	0.001881	0.003554	0.001881	0.104073	0.055082
12	U	45	3357	3242	0.013880	0	1	3357	53	4822	4648	0.011403	0	1	4822	0	0	0	nan	0	0	0	0.002478	0.002595	0.002478	0.002595	0.072564	0.075991
13	C	11	3395	3285	0.003349	0	1	3395	7	4849	4678	0.001496	0	1	4849	0	0	0	nan	0	0	0	0.001852	0.001157	0.001852	0.001157	0.054233	0.033881
14	A	114	3439	3293	0.034619	0	1	3439	13	4920	4701	0.002765	0	1	4920	0	0	0	nan	0	0	0	0.031854	0.003332	0.031854	0.003332	0.932795	0.097572
15	G	48	3464	3267	0.014692	0	1	3464	51	4923	4665	0.010932	0	1	4923	0	0	0	nan	0	0	0	0.003760	0.002615	0.003760	0.002615	0.110106	0.076576
16	G	166	3519	3282	0.050579	0	1	3519	51	4974	4681	0.010895	0	1	4974	0	0	0	nan	0	0	0	0.039684	0.004212	0.039684	0.004212	1.162084	0.123342
17	U	45	3559	3339	0.013477	0	1	3559	95	5005	4730	0.020085	0	1	5005	0	0	0	nan	0	0	0	-0.006607	0.002878	-0.006607	0.002878	-0.193476	0.084278
18	G	19	3564	3355	0.005663	0	1	3564	13	5022	4781	0.002719	0	1	5022	0	0	0	nan	0	0	0	0.002944	0.001502	0.002944	0.001502	0.086210	0.043984
19	G	52	3595	3381	0.015380	0	2	3595	29	5043	4794	0.006049	0	1	5043	0	0	0	nan	0	0	0	0.009331	0.002411	0.009331	0.002411	0.273244	0.070602
20	U	92	3658	3463	0.026567	0	2	3658	159	5122	4890	0.032515	0	1	5122	0	0	0	nan	0	0	0	-0.005949	0.003784	-0.005949	0.003784	-0.174207	0.110809
21	U	11	3703	3540	0.003107	0	2	3703	14	5203	4993	0.002804	0	1	5203	0	0	0	nan	0	0	0	0.000303	0.001200	0.000303	0.001200	0.008873	0.035140
22	A	10	3717	3568	0.002803	0	2	3717	18	5253	5062	0.003556	0	1	5253	0	0	0	nan	0	0	0	-0.000753	0.001220	-0.000753	0.001220	-0.022050	0.035726
23	G	21	3720	3494	0.006010	0	2	3720	9	5257	5001	0.001800	0	1	5257	0	0	0	nan	0	0	0	0.004211	0.001442	0.004211	0.001442	0.123313	0.042227
24	A	30	3721	3459	0.008673	0	2	3721	20	5260	4966	0.004027	0	1	5260	0	0	0	nan	0	0	0	0.004646	0.001822	0.004646	0.001822	0.136051	0.053354
25	G	178	3721	3440	0.051744	0	2	3721	65	5260	4939	0.013161	0	1	5260	0	0	0	nan	0	0	0	0.038584	0.004208	0.038584	0.004208	1.129872	0.123225
26	C	36	3721	3477	0.010354	0	2	3721	35	5261	4948	0.007074	0	1	5261	0	0	0	nan	0	0	0	0.003280	0.002099	0.003280	0.002099	0.096050	0.061466
27	G	89	3720	3506	0.025385	0	2	3720	68	5262	4972	0.013677	0	1	5262	0	0	0	nan	0	0	0	0.011708	0.003161	0.011708	0.003161	0.342850	0.092565
28	C	11	3719	3475	0.003165	0	2	3719	20	5265	4961	0.004031	0	1	5265	0	0	0	nan	0	0	0	-0.000866	0.001313	-0.000866	0.001313	-0.025359	0.038449
29	A	34	3719	3537	0.009613	0	2	3719	22	5270	5051	0.004356	0	1	5270	0	0	0	nan	0	0	0	0.005257	0.001892	0.005257	0.001892	0.153943	0.055404
30	C	24	3720	3412	0.007034	0	2	3720	33	5268	4882	0.006760	0	1	5268	0	0	0	nan	0	0	0	0.000274	0.001856	0.000274	0.001856	0.008024	0.054350
31	C	25	3718	3426	0.007297	0	2	3718	42	5266	4870	0.008624	0	1	5266	0	0	0	nan	0	0	0	-0.001327	0.001975	-0.001327	0.001975	-0.038859	0.057835
32	C	20	3720	3413	0.005860	0	2	3720	25	5271	4852	0.005153	0	1	5271	0	0	0	nan	0	0	0	0.000707	0.001667	0.000707	0.001667	0.020703	0.048815
33	C	87	3719	3499	0.024864	0	2	3719	33	5271	4964	0.006648	0	1	5271	0	0	0	nan	0	0	0	0.018216	0.002906	0.018216	0.002906	0.533427	0.085098
34	U	49	3721	3451	0.014199	0	2	3721	61	5273	4941	0.012346	0	1	5273	0	0	0	nan	0	0	0	0.001853	0.002572	0.001853	0.002572	0.054262	0.075317
35	G	115	3721	3489	0.032961	0	2	3721	12	5276	4976	0.002412	0	1	5276	0	0	0	nan	0	0	0	0.030549	0.003151	0.030549	0.003151	0.894580	0.092272
36	A	129	3723	3469	0.037187	0	2	3723	23	5285	4982	0.004617	0	1	5285	0	0	0	nan	0	0	0	0.032570	0.003413	0.032570	0.003413	0.953761	0.099944
37	U	37	3730	3471	0.010660	0	2	3730	54	5287	4976	0.010852	0	1	5287	0	0	0	nan	0	0	0	-0.000192	0.002292	-0.000192	0.002292	-0.005622	0.067118
38	A	113	3728	3459	0.032668	0	2	3728	250	5287	4955	0.050454	0	1	5287	0	0	0	nan	0	0	0	-0.017786	0.004430	nan	nan	nan	nan
39	A	78	3730	3470	0.022478	0	2	3730	17	5295	5003	0.003398	0	1	5295	0	0	0	nan	0	0	0	0.019080	0.002675	0.019080	0.002675	0.558728	0.078333
40	G	68	3732	3462	0.019642	0	2	3732	53	5292	5026	0.010545	0	1	5292	0	0	0	nan	0	0	0	0.009097	0.002788	0.009097	0.002788	0.266391	0.081642
41	G	67	3732	3396	0.019729	0	2	3732	70	5290	4928	0.014205	0	1	5290	0	0	0	nan	0	0	0	0.005525	0.002948	0.005525	0.002948	0.161791	0.086328
42	G	148	3732	3386	0.043709	0	2	3732	50	5290	4886	0.010233	0	1	5290	0	0	0	nan	0	0	0	0.033476	0.003873	0.033476	0.003873	0.980292	0.113415
43	U	68	3728	3442	0.019756	0	2	3728	82	5288	4942	0.016592	0	1	5288	0	0	0	nan	0	0	0	0.003163	0.003016	0.003163	0.003016	0.092624	0.088319
44	G	92	3727	3557	0.025864	0	2	3727	47	5286	5062	0.009285	0	1	5286	0	0	0	nan	0	0	0	0.016580	0.003018	0.016580	0.003018	0.485519	0.088377
45	A	29	3729	3585	0.008089	0	2	3729	35	5285	5072	0.006901	0	1	5285	0	0	0	nan	0	0	0	0.001189	0.001902	0.001189	0.001902	0.034818	0.055697
46	G	40	3728	3520	0.011364	0	2	3728	31	5283	5014	0.006183	0	1	5283	0	0	0	nan	0	0	0	0.005181	0.002112	0.005181	0.002112	0.151717	0.061847
47	G	350	3737	3466	0.100981	0	2	3737	314	5284	4924	0.063769	0	1	5284	0	0	0	nan	0	0	0	0.037212	0.006487	nan	nan	nan	nan
48	U	345	3815	3545	0.097320	0	2	3815	589	5460	5136	0.114681	0	1	5460	0	0	0	nan	0	0	0	-0.017361	0.007056	nan	nan	nan	nan
49	C	9	3833	3555	0.002532	0	2	3833	11	5487	5177	0.002125	0	1	5487	0	0	0	nan	0	0	0	0.000407	0.001060	0.000407	0.001060	0.011918	0.031040
50	G	19	3835	3567	0.005327	0	2	3835	16	5486	5179	0.003089	0	1	5486	0	0	0	nan	0	0	0	0.002237	0.001446	0.002237	0.001446	0.065507	0.042344
51	G	72	3836	3550	0.020282	0	2	3836	51	5482	5168	0.009868	0	1	5482	0	0	0	nan	0	0	0	0.010413	0.002761	0.010413	0.002761	0.304928	0.080852
52	U	76	3835	3579	0.021235	0	2	3835	82	5483	5200	0.015769	0	1	5483	0	0	0	nan	0	0	0	0.005466	0.002994	0.005466	0.002994	0.160063	0.087675
53	G	126	3833	3585	0.035146	0	2	3833	104	5478	5198	0.020008	0	1	5478	0	0	0	nan	0	0	0	0.015139	0.003695	0.015139	0.003695	0.443322	0.108202
54	G	179	3832	3587	0.049902	0	2	3832	70	5477	5171	0.013537	0	1	5477	0	0	0	nan	0	0	0	0.036365	0.004066	0.036365	0.004066	1.064892	0.119066
55	U	88	3831	3579	0.024588	0	2	3831	139	5478	5174	0.026865	0	1	5478	0	0	0	nan	0	0	0	-0.002277	0.003473	-0.002277	0.003473	-0.066678	0.101701
56	U	91	3831	3589	0.025355	0	2	3831	112	5478	5185	0.021601	0	1	5478	0	0	0	nan	0	0	0	0.003754	0.003351	0.003754	0.003351	0.109930	0.098129
57	C	118	3831	3582	0.032942	0	2	3831	35	5477	5192	0.006741	0	1	5477	0	0	0	nan	0	0	0	0.026201	0.003240	0.026201	0.003240	0.767255	0.094878
58	A	76	3831	3566	0.021312	0	2	3831	11	5476	5199	0.002116	0	1	5476	0	0	0	nan	0	0	0	0.019197	0.002527	0.019197	0.002527	0.562154	0.073999
59	A	1877	3829	3536	0.530826	0	2	3829	9	5475	5177	0.001738	0	1	5475	0	0	0	nan	0	0	0	0.529087	0.012266	0.529087	0.012266	15.493484	0.359191
60	G	67	3827	3508	0.019099	0	2	3827	74	5474	5088	0.014544	0	1	5474	0	0	0	nan	0	0	0	0.004555	0.002881	0.004555	0.002881	0.133386	0.084366
61	U	38	3826	3488	0.010894	0	2	3826	69	5472	5060	0.013636	0	1	5472	0	0	0	nan	0	0	0	-0.002742	0.002412	-0.002742	0.002412	-0.080295	0.070632
62	C	13	3825	3463	0.003754	0	2	3825	43	5471	4924	0.008733	0	1	5471	0	0	0	nan	0	0	0	-0.004979	0.001690	-0.004979	0.001690	-0.145802	0.049489
63	C	3	3825	3470	0.000865	0	2	3825	7	5470	4945	0.001416	0	1	5470	0	0	0	nan	0	0	0	-0.000551	0.000732	-0.000551	0.000732	-0.016135	0.021435
64	A	29	3825	3485	0.008321	0	1	3825	44	5469	4966	0.008860	0	1	5469	0	0	0	nan	0	0	0	-0.000539	0.002043	-0.000539	0.002043	-0.015784	0.059826
65	C	23	3819	3515	0.006543	0	1	3819	40	5466	5099	0.007845	0	1	5466	0	0	0	nan	0	0	0	-0.001301	0.001844	-0.001301	0.001844	-0.038098	0.053999
66	U	59	3812	3482	0.016944	0	1	3812	86	5451	5040	0.017063	0	1	5451	0	0	0	nan	0	0	0	-0.000119	0.002873	-0.000119	0.002873	-0.003485	0.084131
67	C	20	3807	3381	0.005915	0	1	3807	27	5448	4832	0.005588	0	1	5448	0	0	0	nan	0	0	0	0.000328	0.001705	0.000328	0.001705	0.009605	0.049928
68	A	21	3805	3357	0.006256	0	1	3805	19	5445	4763	0.003989	0	1	5445	0	0	0	nan	0	0	0	0.002267	0.001643	0.002267	0.001643	0.066386	0.048113
69	G	80	3802	3289	0.024324	0	1	3802	43	5440	4685	0.009178	0	1	5440	0	0	0	nan	0	0	0	0.015145	0.003059	0.015145	0.003059	0.443498	0.089578
70	G	116	3800	3348	0.034648	0	1	3800	71	5439	4837	0.014679	0	1	5439	0	0	0	nan	0	0	0	0.019969	0.003658	0.019969	0.003658	0.584761	0.107119
71	C	38	3798	3343	0.011367	0	1	3798	19	5438	4844	0.003922	0	1	5438	0	0	0	nan	0	0	0	0.007445	0.002052	0.007445	0.002052	0.218015	0.060090
72	C	29	3792	3440	0.008430	0	1	3792	30	5435	4949	0.006062	0	1	5435	0	0	0	nan	0	0	0	0.002368	0.001917	0.002368	0.001917	0.069343	0.056136
73	U	19	3791	3405	0.005580	0	1	3791	21	5435	4902	0.004284	0	1	5435	0	0	0	nan	0	0	0	0.001296	0.001585	0.001296	0.001585	0.037951	0.046414
74	A	135	3786	3456	0.039062	0	1	3786	17	5432	4974	0.003418	0	1	5432	0	0	0	nan	0	0	0	0.035645	0.003463	0.035645	0.003463	1.043808	0.101409
75	C	261	3781	3366	0.077540	0	1	3781	19	5429	4828	0.003935	0	1	5429	0	0	0	nan	0	0	0	0.073605	0.004884	0.073605	0.004884	2.155407	0.143020
76	C	63	3771	3239	0.019450	0	1	3771	8	5417	4758	0.001681	0	1	5417	0	0	0	nan	0	0	0	0.017769	0.002522	0.017769	0.002522	0.520337	0.073853
77	A	0	3587	0	nan	0	1	3587	0	5299	0	nan	0	1	5299	0	0	0	nan	0	0	0	nan	nan	nan	nan	nan	nan