0.000000
0.000000
0.000000
0.108471
0.483519
0.280893
0.001519
0.000000
0.000000
0.085971
0.099460
0.272389
0.311789
0.566131
0.458034
0.850000
0.532596
0.295795
0.850000
0.195855
0.850000
0.213369
0.850000
0.426098
0.426738
0.850000
0.850000
0.348177
0.000000
0.085971
0.850000
0.115641
0.300167
0.148031
0.058034
0.000000
0.316801
0.000000
0.850000
0.073282
0.067124
0.000000
0.375048
0.168264
0.046171
0.054568
0.000000
0.313282
0.850000
0.023565
0.553949
0.541286
0.116148
0.088984
0.000000
0.142353
0.484052
0.449823
0.070723
0.084585
0.091436
0.696701
0.000000
0.000000
0.000000
0.010823
0.850000
0.204492
0.000000
0.000000
0.000000
0.000000
0.000000
0.000000
0.000000
0.090903
0.116361
0.000000
0.221526
0.005145
0.000000
0.778327
0.850000
0.850000
0.000000
