Nucleotide	Sequence	Modified_mutations	Modified_read_depth	Modified_effective_depth	Modified_rate	Modified_off_target_mapped_depth	Modified_low_mapq_mapped_depth	Modified_mapped_depth	Untreated_mutations	Untreated_read_depth	Untreated_effective_depth	Untreated_rate	Untreated_off_target_mapped_depth	Untreated_low_mapq_mapped_depth	Untreated_mapped_depth	Denatured_mutations	Denatured_read_depth	Denatured_effective_depth	Denatured_rate	Denatured_off_target_mapped_depth	Denatured_low_mapq_mapped_depth	Denatured_mapped_depth	Reactivity_profile	Std_err	HQ_profile	HQ_stderr	Norm_profile	Norm_stderr
1	G	0	621	602	0.000000	0	0	621	0	608	589	0.000000	0	0	608	0	0	0	nan	0	0	0	0.000000	0.000000	0.000000	0.000000	0.000000	0.000000
2	C	0	666	640	0.000000	0	0	666	0	639	615	0.000000	0	0	639	0	0	0	nan	0	0	0	0.000000	0.000000	0.000000	0.000000	0.000000	0.000000
3	C	2	678	657	0.003044	0	0	678	3	655	630	0.004762	0	0	655	0	0	0	nan	0	0	0	-0.001718	0.003492	-0.001718	0.003492	-0.042855	0.087107
4	G	17	682	663	0.025641	0	0	682	0	656	634	0.000000	0	0	656	0	0	0	nan	0	0	0	0.025641	0.006219	0.025641	0.006219	0.639608	0.155131
5	A	15	686	664	0.022590	0	0	686	1	659	639	0.001565	0	0	659	0	0	0	nan	0	0	0	0.021025	0.006039	0.021025	0.006039	0.524463	0.150641
6	A	14	699	669	0.020927	0	0	699	2	664	637	0.003140	0	0	664	0	0	0	nan	0	0	0	0.017787	0.006017	0.017787	0.006017	0.443692	0.150092
7	G	27	706	666	0.040541	0	0	706	6	665	624	0.009615	0	0	665	0	0	0	nan	0	0	0	0.030925	0.008734	0.030925	0.008734	0.771416	0.217867
8	U	123	730	677	0.181684	0	0	730	73	689	641	0.113885	0	0	689	0	0	0	nan	0	0	0	0.067799	0.021119	nan	nan	nan	nan
9	G	14	761	713	0.019635	0	0	761	4	712	669	0.005979	0	0	712	0	0	0	nan	0	0	0	0.013656	0.006040	0.013656	0.006040	0.340645	0.150666
10	G	30	789	749	0.040053	0	0	789	8	718	680	0.011765	0	0	718	0	0	0	nan	0	0	0	0.028289	0.008413	0.028289	0.008413	0.705662	0.209860
11	C	21	798	769	0.027308	0	0	798	14	726	696	0.020115	0	0	726	0	0	0	nan	0	0	0	0.007193	0.008026	0.007193	0.008026	0.179427	0.200206
12	G	16	801	777	0.020592	0	0	801	2	727	704	0.002841	0	0	727	0	0	0	nan	0	0	0	0.017751	0.005526	0.017751	0.005526	0.442794	0.137845
13	A	7	830	802	0.008728	0	0	830	1	737	716	0.001397	0	0	737	0	0	0	nan	0	0	0	0.007332	0.003582	0.007332	0.003582	0.182895	0.089352
14	A	4	853	818	0.004890	0	0	853	0	743	712	0.000000	0	0	743	0	0	0	nan	0	0	0	0.004890	0.002445	0.004890	0.002445	0.121980	0.060990
15	A	19	884	847	0.022432	0	0	884	25	747	708	0.035311	0	0	747	0	0	0	nan	0	0	0	-0.012879	0.008738	-0.012879	0.008738	-0.321263	0.217967
16	U	23	1505	1441	0.015961	0	0	1505	20	1165	1118	0.017889	0	0	1165	0	0	0	nan	0	0	0	-0.001928	0.005204	-0.001928	0.005204	-0.048093	0.129812
17	C	20	1619	1541	0.012979	0	0	1619	7	1308	1256	0.005573	0	0	1308	0	0	0	nan	0	0	0	0.007405	0.003586	0.007405	0.003586	0.184716	0.089452
18	G	47	1738	1671	0.028127	0	0	1738	24	1354	1302	0.018433	0	0	1354	0	0	0	nan	0	0	0	0.009694	0.005567	0.009694	0.005567	0.241814	0.138867
19	G	90	1771	1702	0.052879	0	0	1771	27	1367	1308	0.020642	0	0	1367	0	0	0	nan	0	0	0	0.032237	0.006845	0.032237	0.006845	0.804143	0.170747
20	U	22	1886	1830	0.012022	0	0	1886	27	1397	1348	0.020030	0	0	1397	0	0	0	nan	0	0	0	-0.008008	0.004629	-0.008008	0.004629	-0.199757	0.115469
21	A	17	1902	1844	0.009219	0	0	1902	5	1409	1370	0.003650	0	0	1409	0	0	0	nan	0	0	0	0.005569	0.002768	0.005569	0.002768	0.138917	0.069047
22	G	35	1951	1838	0.019042	0	0	1951	8	1423	1339	0.005975	0	0	1423	0	0	0	nan	0	0	0	0.013068	0.003850	0.013068	0.003850	0.325978	0.096037
23	A	229	1975	1855	0.123450	0	0	1975	11	1436	1347	0.008166	0	0	1436	0	0	0	nan	0	0	0	0.115284	0.008521	0.115284	0.008521	2.875728	0.212554
24	C	29	2002	1887	0.015368	0	0	2002	15	1440	1339	0.011202	0	0	1440	0	0	0	nan	0	0	0	0.004166	0.004063	0.004166	0.004063	0.103920	0.101350
25	G	53	2012	1962	0.027013	0	0	2012	11	1440	1382	0.007959	0	0	1440	0	0	0	nan	0	0	0	0.019054	0.004419	0.019054	0.004419	0.475297	0.110231
26	C	22	2013	1951	0.011276	0	0	2013	9	1444	1386	0.006494	0	0	1444	0	0	0	nan	0	0	0	0.004783	0.003235	0.004783	0.003235	0.119311	0.080696
27	A	115	2013	1937	0.059370	0	0	2013	6	1451	1393	0.004307	0	0	1451	0	0	0	nan	0	0	0	0.055063	0.005809	0.055063	0.005809	1.373532	0.144904
28	G	32	2020	1919	0.016675	0	0	2020	15	1452	1368	0.010965	0	0	1452	0	0	0	nan	0	0	0	0.005710	0.004087	0.005710	0.004087	0.142434	0.101949
29	U	41	2028	1913	0.021432	0	0	2028	31	1469	1366	0.022694	0	0	1469	0	0	0	nan	0	0	0	-0.001262	0.005274	-0.001262	0.005274	-0.031480	0.131559
30	U	36	2031	1926	0.018692	0	0	2031	39	1473	1378	0.028302	0	0	1473	0	0	0	nan	0	0	0	-0.009610	0.005499	-0.009610	0.005499	-0.239719	0.137171
31	G	54	2033	1933	0.027936	0	0	2033	11	1476	1388	0.007925	0	0	1476	0	0	0	nan	0	0	0	0.020011	0.004490	0.020011	0.004490	0.499169	0.112002
32	A	169	2037	1933	0.087429	0	0	2037	112	1480	1385	0.080866	0	0	1480	0	0	0	nan	0	0	0	0.006562	0.010179	nan	nan	nan	nan
33	U	26	2040	1920	0.013542	0	0	2040	19	1502	1408	0.013494	0	0	1502	0	0	0	nan	0	0	0	0.000047	0.004079	0.000047	0.004079	0.001172	0.101750
34	U	21	2043	1915	0.010966	0	0	2043	11	1513	1411	0.007796	0	0	1513	0	0	0	nan	0	0	0	0.003170	0.003354	0.003170	0.003354	0.079075	0.083665
35	C	688	2047	1956	0.351738	0	0	2047	504	1525	1471	0.342624	0	0	1525	0	0	0	nan	0	0	0	0.009114	0.020316	nan	nan	nan	nan
36	A	21	2103	2031	0.010340	0	0	2103	7	1608	1563	0.004479	0	0	1608	0	0	0	nan	0	0	0	0.005861	0.002821	0.005861	0.002821	0.146201	0.070369
37	A	9	2115	2019	0.004458	0	0	2115	2	1613	1561	0.001281	0	0	1613	0	0	0	nan	0	0	0	0.003176	0.001740	0.003176	0.001740	0.079224	0.043404
38	A	318	2127	1976	0.160931	0	0	2127	267	1613	1528	0.174738	0	0	1613	0	0	0	nan	0	0	0	-0.013807	0.013993	nan	nan	nan	nan
39	A	187	2163	2033	0.091982	0	0	2163	4	1653	1556	0.002571	0	0	1653	0	0	0	nan	0	0	0	0.089412	0.006848	0.089412	0.006848	2.230358	0.170822
40	U	21	2185	2075	0.010120	0	0	2185	18	1663	1568	0.011480	0	0	1663	0	0	0	nan	0	0	0	-0.001359	0.003493	-0.001359	0.003493	-0.033900	0.087132
41	C	6	2188	2086	0.002876	0	0	2188	7	1667	1585	0.004416	0	0	1667	0	0	0	nan	0	0	0	-0.001540	0.002041	-0.001540	0.002041	-0.038415	0.050912
42	A	5	2196	1902	0.002629	0	0	2196	0	1683	1452	0.000000	0	0	1683	0	0	0	nan	0	0	0	0.002629	0.001176	0.002629	0.001176	0.065580	0.029335
43	A	22	2198	1903	0.011561	0	0	2198	17	1684	1462	0.011628	0	0	1684	0	0	0	nan	0	0	0	-0.000067	0.003745	-0.000067	0.003745	-0.001671	0.093418
44	C	10	2202	1908	0.005241	0	0	2202	11	1683	1462	0.007524	0	0	1683	0	0	0	nan	0	0	0	-0.002283	0.002809	-0.002283	0.002809	-0.056949	0.070070
45	C	11	2202	2089	0.005266	0	0	2202	14	1685	1577	0.008878	0	0	1685	0	0	0	nan	0	0	0	-0.003612	0.002855	-0.003612	0.002855	-0.090100	0.071217
46	G	56	2202	2050	0.027317	0	0	2202	14	1685	1544	0.009067	0	0	1685	0	0	0	nan	0	0	0	0.018250	0.004382	0.018250	0.004382	0.455241	0.109308
47	U	15	2205	2036	0.007367	0	0	2205	11	1692	1545	0.007120	0	0	1692	0	0	0	nan	0	0	0	0.000248	0.002868	0.000248	0.002868	0.006186	0.071541
48	A	17	2205	2048	0.008301	0	0	2205	4	1692	1562	0.002561	0	0	1692	0	0	0	nan	0	0	0	0.005740	0.002386	0.005740	0.002386	0.143183	0.059518
49	G	28	2205	2074	0.013500	0	0	2205	4	1692	1579	0.002533	0	0	1692	0	0	0	nan	0	0	0	0.010967	0.002848	0.010967	0.002848	0.273569	0.071043
50	A	105	2205	2105	0.049881	0	0	2205	6	1693	1601	0.003748	0	0	1693	0	0	0	nan	0	0	0	0.046134	0.005103	0.046134	0.005103	1.150800	0.127293
51	A	101	2207	2134	0.047329	0	0	2207	1	1693	1620	0.000617	0	0	1693	0	0	0	nan	0	0	0	0.046712	0.004750	0.046712	0.004750	1.165218	0.118487
52	A	88	2207	2128	0.041353	0	0	2207	9	1693	1621	0.005552	0	0	1693	0	0	0	nan	0	0	0	0.035801	0.004781	0.035801	0.004781	0.893046	0.119261
53	U	15	2209	2129	0.007046	0	0	2209	13	1692	1628	0.007985	0	0	1692	0	0	0	nan	0	0	0	-0.000940	0.002866	-0.000940	0.002866	-0.023448	0.071492
54	A	27	2211	2126	0.012700	0	0	2211	3	1693	1614	0.001859	0	0	1693	0	0	0	nan	0	0	0	0.010841	0.002669	0.010841	0.002669	0.270426	0.066577
55	C	27	2211	2118	0.012748	0	0	2211	14	1690	1598	0.008761	0	0	1690	0	0	0	nan	0	0	0	0.003987	0.003391	0.003987	0.003391	0.099455	0.084588
56	G	69	2210	2043	0.033774	0	0	2210	15	1690	1545	0.009709	0	0	1690	0	0	0	nan	0	0	0	0.024065	0.004777	0.024065	0.004777	0.600295	0.119161
57	U	31	2210	2017	0.015369	0	0	2210	35	1690	1539	0.022742	0	0	1690	0	0	0	nan	0	0	0	-0.007373	0.004733	-0.007373	0.004733	-0.183918	0.118063
58	G	61	2209	2012	0.030318	0	0	2209	17	1689	1536	0.011068	0	0	1689	0	0	0	nan	0	0	0	0.019250	0.004720	0.019250	0.004720	0.480186	0.117739
59	C	35	2207	2049	0.017082	0	0	2207	24	1688	1570	0.015287	0	0	1688	0	0	0	nan	0	0	0	0.001795	0.004251	0.001795	0.004251	0.044776	0.106040
60	C	17	2207	2060	0.008252	0	0	2207	9	1686	1572	0.005725	0	0	1686	0	0	0	nan	0	0	0	0.002527	0.002766	0.002527	0.002766	0.063035	0.068997
61	G	42	2206	2042	0.020568	0	0	2206	11	1686	1545	0.007120	0	0	1686	0	0	0	nan	0	0	0	0.013448	0.003832	0.013448	0.003832	0.335457	0.095588
62	G	71	2204	2044	0.034736	0	0	2204	14	1686	1531	0.009144	0	0	1686	0	0	0	nan	0	0	0	0.025591	0.004792	0.025591	0.004792	0.638361	0.119535
63	U	47	2205	2046	0.022972	0	0	2205	51	1686	1539	0.033138	0	0	1686	0	0	0	nan	0	0	0	-0.010167	0.005724	-0.010167	0.005724	-0.253613	0.142784
64	U	46	2205	2069	0.022233	0	0	2205	25	1686	1559	0.016036	0	0	1686	0	0	0	nan	0	0	0	0.006197	0.004586	0.006197	0.004586	0.154583	0.114397
65	C	61	2204	2067	0.029511	0	0	2204	19	1685	1563	0.012156	0	0	1685	0	0	0	nan	0	0	0	0.017355	0.004696	0.017355	0.004696	0.432916	0.117140
66	G	7	2203	2040	0.003431	0	0	2203	11	1685	1572	0.006997	0	0	1685	0	0	0	nan	0	0	0	-0.003566	0.002477	-0.003566	0.002477	-0.088953	0.061788
67	A	1131	2203	2018	0.560456	0	0	2203	3	1685	1576	0.001904	0	0	1685	0	0	0	nan	0	0	0	0.558552	0.016701	0.558552	0.016701	13.932930	0.416602
68	G	56	2202	2053	0.027277	0	0	2202	34	1684	1577	0.021560	0	0	1684	0	0	0	nan	0	0	0	0.005717	0.005192	0.005717	0.005192	0.142609	0.129513
69	U	44	2202	2088	0.021073	0	0	2202	45	1683	1589	0.028320	0	0	1683	0	0	0	nan	0	0	0	-0.007247	0.005283	-0.007247	0.005283	-0.180774	0.131783
70	C	17	2200	2032	0.008366	0	0	2200	17	1682	1502	0.011318	0	0	1682	0	0	0	nan	0	0	0	-0.002952	0.003414	-0.002952	0.003414	-0.073637	0.085161
71	C	25	2198	2023	0.012358	0	0	2198	17	1680	1483	0.011463	0	0	1680	0	0	0	nan	0	0	0	0.000895	0.003720	0.000895	0.003720	0.022326	0.092794
72	G	24	2198	1957	0.012264	0	0	2198	22	1678	1435	0.015331	0	0	1678	0	0	0	nan	0	0	0	-0.003067	0.004117	-0.003067	0.004117	-0.076505	0.102697
73	G	82	2198	1975	0.041519	0	0	2198	32	1678	1444	0.022161	0	0	1678	0	0	0	nan	0	0	0	0.019358	0.006031	0.019358	0.006031	0.482880	0.150442
74	C	38	2197	1946	0.019527	0	0	2197	20	1668	1426	0.014025	0	0	1668	0	0	0	nan	0	0	0	0.005502	0.004458	0.005502	0.004458	0.137246	0.111204
75	C	22	2195	1895	0.011609	0	0	2195	14	1668	1330	0.010526	0	0	1668	0	0	0	nan	0	0	0	0.001083	0.003747	0.001083	0.003747	0.027015	0.093468
76	U	16	2189	1908	0.008386	0	0	2189	7	1663	1337	0.005236	0	0	1663	0	0	0	nan	0	0	0	0.003150	0.002883	0.003150	0.002883	0.078576	0.071916
77	U	15	2188	1936	0.007748	0	0	2188	21	1663	1360	0.015441	0	0	1663	0	0	0	nan	0	0	0	-0.007693	0.003919	-0.007693	0.003919	-0.191900	0.097758
78	C	14	2186	1980	0.007071	0	0	2186	5	1660	1442	0.003467	0	0	1660	0	0	0	nan	0	0	0	0.003603	0.002445	0.003603	0.002445	0.089876	0.060990
79	G	79	2183	1940	0.040722	0	0	2183	21	1653	1433	0.014655	0	0	1653	0	0	0	nan	0	0	0	0.026067	0.005587	0.026067	0.005587	0.650234	0.139366
80	G	118	2183	1906	0.061910	0	0	2183	28	1652	1395	0.020072	0	0	1652	0	0	0	nan	0	0	0	0.041838	0.006846	0.041838	0.006846	1.043638	0.170772
81	C	42	2180	1501	0.027981	0	0	2180	35	1652	877	0.039909	0	0	1652	0	0	0	nan	0	0	0	-0.011927	0.008009	-0.011927	0.008009	-0.297516	0.199782
82	A	149	2175	1513	0.098480	0	0	2175	23	1648	889	0.025872	0	0	1648	0	0	0	nan	0	0	0	0.072608	0.009705	0.072608	0.009705	1.811187	0.242089
83	C	114	2165	1492	0.076408	0	0	2165	5	1644	894	0.005593	0	0	1644	0	0	0	nan	0	0	0	0.070815	0.007581	0.070815	0.007581	1.766461	0.189106
84	C	58	2154	1728	0.033565	0	0	2154	2	1637	1277	0.001566	0	0	1637	0	0	0	nan	0	0	0	0.031999	0.004544	0.031999	0.004544	0.798206	0.113349
85	A	0	2058	0	nan	0	0	2058	0	1601	0	nan	0	0	1601	0	0	0	nan	0	0	0	nan	nan	nan	nan	nan	nan