Nucleotide	Sequence	Modified_mutations	Modified_read_depth	Modified_effective_depth	Modified_rate	Modified_off_target_mapped_depth	Modified_low_mapq_mapped_depth	Modified_mapped_depth	Untreated_mutations	Untreated_read_depth	Untreated_effective_depth	Untreated_rate	Untreated_off_target_mapped_depth	Untreated_low_mapq_mapped_depth	Untreated_mapped_depth	Denatured_mutations	Denatured_read_depth	Denatured_effective_depth	Denatured_rate	Denatured_off_target_mapped_depth	Denatured_low_mapq_mapped_depth	Denatured_mapped_depth	Reactivity_profile	Std_err	HQ_profile	HQ_stderr	Norm_profile	Norm_stderr
1	G	0	2991	2930	0.000000	0	0	2991	0	4508	4430	0.000000	0	0	4508	0	0	0	nan	0	0	0	0.000000	0.000000	0.000000	0.000000	0.000000	0.000000
2	C	0	3171	3081	0.000000	0	0	3171	0	4623	4504	0.000000	0	0	4623	0	0	0	nan	0	0	0	0.000000	0.000000	0.000000	0.000000	0.000000	0.000000
3	A	17	3221	3137	0.005419	0	0	3221	5	4657	4523	0.001105	0	0	4657	0	0	0	nan	0	0	0	0.004314	0.001404	0.004314	0.001404	0.118161	0.038456
4	U	43	3295	3181	0.013518	0	0	3295	52	4700	4534	0.011469	0	0	4700	0	0	0	nan	0	0	0	0.002049	0.002604	0.002049	0.002604	0.056122	0.071324
5	C	34	3335	3186	0.010672	0	0	3335	37	4730	4539	0.008152	0	0	4730	0	0	0	nan	0	0	0	0.002520	0.002268	0.002520	0.002268	0.069023	0.062121
6	C	21	3466	3292	0.006379	0	0	3466	25	4870	4659	0.005366	0	0	4870	0	0	0	nan	0	0	0	0.001013	0.001758	0.001013	0.001758	0.027746	0.048152
7	G	91	3497	3302	0.027559	0	0	3497	24	4901	4677	0.005131	0	0	4901	0	0	0	nan	0	0	0	0.022428	0.003073	0.022428	0.003073	0.614305	0.084170
8	U	495	3627	3434	0.144147	0	0	3627	545	5043	4813	0.113235	0	0	5043	0	0	0	nan	0	0	0	0.030912	0.008093	nan	nan	nan	nan
9	A	107	3731	3545	0.030183	0	0	3731	7	5182	4987	0.001404	0	0	5182	0	0	0	nan	0	0	0	0.028780	0.002966	0.028780	0.002966	0.788286	0.081239
10	G	68	3833	3658	0.018589	0	0	3833	78	5205	5008	0.015575	0	0	5205	0	0	0	nan	0	0	0	0.003014	0.002862	0.003014	0.002862	0.082554	0.078390
11	C	40	3877	3696	0.010823	0	0	3877	35	5240	5051	0.006929	0	0	5240	0	0	0	nan	0	0	0	0.003893	0.002074	0.003893	0.002074	0.106630	0.056807
12	U	24	3971	3762	0.006380	0	0	3971	48	5451	5212	0.009210	0	0	5451	0	0	0	nan	0	0	0	-0.002830	0.001861	-0.002830	0.001861	-0.077514	0.050973
13	C	18	4002	3713	0.004848	0	0	4002	27	5500	5118	0.005275	0	0	5500	0	0	0	nan	0	0	0	-0.000428	0.001529	-0.000428	0.001529	-0.011723	0.041879
14	A	70	4044	3724	0.018797	0	0	4044	13	5599	5181	0.002509	0	0	5599	0	0	0	nan	0	0	0	0.016288	0.002352	0.016288	0.002352	0.446130	0.064421
15	G	42	4051	3770	0.011141	0	0	4051	45	5602	5191	0.008669	0	0	5602	0	0	0	nan	0	0	0	0.002472	0.002151	0.002472	0.002151	0.067708	0.058916
16	C	105	4081	3859	0.027209	0	0	4081	50	5689	5369	0.009313	0	0	5689	0	0	0	nan	0	0	0	0.017896	0.002964	0.017896	0.002964	0.490173	0.081184
17	U	29	4105	3873	0.007488	0	0	4105	68	5730	5380	0.012639	0	0	5730	0	0	0	nan	0	0	0	-0.005152	0.002069	-0.005152	0.002069	-0.141114	0.056670
18	G	70	4123	3886	0.018013	0	0	4123	40	5756	5397	0.007412	0	0	5756	0	0	0	nan	0	0	0	0.010602	0.002451	0.010602	0.002451	0.290390	0.067133
19	G	34	4169	3981	0.008541	0	0	4169	21	5801	5507	0.003813	0	0	5801	0	0	0	nan	0	0	0	0.004727	0.001685	0.004727	0.001685	0.129473	0.046152
20	A	116	4190	4017	0.028877	0	0	4190	42	5834	5577	0.007531	0	0	5834	0	0	0	nan	0	0	0	0.021346	0.002922	0.021346	0.002922	0.584669	0.080034
21	U	18	4229	4052	0.004442	0	0	4229	50	5862	5624	0.008890	0	0	5862	0	0	0	nan	0	0	0	-0.004448	0.001636	-0.004448	0.001636	-0.121831	0.044810
22	A	14	4232	4019	0.003483	0	0	4232	9	5883	5605	0.001606	0	0	5883	0	0	0	nan	0	0	0	0.001878	0.001074	0.001878	0.001074	0.051439	0.029417
23	G	23	4238	4039	0.005694	0	0	4238	20	5904	5668	0.003529	0	0	5904	0	0	0	nan	0	0	0	0.002166	0.001426	0.002166	0.001426	0.059327	0.039058
24	A	31	4237	4027	0.007698	0	0	4237	7	5907	5627	0.001244	0	0	5907	0	0	0	nan	0	0	0	0.006454	0.001460	0.006454	0.001460	0.176776	0.039990
25	G	112	4238	4006	0.027958	0	0	4238	51	5908	5592	0.009120	0	0	5908	0	0	0	nan	0	0	0	0.018838	0.002934	0.018838	0.002934	0.515974	0.080362
26	U	24	4243	4007	0.005990	0	0	4243	35	5918	5603	0.006247	0	1	5918	0	0	0	nan	0	0	0	-0.000257	0.001615	-0.000257	0.001615	-0.007039	0.044235
27	A	195	4243	4044	0.048220	0	0	4243	32	5928	5677	0.005637	0	1	5928	0	0	0	nan	0	0	0	0.042583	0.003594	0.042583	0.003594	1.166352	0.098440
28	C	47	4248	4075	0.011534	0	0	4248	46	5930	5665	0.008120	0	1	5930	0	0	0	nan	0	0	0	0.003414	0.002065	0.003414	0.002065	0.093510	0.056561
29	U	50	4255	4043	0.012367	0	0	4255	69	5963	5645	0.012223	0	1	5963	0	0	0	nan	0	0	0	0.000144	0.002286	0.000144	0.002286	0.003944	0.062614
30	C	38	4256	3956	0.009606	0	0	4256	63	5972	5544	0.011364	0	1	5972	0	0	0	nan	0	0	0	-0.001758	0.002116	-0.001758	0.002116	-0.048152	0.057957
31	G	92	4255	3896	0.023614	0	0	4255	102	5977	5533	0.018435	0	1	5977	0	0	0	nan	0	0	0	0.005179	0.003065	0.005179	0.003065	0.141853	0.083951
32	G	93	4253	3785	0.024571	0	0	4253	90	5977	5547	0.016225	0	1	5977	0	0	0	nan	0	0	0	0.008346	0.003069	0.008346	0.003069	0.228598	0.084060
33	C	2300	4250	3894	0.590652	0	0	4250	384	5978	5605	0.068510	0	1	5978	0	0	0	nan	0	0	0	0.522142	0.012803	nan	nan	nan	nan
34	U	18	4259	3941	0.004567	0	0	4259	7	5978	5627	0.001244	0	1	5978	0	0	0	nan	0	0	0	0.003323	0.001175	0.003323	0.001175	0.091017	0.032183
35	A	3355	4257	3806	0.881503	0	0	4257	5240	5971	5572	0.940416	0	1	5971	0	0	0	nan	0	0	0	-0.058913	0.020010	nan	nan	nan	nan
36	C	197	4274	3991	0.049361	0	0	4274	81	5989	5634	0.014377	0	1	5989	0	0	0	nan	0	0	0	0.034984	0.003863	0.034984	0.003863	0.958214	0.105808
37	G	160	4274	3919	0.040827	0	0	4274	43	5988	5473	0.007857	0	1	5988	0	0	0	nan	0	0	0	0.032970	0.003443	0.032970	0.003443	0.903051	0.094304
38	A	92	4274	3616	0.025442	0	0	4274	17	5990	4980	0.003414	0	1	5990	0	0	0	nan	0	0	0	0.022029	0.002779	0.022029	0.002779	0.603376	0.076117
39	A	249	4275	3674	0.067774	0	0	4275	67	5991	5040	0.013294	0	1	5991	0	0	0	nan	0	0	0	0.054480	0.004592	0.054480	0.004592	1.492211	0.125775
40	C	52	4274	3748	0.013874	0	0	4274	55	5990	5174	0.010630	0	1	5990	0	0	0	nan	0	0	0	0.003244	0.002399	0.003244	0.002399	0.088853	0.065709
41	C	54	4274	4032	0.013393	0	0	4274	44	5988	5689	0.007734	0	1	5988	0	0	0	nan	0	0	0	0.005659	0.002164	0.005659	0.002164	0.155000	0.059272
42	G	97	4271	3838	0.025274	0	0	4271	38	5987	5367	0.007080	0	1	5987	0	0	0	nan	0	0	0	0.018193	0.002811	0.018193	0.002811	0.498308	0.076994
43	A	67	4272	3835	0.017471	0	0	4272	17	5985	5353	0.003176	0	1	5985	0	0	0	nan	0	0	0	0.014295	0.002269	0.014295	0.002269	0.391541	0.062148
44	G	192	4270	3872	0.049587	0	0	4270	132	5985	5393	0.024476	0	2	5985	0	0	0	nan	0	0	0	0.025111	0.004165	0.025111	0.004165	0.687792	0.114080
45	C	115	4270	4012	0.028664	0	0	4270	55	5984	5661	0.009716	0	2	5984	0	0	0	nan	0	0	0	0.018948	0.002977	0.018948	0.002977	0.518987	0.081540
46	G	23	4272	3970	0.005793	0	0	4272	8	5988	5630	0.001421	0	2	5988	0	0	0	nan	0	0	0	0.004372	0.001308	0.004372	0.001308	0.119749	0.035826
47	G	258	4274	3925	0.065732	0	0	4274	81	5991	5510	0.014701	0	2	5991	0	0	0	nan	0	0	0	0.051032	0.004406	0.051032	0.004406	1.397770	0.120681
48	U	442	4473	4175	0.105868	0	0	4473	772	6182	5743	0.134425	0	2	6182	0	0	0	nan	0	0	0	-0.028556	0.006983	nan	nan	nan	nan
49	C	16	4537	4223	0.003789	0	0	4537	5	6243	5761	0.000868	0	2	6243	0	0	0	nan	0	0	0	0.002921	0.001024	0.002921	0.001024	0.080006	0.028047
50	G	27	4541	4235	0.006375	0	0	4541	16	6244	5798	0.002760	0	2	6244	0	0	0	nan	0	0	0	0.003616	0.001408	0.003616	0.001408	0.099043	0.038565
51	G	28	4540	4233	0.006615	0	0	4540	19	6242	5798	0.003277	0	2	6242	0	0	0	nan	0	0	0	0.003338	0.001459	0.003338	0.001459	0.091428	0.039962
52	A	49	4539	4282	0.011443	0	0	4539	40	6241	5890	0.006791	0	2	6241	0	0	0	nan	0	0	0	0.004652	0.001956	0.004652	0.001956	0.127419	0.053575
53	G	192	4538	4239	0.045294	0	0	4538	159	6239	5883	0.027027	0	2	6239	0	0	0	nan	0	0	0	0.018267	0.003909	0.018267	0.003909	0.500335	0.107068
54	G	307	4534	4221	0.072732	0	0	4534	80	6238	5838	0.013703	0	2	6238	0	0	0	nan	0	0	0	0.059028	0.004425	0.059028	0.004425	1.616782	0.121201
55	U	76	4533	4225	0.017988	0	0	4533	153	6237	5855	0.026132	0	2	6237	0	0	0	nan	0	0	0	-0.008143	0.002953	-0.008143	0.002953	-0.223037	0.080883
56	U	72	4535	4215	0.017082	0	0	4535	114	6243	5873	0.019411	0	2	6243	0	0	0	nan	0	0	0	-0.002329	0.002713	-0.002329	0.002713	-0.063791	0.074309
57	C	45	4535	4176	0.010776	0	0	4535	47	6241	5845	0.008041	0	2	6241	0	0	0	nan	0	0	0	0.002735	0.001989	0.002735	0.001989	0.074912	0.054479
58	G	20	4534	4058	0.004929	0	0	4534	30	6241	5825	0.005150	0	2	6241	0	0	0	nan	0	0	0	-0.000222	0.001449	-0.000222	0.001449	-0.006081	0.039688
59	A	1625	4531	4108	0.395570	0	0	4531	8	6240	5884	0.001360	0	2	6240	0	0	0	nan	0	0	0	0.394210	0.009825	0.394210	0.009825	10.797443	0.269108
60	A	55	4531	4145	0.013269	0	0	4531	55	6236	5868	0.009373	0	2	6236	0	0	0	nan	0	0	0	0.003896	0.002191	0.003896	0.002191	0.106712	0.060012
61	U	39	4527	4193	0.009301	0	0	4527	74	6234	5788	0.012785	0	2	6234	0	0	0	nan	0	0	0	-0.003484	0.002104	-0.003484	0.002104	-0.095427	0.057629
62	C	15	4525	4097	0.003661	0	0	4525	33	6230	5649	0.005842	0	2	6230	0	0	0	nan	0	0	0	-0.002181	0.001388	-0.002181	0.001388	-0.059738	0.038017
63	C	14	4521	4064	0.003445	0	0	4521	17	6219	5641	0.003014	0	2	6219	0	0	0	nan	0	0	0	0.000431	0.001176	0.000431	0.001176	0.011805	0.032211
64	U	36	4511	4064	0.008858	0	0	4511	40	6209	5661	0.007066	0	2	6209	0	0	0	nan	0	0	0	0.001792	0.001851	0.001792	0.001851	0.049083	0.050699
65	C	33	4506	4037	0.008174	0	0	4506	58	6203	5625	0.010311	0	2	6203	0	0	0	nan	0	0	0	-0.002137	0.001964	-0.002137	0.001964	-0.058533	0.053794
66	C	53	4503	3993	0.013273	0	0	4503	61	6194	5531	0.011029	0	2	6194	0	0	0	nan	0	0	0	0.002244	0.002306	0.002244	0.002306	0.061463	0.063162
67	C	33	4500	3924	0.008410	0	0	4500	36	6184	5420	0.006642	0	2	6184	0	0	0	nan	0	0	0	0.001768	0.001835	0.001768	0.001835	0.048426	0.050261
68	G	97	4491	3915	0.024777	0	0	4491	61	6169	5431	0.011232	0	1	6169	0	0	0	nan	0	0	0	0.013545	0.002898	0.013545	0.002898	0.370999	0.079376
69	G	81	4490	3948	0.020517	0	0	4490	26	6167	5499	0.004728	0	1	6167	0	0	0	nan	0	0	0	0.015789	0.002461	0.015789	0.002461	0.432462	0.067407
70	A	66	4490	4016	0.016434	0	0	4490	47	6164	5589	0.008409	0	1	6164	0	0	0	nan	0	0	0	0.008025	0.002366	0.008025	0.002366	0.219805	0.064805
71	U	35	4487	4052	0.008638	0	0	4487	27	6161	5615	0.004809	0	1	6161	0	0	0	nan	0	0	0	0.003829	0.001729	0.003829	0.001729	0.104877	0.047357
72	G	164	4478	4034	0.040654	0	0	4478	46	6158	5580	0.008244	0	1	6158	0	0	0	nan	0	0	0	0.032411	0.003399	0.032411	0.003399	0.887740	0.093099
73	C	86	4478	3822	0.022501	0	0	4478	106	6157	5209	0.020349	0	1	6157	0	0	0	nan	0	0	0	0.002152	0.003130	0.002152	0.003130	0.058943	0.085731
74	A	159	4477	3863	0.041160	0	0	4477	32	6153	5287	0.006053	0	1	6153	0	0	0	nan	0	0	0	0.035107	0.003435	0.035107	0.003435	0.961583	0.094085
75	C	183	4458	3742	0.048904	0	0	4458	33	6141	5137	0.006424	0	1	6141	0	0	0	nan	0	0	0	0.042480	0.003784	0.042480	0.003784	1.163531	0.103644
76	C	136	4453	3782	0.035960	0	0	4453	5	6129	5388	0.000928	0	1	6129	0	0	0	nan	0	0	0	0.035032	0.003111	0.035032	0.003111	0.959529	0.085211
77	A	0	4283	0	nan	0	0	4283	0	6034	0	nan	0	1	6034	0	0	0	nan	0	0	0	nan	nan	nan	nan	nan	nan