0.000000
0.000000
0.059087
0.000000
0.545006
0.624298
0.483822
0.774261
0.724068
0.691822
0.276505
0.000000
0.161935
0.718344
0.558324
0.000000
0.803998
0.346310
0.850000
0.068915
0.408361
0.789357
0.317280
0.850000
0.127044
0.782972
0.370916
0.433766
0.383755
0.850000
0.052314
0.000000
0.114821
0.850000
0.223143
0.212356
0.000000
0.850000
0.000000
0.000000
0.062849
0.084651
0.000000
0.608107
0.033910
0.740168
0.000000
0.461861
0.377803
0.135573
0.094251
0.395272
0.850000
0.092997
0.153794
0.000000
0.445191
0.850000
0.000000
0.000000
0.137854
0.164147
0.508656
0.426445
0.711571
0.042188
0.144695
0.000000
0.498143
0.079725
0.850000
0.201319
0.002623
0.338329
0.417004
0.000000
