Nucleotide	Sequence	Modified_mutations	Modified_read_depth	Modified_effective_depth	Modified_rate	Modified_off_target_mapped_depth	Modified_low_mapq_mapped_depth	Modified_mapped_depth	Untreated_mutations	Untreated_read_depth	Untreated_effective_depth	Untreated_rate	Untreated_off_target_mapped_depth	Untreated_low_mapq_mapped_depth	Untreated_mapped_depth	Denatured_mutations	Denatured_read_depth	Denatured_effective_depth	Denatured_rate	Denatured_off_target_mapped_depth	Denatured_low_mapq_mapped_depth	Denatured_mapped_depth	Reactivity_profile	Std_err	HQ_profile	HQ_stderr	Norm_profile	Norm_stderr
1	G	0	5082	4975	0.000000	0	0	5082	0	4509	4444	0.000000	0	0	4509	0	0	0	nan	0	0	0	0.000000	0.000000	0.000000	0.000000	0.000000	0.000000
2	C	0	5385	5181	0.000000	0	0	5385	0	4615	4474	0.000000	0	0	4615	0	0	0	nan	0	0	0	0.000000	0.000000	0.000000	0.000000	0.000000	0.000000
3	G	116	5489	5254	0.022078	0	0	5489	36	4657	4460	0.008072	0	0	4657	0	0	0	nan	0	0	0	0.014007	0.002452	0.014007	0.002452	0.344149	0.060245
4	G	101	5527	5209	0.019390	0	0	5527	29	4673	4431	0.006545	0	0	4673	0	0	0	nan	0	0	0	0.012845	0.002280	0.012845	0.002280	0.315599	0.056019
5	G	380	5546	5247	0.072422	0	0	5546	40	4683	4421	0.009048	0	0	4683	0	0	0	nan	0	0	0	0.063375	0.003981	0.063375	0.003981	1.557109	0.097812
6	C	18	5590	5246	0.003431	0	0	5590	11	4691	4363	0.002521	0	0	4691	0	0	0	nan	0	0	0	0.000910	0.001110	0.000910	0.001110	0.022358	0.027272
7	A	106	5651	5302	0.019992	0	0	5651	17	4725	4373	0.003887	0	0	4725	0	0	0	nan	0	0	0	0.016105	0.002159	0.016105	0.002159	0.395696	0.053046
8	U	58	5851	5523	0.010502	0	0	5851	56	4804	4475	0.012514	0	0	4804	0	0	0	nan	0	0	0	-0.002012	0.002167	-0.002012	0.002167	-0.049434	0.053243
9	C	83	5895	5609	0.014798	0	0	5895	29	4833	4576	0.006337	0	0	4833	0	0	0	nan	0	0	0	0.008460	0.002006	0.008460	0.002006	0.207860	0.049287
10	G	139	5991	5683	0.024459	0	0	5991	35	4904	4636	0.007550	0	0	4904	0	0	0	nan	0	0	0	0.016909	0.002436	0.016909	0.002436	0.415450	0.059852
11	U	43	6104	5804	0.007409	0	0	6104	34	4973	4731	0.007187	0	0	4973	0	0	0	nan	0	0	0	0.000222	0.001672	0.000222	0.001672	0.005454	0.041081
12	A	54	6144	5878	0.009187	0	0	6144	21	5030	4809	0.004367	0	0	5030	0	0	0	nan	0	0	0	0.004820	0.001572	0.004820	0.001572	0.118426	0.038624
13	U	48	6265	6040	0.007947	0	0	6265	43	5111	4932	0.008719	0	0	5111	0	0	0	nan	0	0	0	-0.000772	0.001756	-0.000772	0.001756	-0.018968	0.043145
14	A	38	6301	6022	0.006310	0	0	6301	6	5185	4970	0.001207	0	0	5185	0	0	0	nan	0	0	0	0.005103	0.001136	0.005103	0.001136	0.125380	0.027911
15	A	67	6349	6094	0.010994	0	0	6349	38	5211	5015	0.007577	0	0	5211	0	0	0	nan	0	0	0	0.003417	0.001821	0.003417	0.001821	0.083955	0.044742
16	U	61	6378	6022	0.010130	0	0	6378	57	5232	4991	0.011421	0	0	5232	0	0	0	nan	0	0	0	-0.001291	0.001993	-0.001291	0.001993	-0.031720	0.048968
17	G	155	6387	6016	0.025765	0	0	6387	50	5247	4986	0.010028	0	0	5247	0	0	0	nan	0	0	0	0.015737	0.002509	0.015737	0.002509	0.386654	0.061646
18	G	116	6400	6049	0.019177	0	0	6400	47	5252	4999	0.009402	0	0	5252	0	0	0	nan	0	0	0	0.009775	0.002247	0.009775	0.002247	0.240169	0.055208
19	C	299	6411	6143	0.048673	0	0	6411	43	5259	5067	0.008486	0	0	5259	0	0	0	nan	0	0	0	0.040187	0.003098	0.040187	0.003098	0.987385	0.076117
20	U	33	6424	6216	0.005309	0	0	6424	28	5274	5111	0.005478	0	0	5274	0	0	0	nan	0	0	0	-0.000169	0.001388	-0.000169	0.001388	-0.004152	0.034103
21	A	27	6434	6222	0.004339	0	0	6434	20	5288	5116	0.003909	0	0	5288	0	0	0	nan	0	0	0	0.000430	0.001209	0.000430	0.001209	0.010565	0.029705
22	U	55	6448	6184	0.008894	0	0	6448	63	5322	5089	0.012380	0	0	5322	0	0	0	nan	0	0	0	-0.003486	0.001967	-0.003486	0.001967	-0.085650	0.048329
23	U	39	6460	6153	0.006338	0	0	6460	36	5353	5106	0.007051	0	0	5353	0	0	0	nan	0	0	0	-0.000712	0.001553	-0.000712	0.001553	-0.017494	0.038157
24	A	55	6477	6171	0.008913	0	0	6477	26	5380	5142	0.005056	0	0	5380	0	0	0	nan	0	0	0	0.003856	0.001558	0.003856	0.001558	0.094741	0.038280
25	C	54	6477	5993	0.009011	0	0	6477	42	5384	4999	0.008402	0	0	5384	0	0	0	nan	0	0	0	0.000609	0.001784	0.000609	0.001784	0.014963	0.043832
26	C	306	6475	5964	0.051308	0	0	6475	45	5388	4982	0.009033	0	0	5388	0	0	0	nan	0	0	0	0.042275	0.003227	0.042275	0.003227	1.038687	0.079287
27	U	97	6483	5932	0.016352	0	0	6483	54	5432	4995	0.010811	0	0	5432	0	0	0	nan	0	0	0	0.005541	0.002218	0.005541	0.002218	0.136141	0.054496
28	C	51	6483	5987	0.008518	0	0	6483	39	5440	4990	0.007816	0	0	5440	0	0	0	nan	0	0	0	0.000703	0.001729	0.000703	0.001729	0.017273	0.042481
29	A	59	6486	5952	0.009913	0	0	6486	13	5450	4973	0.002614	0	0	5450	0	0	0	nan	0	0	0	0.007299	0.001480	0.007299	0.001480	0.179335	0.036363
30	G	257	6483	5919	0.043419	0	0	6483	51	5447	4971	0.010260	0	0	5447	0	0	0	nan	0	0	0	0.033160	0.003066	0.033160	0.003066	0.814733	0.075331
31	C	55	6482	6021	0.009135	0	0	6482	36	5448	5098	0.007062	0	0	5448	0	0	0	nan	0	0	0	0.002073	0.001704	0.002073	0.001704	0.050933	0.041867
32	C	167	6482	6074	0.027494	0	0	6482	61	5449	5113	0.011930	0	0	5449	0	0	0	nan	0	0	0	0.015564	0.002619	0.015564	0.002619	0.382404	0.064348
33	U	108	6492	6093	0.017725	0	0	6492	94	5451	5106	0.018410	0	0	5451	0	0	0	nan	0	0	0	-0.000684	0.002552	-0.000684	0.002552	-0.016806	0.062702
34	U	379	6499	6138	0.061746	0	0	6499	347	5458	5164	0.067196	0	1	5458	0	0	0	nan	0	0	0	-0.005449	0.004803	nan	nan	nan	nan
35	C	288	6500	6095	0.047252	0	0	6500	36	5465	5146	0.006996	0	1	5465	0	0	0	nan	0	0	0	0.040256	0.003019	0.040256	0.003019	0.989080	0.074176
36	C	322	6499	6092	0.052856	0	0	6499	17	5468	5131	0.003313	0	1	5468	0	0	0	nan	0	0	0	0.049543	0.003053	0.049543	0.003053	1.217260	0.075011
37	A	362	6498	5948	0.060861	0	0	6498	8	5471	4962	0.001612	0	1	5471	0	0	0	nan	0	0	0	0.059249	0.003249	0.059249	0.003249	1.455734	0.079827
38	A	330	6497	5998	0.055018	0	0	6497	14	5470	5008	0.002796	0	1	5470	0	0	0	nan	0	0	0	0.052223	0.003119	0.052223	0.003119	1.283107	0.076633
39	G	192	6498	6038	0.031799	0	0	6498	71	5469	5044	0.014076	0	1	5469	0	0	0	nan	0	0	0	0.017722	0.002839	0.017722	0.002839	0.435425	0.069754
40	C	88	6498	6123	0.014372	0	0	6498	52	5469	5166	0.010066	0	1	5469	0	0	0	nan	0	0	0	0.004306	0.002073	0.004306	0.002073	0.105797	0.050933
41	U	76	6498	6113	0.012433	0	0	6498	40	5469	5161	0.007750	0	1	5469	0	0	0	nan	0	0	0	0.004682	0.001880	0.004682	0.001880	0.115036	0.046191
42	G	143	6498	6163	0.023203	0	0	6498	20	5467	5199	0.003847	0	1	5467	0	0	0	nan	0	0	0	0.019356	0.002122	0.019356	0.002122	0.475572	0.052137
43	A	110	6498	6210	0.017713	0	0	6498	36	5467	5225	0.006890	0	1	5467	0	0	0	nan	0	0	0	0.010823	0.002042	0.010823	0.002042	0.265919	0.050171
44	U	82	6495	6207	0.013211	0	0	6495	62	5466	5232	0.011850	0	1	5466	0	0	0	nan	0	0	0	0.001361	0.002096	0.001361	0.002096	0.033439	0.051498
45	G	124	6493	6187	0.020042	0	0	6493	27	5466	5205	0.005187	0	1	5466	0	0	0	nan	0	0	0	0.014855	0.002058	0.014855	0.002058	0.364984	0.050565
46	A	109	6489	6126	0.017793	0	0	6489	47	5464	5162	0.009105	0	1	5464	0	0	0	nan	0	0	0	0.008688	0.002161	0.008688	0.002161	0.213462	0.053095
47	U	82	6480	6029	0.013601	0	0	6480	69	5462	5086	0.013567	0	1	5462	0	0	0	nan	0	0	0	0.000034	0.002219	0.000034	0.002219	0.000835	0.054520
48	G	248	6471	5966	0.041569	0	0	6471	50	5458	5018	0.009964	0	1	5458	0	0	0	nan	0	0	0	0.031605	0.002992	0.031605	0.002992	0.776527	0.073513
49	C	87	6463	5929	0.014674	0	0	6463	53	5454	5001	0.010598	0	1	5454	0	0	0	nan	0	0	0	0.004076	0.002143	0.004076	0.002143	0.100146	0.052653
50	G	85	6461	5966	0.014247	0	0	6461	57	5444	5028	0.011337	0	1	5444	0	0	0	nan	0	0	0	0.002911	0.002155	0.002911	0.002155	0.071523	0.052948
51	G	122	6460	5955	0.020487	0	0	6460	76	5443	5049	0.015052	0	1	5443	0	0	0	nan	0	0	0	0.005435	0.002534	0.005435	0.002534	0.133537	0.062260
52	G	188	6455	6055	0.031049	0	0	6455	59	5438	5081	0.011612	0	1	5438	0	0	0	nan	0	0	0	0.019437	0.002723	0.019437	0.002723	0.477563	0.066903
53	U	128	6454	6114	0.020936	0	0	6454	130	5437	5166	0.025165	0	1	5437	0	0	0	nan	0	0	0	-0.004229	0.002880	-0.004229	0.002880	-0.103906	0.070761
54	U	148	6451	6158	0.024034	0	0	6451	103	5435	5178	0.019892	0	1	5435	0	0	0	nan	0	0	0	0.004142	0.002783	0.004142	0.002783	0.101768	0.068378
55	C	191	6448	6084	0.031394	0	0	6448	57	5432	5147	0.011074	0	1	5432	0	0	0	nan	0	0	0	0.020319	0.002704	0.020319	0.002704	0.499233	0.066437
56	G	13	6443	6013	0.002162	0	0	6443	29	5427	5129	0.005654	0	1	5427	0	0	0	nan	0	0	0	-0.003492	0.001209	-0.003492	0.001209	-0.085798	0.029705
57	A	4515	6442	5953	0.758441	0	0	6442	65	5427	5115	0.012708	0	1	5427	0	0	0	nan	0	0	0	0.745733	0.011397	0.745733	0.011397	18.322485	0.280022
58	U	60	6442	5982	0.010030	0	0	6442	113	5425	5083	0.022231	0	1	5425	0	0	0	nan	0	0	0	-0.012201	0.002460	-0.012201	0.002460	-0.299776	0.060442
59	U	49	6440	5981	0.008193	0	0	6440	66	5422	5007	0.013182	0	1	5422	0	0	0	nan	0	0	0	-0.004989	0.002001	-0.004989	0.002001	-0.122579	0.049164
60	C	23	6437	5907	0.003894	0	0	6437	49	5418	4871	0.010060	0	1	5418	0	0	0	nan	0	0	0	-0.006166	0.001651	-0.006166	0.001651	-0.151497	0.040565
61	C	37	6434	5804	0.006375	0	0	6434	37	5416	4803	0.007704	0	1	5416	0	0	0	nan	0	0	0	-0.001329	0.001644	-0.001329	0.001644	-0.032653	0.040393
62	C	24	6430	5735	0.004185	0	0	6430	12	5413	4789	0.002506	0	1	5413	0	0	0	nan	0	0	0	0.001679	0.001119	0.001679	0.001119	0.041253	0.027494
63	G	214	6420	5813	0.036814	0	0	6420	74	5404	4891	0.015130	0	1	5404	0	0	0	nan	0	0	0	0.021684	0.003070	0.021684	0.003070	0.532771	0.075429
64	C	88	6417	5940	0.014815	0	0	6417	62	5402	4988	0.012430	0	1	5402	0	0	0	nan	0	0	0	0.002385	0.002233	0.002385	0.002233	0.058599	0.054864
65	U	57	6415	5936	0.009602	0	0	6415	35	5400	4997	0.007004	0	1	5400	0	0	0	nan	0	0	0	0.002598	0.001738	0.002598	0.001738	0.063832	0.042702
66	G	196	6410	5867	0.033407	0	0	6410	61	5396	4929	0.012376	0	1	5396	0	0	0	nan	0	0	0	0.021031	0.002864	0.021031	0.002864	0.516727	0.070368
67	C	51	6409	5786	0.008814	0	0	6409	40	5392	4871	0.008212	0	1	5392	0	0	0	nan	0	0	0	0.000603	0.001791	0.000603	0.001791	0.014816	0.044004
68	C	39	6406	5665	0.006884	0	0	6406	38	5389	4772	0.007963	0	1	5389	0	0	0	nan	0	0	0	-0.001079	0.001698	-0.001079	0.001698	-0.026511	0.041719
69	C	33	6404	5656	0.005835	0	0	6404	17	5388	4790	0.003549	0	1	5388	0	0	0	nan	0	0	0	0.002285	0.001331	0.002285	0.001331	0.056142	0.032702
70	G	342	6402	5663	0.060392	0	0	6402	67	5387	4802	0.013953	0	1	5387	0	0	0	nan	0	0	0	0.046439	0.003684	0.046439	0.003684	1.140995	0.090515
71	C	121	6400	5840	0.020719	0	0	6400	117	5385	4962	0.023579	0	1	5385	0	0	0	nan	0	0	0	-0.002860	0.002881	-0.002860	0.002881	-0.070270	0.070785
72	U	77	6396	5894	0.013064	0	0	6396	75	5384	5001	0.014997	0	1	5384	0	0	0	nan	0	0	0	-0.001933	0.002284	-0.001933	0.002284	-0.047493	0.056117
73	C	203	6387	5857	0.034659	0	0	6387	8	5380	4948	0.001617	0	1	5380	0	0	0	nan	0	0	0	0.033043	0.002499	0.033043	0.002499	0.811859	0.061400
74	C	106	6361	5540	0.019134	0	0	6361	4	5357	4820	0.000830	0	1	5357	0	0	0	nan	0	0	0	0.018304	0.001904	0.018304	0.001904	0.449725	0.046781
75	A	0	6067	0	nan	0	0	6067	0	5276	0	nan	0	1	5276	0	0	0	nan	0	0	0	nan	nan	nan	nan	nan	nan