Nucleotide	Sequence	Modified_mutations	Modified_read_depth	Modified_effective_depth	Modified_rate	Modified_off_target_mapped_depth	Modified_low_mapq_mapped_depth	Modified_mapped_depth	Untreated_mutations	Untreated_read_depth	Untreated_effective_depth	Untreated_rate	Untreated_off_target_mapped_depth	Untreated_low_mapq_mapped_depth	Untreated_mapped_depth	Denatured_mutations	Denatured_read_depth	Denatured_effective_depth	Denatured_rate	Denatured_off_target_mapped_depth	Denatured_low_mapq_mapped_depth	Denatured_mapped_depth	Reactivity_profile	Std_err	HQ_profile	HQ_stderr	Norm_profile	Norm_stderr
1	G	0	22511	21470	0.000000	0	20	22511	0	25401	24277	0.000000	0	53	25401	0	0	0	nan	0	0	0	0.000000	0.000000	0.000000	0.000000	0.000000	0.000000
2	G	0	23658	22018	0.000000	0	22	23658	0	26016	24309	0.000000	0	54	26016	0	0	0	nan	0	0	0	0.000000	0.000000	0.000000	0.000000	0.000000	0.000000
3	G	395	24274	22475	0.017575	0	22	24274	211	26277	24491	0.008615	0	55	26277	0	0	0	nan	0	0	0	0.008960	0.001065	0.008960	0.001065	0.196005	0.023297
4	G	1364	24370	22841	0.059717	0	22	24370	207	26307	24783	0.008352	0	55	26307	0	0	0	nan	0	0	0	0.051365	0.001718	0.051365	0.001718	1.123637	0.037582
5	C	316	24621	23457	0.013471	0	22	24621	243	26368	25195	0.009645	0	55	26368	0	0	0	nan	0	0	0	0.003827	0.000978	0.003827	0.000978	0.083718	0.021394
6	U	143	25232	24540	0.005827	0	23	25232	96	26766	26091	0.003679	0	55	26766	0	0	0	nan	0	0	0	0.002148	0.000615	0.002148	0.000615	0.046989	0.013453
7	A	126	25935	25191	0.005002	0	23	25935	50	27285	26522	0.001885	0	56	27285	0	0	0	nan	0	0	0	0.003117	0.000519	0.003117	0.000519	0.068186	0.011353
8	U	6080	27204	26305	0.231135	0	25	27204	3943	27920	27278	0.144549	0	58	27920	0	0	0	nan	0	0	0	0.086586	0.003753	nan	nan	nan	nan
9	A	1537	28691	27719	0.055449	0	25	28691	58	29054	28172	0.002059	0	60	29054	0	0	0	nan	0	0	0	0.053391	0.001440	0.053391	0.001440	1.167957	0.031501
10	G	471	30930	29934	0.015735	0	25	30930	355	29159	28336	0.012528	0	60	29159	0	0	0	nan	0	0	0	0.003206	0.000984	0.003206	0.000984	0.070133	0.021526
11	C	219	31220	30186	0.007255	0	25	31220	185	29318	28474	0.006497	0	60	29318	0	0	0	nan	0	0	0	0.000758	0.000684	0.000758	0.000684	0.016582	0.014963
12	U	267	31587	30520	0.008748	0	25	31587	251	29994	29106	0.008624	0	60	29994	0	0	0	nan	0	0	0	0.000125	0.000763	0.000125	0.000763	0.002734	0.016691
13	C	163	31688	30556	0.005334	0	25	31688	101	30078	29110	0.003470	0	60	30078	0	0	0	nan	0	0	0	0.001865	0.000542	0.001865	0.000542	0.040798	0.011857
14	A	559	31843	30574	0.018284	0	25	31843	48	30252	29172	0.001645	0	60	30252	0	0	0	nan	0	0	0	0.016638	0.000809	0.016638	0.000809	0.363965	0.017697
15	G	541	31962	30749	0.017594	0	25	31962	287	30267	29243	0.009814	0	60	30267	0	0	0	nan	0	0	0	0.007780	0.000953	0.007780	0.000953	0.170192	0.020847
16	C	1341	32309	31005	0.043251	0	25	32309	376	30467	29415	0.012783	0	60	30467	0	0	0	nan	0	0	0	0.030468	0.001353	0.030468	0.001353	0.666504	0.029598
17	U	487	32619	31200	0.015609	0	25	32619	582	30615	29479	0.019743	0	60	30615	0	0	0	nan	0	0	0	-0.004134	0.001082	-0.004134	0.001082	-0.090434	0.023669
18	G	757	32763	31110	0.024333	0	25	32763	286	30759	29464	0.009707	0	60	30759	0	0	0	nan	0	0	0	0.014626	0.001054	0.014626	0.001054	0.319952	0.023057
19	G	982	33187	31522	0.031153	0	25	33187	606	30890	29579	0.020488	0	60	30890	0	0	0	nan	0	0	0	0.010665	0.001297	0.010665	0.001297	0.233303	0.028373
20	G	1406	33363	32057	0.043859	0	25	33363	147	30951	29884	0.004919	0	60	30951	0	0	0	nan	0	0	0	0.038940	0.001238	0.038940	0.001238	0.851834	0.027082
21	A	430	33425	32302	0.013312	0	25	33425	166	30972	30023	0.005529	0	60	30972	0	0	0	nan	0	0	0	0.007783	0.000772	0.007783	0.000772	0.170257	0.016888
22	G	252	33443	31658	0.007960	0	25	33443	132	30988	29565	0.004465	0	60	30988	0	0	0	nan	0	0	0	0.003495	0.000634	0.003495	0.000634	0.076455	0.013869
23	A	351	33447	31386	0.011183	0	25	33447	112	30996	29360	0.003815	0	60	30996	0	0	0	nan	0	0	0	0.007369	0.000697	0.007369	0.000697	0.161201	0.015247
24	G	1478	33451	31287	0.047240	0	25	33451	344	31003	29218	0.011774	0	59	31003	0	0	0	nan	0	0	0	0.035467	0.001383	0.035467	0.001383	0.775860	0.030254
25	C	261	33467	31815	0.008204	0	24	33467	181	31012	29637	0.006107	0	59	31012	0	0	0	nan	0	0	0	0.002096	0.000681	0.002096	0.000681	0.045851	0.014897
26	G	751	33469	31939	0.023514	0	24	33469	436	31015	29680	0.014690	0	54	31015	0	0	0	nan	0	0	0	0.008824	0.001110	0.008824	0.001110	0.193030	0.024282
27	C	284	33474	32013	0.008871	0	21	33474	225	31024	29753	0.007562	0	58	31024	0	0	0	nan	0	0	0	0.001309	0.000729	0.001309	0.000729	0.028635	0.015947
28	C	303	33479	32070	0.009448	0	20	33479	252	31029	29746	0.008472	0	55	31029	0	0	0	nan	0	0	0	0.000976	0.000761	0.000976	0.000761	0.021351	0.016647
29	U	214	33481	31781	0.006734	0	20	33481	180	31036	29559	0.006090	0	54	31036	0	0	0	nan	0	0	0	0.000644	0.000646	0.000644	0.000646	0.014088	0.014132
30	G	1037	33475	31682	0.032732	0	20	33475	383	31044	29472	0.012995	0	53	31044	0	0	0	nan	0	0	0	0.019736	0.001214	0.019736	0.001214	0.431736	0.026557
31	C	337	33478	31675	0.010639	0	20	33478	276	31043	29492	0.009358	0	53	31043	0	0	0	nan	0	0	0	0.001281	0.000808	0.001281	0.000808	0.028023	0.017675
32	U	547	33509	31773	0.017216	0	19	33509	465	31087	29605	0.015707	0	55	31087	0	0	0	nan	0	0	0	0.001509	0.001036	0.001509	0.001036	0.033010	0.022663
33	U	422	33559	31789	0.013275	0	19	33559	462	31137	29657	0.015578	0	55	31137	0	0	0	nan	0	0	0	-0.002303	0.000971	-0.002303	0.000971	-0.050379	0.021241
34	U	1679	33579	31251	0.053726	0	19	33579	761	31170	29608	0.025703	0	55	31170	0	0	0	nan	0	0	0	0.028024	0.001609	0.028024	0.001609	0.613040	0.035198
35	G	1613	33578	31733	0.050830	0	19	33578	348	31167	29662	0.011732	0	55	31167	0	0	0	nan	0	0	0	0.039098	0.001413	0.039098	0.001413	0.855290	0.030910
36	C	1890	33590	31323	0.060339	0	19	33590	120	31174	29231	0.004105	0	56	31174	0	0	0	nan	0	0	0	0.056234	0.001438	0.056234	0.001438	1.230150	0.031457
37	A	1496	33634	31531	0.047445	0	19	33634	172	31195	29406	0.005849	0	56	31195	0	0	0	nan	0	0	0	0.041596	0.001305	0.041596	0.001305	0.909935	0.028548
38	C	3414	33646	31372	0.108823	0	18	33646	287	31186	29230	0.009819	0	56	31186	0	0	0	nan	0	0	0	0.099004	0.001951	0.099004	0.001951	2.165767	0.042679
39	G	908	33661	32057	0.028325	0	18	33661	286	31182	29816	0.009592	0	56	31182	0	0	0	nan	0	0	0	0.018732	0.001098	0.018732	0.001098	0.409773	0.024019
40	C	319	33665	32270	0.009885	0	18	33665	207	31182	29992	0.006902	0	56	31182	0	0	0	nan	0	0	0	0.002984	0.000732	0.002984	0.000732	0.065277	0.016013
41	A	272	33668	32517	0.008365	0	18	33668	118	31182	30255	0.003900	0	56	31182	0	0	0	nan	0	0	0	0.004465	0.000621	0.004465	0.000621	0.097674	0.013585
42	G	784	33659	32141	0.024393	0	18	33659	358	31178	29963	0.011948	0	56	31178	0	0	0	nan	0	0	0	0.012444	0.001076	0.012444	0.001076	0.272219	0.023538
43	G	1073	33649	32206	0.033317	0	18	33649	235	31167	29972	0.007841	0	56	31167	0	0	0	nan	0	0	0	0.025476	0.001138	0.025476	0.001138	0.557301	0.024894
44	A	440	33649	32247	0.013645	0	18	33649	202	31167	29999	0.006734	0	57	31167	0	0	0	nan	0	0	0	0.006911	0.000805	0.006911	0.000805	0.151182	0.017610
45	G	523	33645	31881	0.016405	0	18	33645	253	31160	29949	0.008448	0	57	31160	0	0	0	nan	0	0	0	0.007957	0.000893	0.007957	0.000893	0.174064	0.019535
46	G	7118	33636	31593	0.225303	0	18	33636	6356	31150	29454	0.215794	0	57	31150	0	0	0	nan	0	0	0	0.009509	0.003802	nan	nan	nan	nan
47	U	423	33652	31813	0.013296	0	18	33652	350	31161	29649	0.011805	0	57	31161	0	0	0	nan	0	0	0	0.001492	0.000903	0.001492	0.000903	0.032638	0.019754
48	C	333	33647	31707	0.010502	0	18	33647	230	31155	29517	0.007792	0	57	31155	0	0	0	nan	0	0	0	0.002710	0.000772	0.002710	0.000772	0.059283	0.016888
49	U	257	33634	31527	0.008152	0	18	33634	237	31137	29339	0.008078	0	57	31137	0	0	0	nan	0	0	0	0.000074	0.000731	0.000074	0.000731	0.001619	0.015991
50	G	548	33626	31474	0.017411	0	18	33626	350	31125	29276	0.011955	0	57	31125	0	0	0	nan	0	0	0	0.005456	0.000981	0.005456	0.000981	0.119353	0.021460
51	C	435	33614	31698	0.013723	0	18	33614	295	31114	29449	0.010017	0	57	31114	0	0	0	nan	0	0	0	0.003706	0.000879	0.003706	0.000879	0.081071	0.019229
52	G	774	33605	31919	0.024249	0	18	33605	300	31113	29780	0.010074	0	57	31113	0	0	0	nan	0	0	0	0.014175	0.001048	0.014175	0.001048	0.310086	0.022926
53	G	1055	33594	31737	0.033242	0	18	33594	348	31109	29577	0.011766	0	57	31109	0	0	0	nan	0	0	0	0.021476	0.001202	0.021476	0.001202	0.469799	0.026294
54	U	653	33590	31778	0.020549	0	18	33590	649	31108	29630	0.021903	0	57	31108	0	0	0	nan	0	0	0	-0.001355	0.001177	-0.001355	0.001177	-0.029641	0.025748
55	U	576	33584	31855	0.018082	0	18	33584	561	31099	29703	0.018887	0	57	31099	0	0	0	nan	0	0	0	-0.000805	0.001097	-0.000805	0.001097	-0.017610	0.023997
56	C	505	33573	31745	0.015908	0	18	33573	373	31090	29697	0.012560	0	57	31090	0	0	0	nan	0	0	0	0.003348	0.000961	0.003348	0.000961	0.073239	0.021022
57	G	94	33560	31232	0.003010	0	18	33560	146	31084	29351	0.004974	0	57	31084	0	0	0	nan	0	0	0	-0.001965	0.000516	-0.001965	0.000516	-0.042985	0.011288
58	A	11262	33547	31091	0.362227	0	18	33547	207	31079	29244	0.007078	0	57	31079	0	0	0	nan	0	0	0	0.355149	0.003449	0.355149	0.003449	7.769079	0.075449
59	U	367	33545	31143	0.011784	0	18	33545	372	31072	29137	0.012767	0	57	31072	0	0	0	nan	0	0	0	-0.000983	0.000904	-0.000983	0.000904	-0.021504	0.019775
60	C	323	33543	31404	0.010285	0	18	33543	282	31064	29085	0.009696	0	57	31064	0	0	0	nan	0	0	0	0.000590	0.000813	0.000590	0.000813	0.012907	0.017785
61	C	160	33538	31324	0.005108	0	18	33538	198	31057	28920	0.006846	0	57	31057	0	0	0	nan	0	0	0	-0.001739	0.000632	-0.001739	0.000632	-0.038042	0.013825
62	C	135	33532	31155	0.004333	0	18	33532	136	31055	28756	0.004729	0	57	31055	0	0	0	nan	0	0	0	-0.000396	0.000551	-0.000396	0.000551	-0.008663	0.012053
63	G	840	33527	31265	0.026867	0	18	33527	419	31046	28996	0.014450	0	57	31046	0	0	0	nan	0	0	0	0.012417	0.001165	0.012417	0.001165	0.271629	0.025485
64	C	166	33509	31592	0.005254	0	16	33509	104	31025	29352	0.003543	0	36	31025	0	0	0	nan	0	0	0	0.001711	0.000536	0.001711	0.000536	0.037429	0.011725
65	A	223	33500	31934	0.006983	0	16	33500	144	31019	29775	0.004836	0	36	31019	0	0	0	nan	0	0	0	0.002147	0.000617	0.002147	0.000617	0.046967	0.013497
66	U	185	33483	32281	0.005731	0	16	33483	147	30999	30064	0.004890	0	36	30999	0	0	0	nan	0	0	0	0.000841	0.000583	0.000841	0.000583	0.018397	0.012753
67	A	97	33479	31969	0.003034	0	16	33479	57	30994	29725	0.001918	0	36	30994	0	0	0	nan	0	0	0	0.001117	0.000399	0.001117	0.000399	0.024435	0.008728
68	G	1211	33460	31605	0.038317	0	16	33460	451	30987	29519	0.015278	0	36	30987	0	0	0	nan	0	0	0	0.023038	0.001315	0.023038	0.001315	0.503969	0.028766
69	C	339	33452	31289	0.010834	0	16	33452	208	30982	29284	0.007103	0	36	30982	0	0	0	nan	0	0	0	0.003732	0.000767	0.003732	0.000767	0.081640	0.016779
70	U	401	33440	31109	0.012890	0	16	33440	485	30976	29146	0.016640	0	36	30976	0	0	0	nan	0	0	0	-0.003750	0.000993	-0.003750	0.000993	-0.082033	0.021722
71	C	311	33429	30886	0.010069	0	16	33429	202	30966	28952	0.006977	0	36	30966	0	0	0	nan	0	0	0	0.003092	0.000753	0.003092	0.000753	0.067639	0.016472
72	C	214	33421	30014	0.007130	0	16	33421	235	30966	28283	0.008309	0	36	30966	0	0	0	nan	0	0	0	-0.001179	0.000729	-0.001179	0.000729	-0.025791	0.015947
73	A	1656	33388	30193	0.054847	0	16	33388	232	30944	28470	0.008149	0	36	30944	0	0	0	nan	0	0	0	0.046698	0.001450	0.046698	0.001450	1.021544	0.031720
74	C	1616	33341	30044	0.053788	0	15	33341	127	30925	28286	0.004490	0	35	30925	0	0	0	nan	0	0	0	0.049298	0.001396	0.049298	0.001396	1.078421	0.030538
75	C	1593	33199	29436	0.054117	0	15	33199	32	30889	28551	0.001121	0	35	30889	0	0	0	nan	0	0	0	0.052997	0.001370	0.052997	0.001370	1.159338	0.029969
76	A	0	31762	0	nan	0	14	31762	0	30471	0	nan	0	35	30471	0	0	0	nan	0	0	0	nan	nan	nan	nan	nan	nan