Nucleotide	Sequence	Modified_mutations	Modified_read_depth	Modified_effective_depth	Modified_rate	Modified_off_target_mapped_depth	Modified_low_mapq_mapped_depth	Modified_mapped_depth	Untreated_mutations	Untreated_read_depth	Untreated_effective_depth	Untreated_rate	Untreated_off_target_mapped_depth	Untreated_low_mapq_mapped_depth	Untreated_mapped_depth	Denatured_mutations	Denatured_read_depth	Denatured_effective_depth	Denatured_rate	Denatured_off_target_mapped_depth	Denatured_low_mapq_mapped_depth	Denatured_mapped_depth	Reactivity_profile	Std_err	HQ_profile	HQ_stderr	Norm_profile	Norm_stderr
1	G	0	2105	2053	0.000000	0	0	2105	0	2151	2102	0.000000	0	0	2151	0	0	0	nan	0	0	0	0.000000	0.000000	0.000000	0.000000	0.000000	0.000000
2	C	0	2250	2166	0.000000	0	0	2250	0	2190	2107	0.000000	0	0	2190	0	0	0	nan	0	0	0	0.000000	0.000000	0.000000	0.000000	0.000000	0.000000
3	G	41	2278	2169	0.018903	0	0	2278	10	2210	2127	0.004701	0	0	2210	0	0	0	nan	0	0	0	0.014201	0.003305	0.014201	0.003305	0.345540	0.080418
4	G	43	2300	2156	0.019944	0	0	2300	25	2216	2099	0.011910	0	0	2216	0	0	0	nan	0	0	0	0.008034	0.003863	0.008034	0.003863	0.195484	0.093995
5	G	172	2311	2175	0.079080	0	0	2311	35	2224	2106	0.016619	0	0	2224	0	0	0	nan	0	0	0	0.062461	0.006652	0.062461	0.006652	1.519806	0.161857
6	C	15	2342	2212	0.006781	0	0	2342	9	2229	2124	0.004237	0	0	2229	0	0	0	nan	0	0	0	0.002544	0.002250	0.002544	0.002250	0.061901	0.054747
7	G	79	2350	2209	0.035763	0	0	2350	7	2237	2113	0.003313	0	0	2237	0	0	0	nan	0	0	0	0.032450	0.004214	0.032450	0.004214	0.789576	0.102535
8	U	270	2467	2356	0.114601	0	0	2467	204	2324	2210	0.092308	0	0	2324	0	0	0	nan	0	0	0	0.022293	0.009508	nan	nan	nan	nan
9	A	17	2557	2459	0.006913	0	0	2557	6	2372	2256	0.002660	0	0	2372	0	0	0	nan	0	0	0	0.004254	0.001998	0.004254	0.001998	0.103509	0.048616
10	G	50	2584	2448	0.020425	0	0	2584	20	2375	2233	0.008957	0	0	2375	0	0	0	nan	0	0	0	0.011468	0.003515	0.011468	0.003515	0.279040	0.085527
11	U	41	2621	2466	0.016626	0	0	2621	38	2423	2266	0.016770	0	0	2423	0	0	0	nan	0	0	0	-0.000144	0.003761	-0.000144	0.003761	-0.003504	0.091513
12	U	26	2690	2514	0.010342	0	0	2690	31	2561	2380	0.013025	0	0	2561	0	0	0	nan	0	0	0	-0.002683	0.003096	-0.002683	0.003096	-0.065283	0.075332
13	C	14	2740	2615	0.005354	0	0	2740	15	2612	2479	0.006051	0	0	2612	0	0	0	nan	0	0	0	-0.000697	0.002119	-0.000697	0.002119	-0.016959	0.051560
14	A	11	2779	2634	0.004176	0	0	2779	6	2668	2510	0.002390	0	0	2668	0	0	0	nan	0	0	0	0.001786	0.001593	0.001786	0.001593	0.043457	0.038761
15	A	34	2785	2672	0.012725	0	0	2785	21	2679	2544	0.008255	0	0	2679	0	0	0	nan	0	0	0	0.004470	0.002830	0.004470	0.002830	0.108764	0.068860
16	U	25	2795	2653	0.009423	0	0	2795	25	2684	2518	0.009929	0	0	2684	0	0	0	nan	0	0	0	-0.000505	0.002738	-0.000505	0.002738	-0.012288	0.066621
17	G	58	2797	2658	0.021821	0	0	2797	16	2684	2527	0.006332	0	0	2684	0	0	0	nan	0	0	0	0.015489	0.003273	0.015489	0.003273	0.376880	0.079639
18	G	68	2803	2676	0.025411	0	0	2803	20	2688	2550	0.007843	0	0	2688	0	0	0	nan	0	0	0	0.017568	0.003546	0.017568	0.003546	0.427466	0.086282
19	U	32	2822	2729	0.011726	0	0	2822	45	2699	2597	0.017328	0	0	2699	0	0	0	nan	0	0	0	-0.005602	0.003312	-0.005602	0.003312	-0.136308	0.080588
20	A	3	2822	2731	0.001098	0	0	2822	7	2704	2610	0.002682	0	0	2704	0	0	0	nan	0	0	0	-0.001583	0.001196	-0.001583	0.001196	-0.038518	0.029101
21	G	19	2825	2663	0.007135	0	0	2825	12	2711	2515	0.004771	0	0	2711	0	0	0	nan	0	0	0	0.002363	0.002139	0.002363	0.002139	0.057497	0.052046
22	A	24	2825	2548	0.009419	0	0	2825	4	2714	2434	0.001643	0	0	2714	0	0	0	nan	0	0	0	0.007776	0.002091	0.007776	0.002091	0.189206	0.050878
23	A	21	2826	2557	0.008213	0	0	2826	10	2716	2441	0.004097	0	0	2716	0	0	0	nan	0	0	0	0.004116	0.002211	0.004116	0.002211	0.100151	0.053798
24	C	29	2825	2602	0.011145	0	0	2825	28	2716	2509	0.011160	0	0	2716	0	0	0	nan	0	0	0	-0.000015	0.002955	-0.000015	0.002955	-0.000365	0.071901
25	G	57	2824	2704	0.021080	0	0	2824	7	2716	2580	0.002713	0	0	2716	0	0	0	nan	0	0	0	0.018367	0.002974	0.018367	0.002974	0.446907	0.072364
26	A	43	2824	2681	0.016039	0	0	2824	7	2715	2563	0.002731	0	0	2715	0	0	0	nan	0	0	0	0.013308	0.002655	0.013308	0.002655	0.323811	0.064602
27	G	39	2821	2683	0.014536	0	0	2821	10	2715	2578	0.003879	0	0	2715	0	0	0	nan	0	0	0	0.010657	0.002631	0.010657	0.002631	0.259307	0.064018
28	A	16	2821	2665	0.006004	0	0	2821	5	2714	2545	0.001965	0	0	2714	0	0	0	nan	0	0	0	0.004039	0.001739	0.004039	0.001739	0.098277	0.042313
29	G	154	2820	2638	0.058378	0	0	2820	25	2712	2524	0.009905	0	0	2712	0	0	0	nan	0	0	0	0.048473	0.005104	0.048473	0.005104	1.179449	0.124191
30	C	30	2820	2655	0.011299	0	0	2820	26	2709	2526	0.010293	0	0	2709	0	0	0	nan	0	0	0	0.001006	0.002886	0.001006	0.002886	0.024478	0.070222
31	U	21	2819	2668	0.007871	0	0	2819	28	2709	2549	0.010985	0	0	2709	0	0	0	nan	0	0	0	-0.003114	0.002694	-0.003114	0.002694	-0.075770	0.065551
32	U	36	2821	2699	0.013338	0	0	2821	37	2713	2596	0.014253	0	0	2713	0	0	0	nan	0	0	0	-0.000914	0.003230	-0.000914	0.003230	-0.022240	0.078593
33	C	166	2821	2703	0.061413	0	0	2821	22	2716	2589	0.008497	0	0	2716	0	0	0	nan	0	0	0	0.052916	0.005099	0.052916	0.005099	1.287557	0.124069
34	C	159	2821	2680	0.059328	0	0	2821	12	2717	2579	0.004653	0	0	2717	0	0	0	nan	0	0	0	0.054675	0.004893	0.054675	0.004893	1.330357	0.119057
35	C	200	2825	2644	0.075643	0	0	2825	9	2716	2544	0.003538	0	0	2716	0	0	0	nan	0	0	0	0.072105	0.005477	0.072105	0.005477	1.754465	0.133267
36	A	122	2824	2582	0.047250	0	0	2824	7	2717	2477	0.002826	0	0	2717	0	0	0	nan	0	0	0	0.044424	0.004409	0.044424	0.004409	1.080929	0.107280
37	A	46	2821	2575	0.017864	0	0	2821	9	2715	2476	0.003635	0	0	2715	0	0	0	nan	0	0	0	0.014229	0.002899	0.014229	0.002899	0.346221	0.070539
38	G	106	2821	2582	0.041053	0	0	2821	32	2711	2486	0.012872	0	0	2711	0	0	0	nan	0	0	0	0.028181	0.004591	0.028181	0.004591	0.685702	0.111709
39	C	13	2821	2630	0.004943	0	0	2821	10	2711	2542	0.003934	0	0	2711	0	0	0	nan	0	0	0	0.001009	0.001851	0.001009	0.001851	0.024551	0.045039
40	U	26	2822	2634	0.009871	0	0	2822	16	2713	2548	0.006279	0	0	2713	0	0	0	nan	0	0	0	0.003591	0.002492	0.003591	0.002492	0.087377	0.060636
41	C	24	2823	2644	0.009077	0	0	2823	14	2711	2543	0.005505	0	0	2711	0	0	0	nan	0	0	0	0.003572	0.002366	0.003572	0.002366	0.086914	0.057570
42	U	8	2823	2682	0.002983	0	0	2823	6	2711	2568	0.002336	0	0	2711	0	0	0	nan	0	0	0	0.000646	0.001422	0.000646	0.001422	0.015719	0.034600
43	A	20	2821	2671	0.007488	0	0	2821	8	2712	2565	0.003119	0	0	2712	0	0	0	nan	0	0	0	0.004369	0.002005	0.004369	0.002005	0.106307	0.048786
44	U	24	2823	2687	0.008932	0	0	2823	24	2713	2604	0.009217	0	0	2713	0	0	0	nan	0	0	0	-0.000285	0.002620	-0.000285	0.002620	-0.006935	0.063750
45	A	12	2824	2668	0.004498	0	0	2824	8	2715	2592	0.003086	0	0	2715	0	0	0	nan	0	0	0	0.001411	0.001696	0.001411	0.001696	0.034333	0.041267
46	C	44	2820	2628	0.016743	0	0	2820	33	2710	2534	0.013023	0	0	2710	0	0	0	nan	0	0	0	0.003720	0.003393	0.003720	0.003393	0.090515	0.082559
47	G	83	2816	2616	0.031728	0	0	2816	13	2706	2519	0.005161	0	0	2706	0	0	0	nan	0	0	0	0.026567	0.003765	0.026567	0.003765	0.646430	0.091610
48	A	31	2814	2547	0.012171	0	0	2814	14	2702	2449	0.005717	0	0	2702	0	0	0	nan	0	0	0	0.006455	0.002667	0.006455	0.002667	0.157064	0.064894
49	G	58	2811	2552	0.022727	0	0	2811	25	2700	2456	0.010179	0	0	2700	0	0	0	nan	0	0	0	0.012548	0.003613	0.012548	0.003613	0.305319	0.087912
50	G	56	2809	2531	0.022126	0	0	2809	35	2699	2436	0.014368	0	0	2699	0	0	0	nan	0	0	0	0.007758	0.003826	0.007758	0.003826	0.188768	0.093095
51	G	60	2809	2577	0.023283	0	0	2809	17	2699	2480	0.006855	0	0	2699	0	0	0	nan	0	0	0	0.016428	0.003435	0.016428	0.003435	0.399727	0.083581
52	U	50	2809	2639	0.018947	0	0	2809	48	2699	2522	0.019033	0	0	2699	0	0	0	nan	0	0	0	-0.000086	0.003837	-0.000086	0.003837	-0.002093	0.093362
53	U	50	2809	2662	0.018783	0	0	2809	38	2700	2535	0.014990	0	0	2700	0	0	0	nan	0	0	0	0.003793	0.003601	0.003793	0.003601	0.092292	0.087620
54	C	30	2807	2620	0.011450	0	0	2807	28	2699	2521	0.011107	0	0	2699	0	0	0	nan	0	0	0	0.000344	0.002962	0.000344	0.002962	0.008370	0.072072
55	G	6	2804	2573	0.002332	0	0	2804	11	2697	2465	0.004462	0	0	2697	0	0	0	nan	0	0	0	-0.002131	0.001648	-0.002131	0.001648	-0.051852	0.040099
56	A	1904	2803	2534	0.751381	0	0	2803	28	2696	2439	0.011480	0	0	2696	0	0	0	nan	0	0	0	0.739901	0.017356	0.739901	0.017356	18.003333	0.422308
57	U	20	2802	2563	0.007803	0	0	2802	45	2696	2452	0.018352	0	0	2696	0	0	0	nan	0	0	0	-0.010549	0.003245	-0.010549	0.003245	-0.256679	0.078958
58	U	24	2800	2556	0.009390	0	0	2800	22	2694	2416	0.009106	0	0	2694	0	0	0	nan	0	0	0	0.000284	0.002728	0.000284	0.002728	0.006910	0.066378
59	C	9	2797	2504	0.003594	0	0	2797	27	2691	2375	0.011368	0	0	2691	0	0	0	nan	0	0	0	-0.007774	0.002494	-0.007774	0.002494	-0.189158	0.060684
60	C	11	2797	2456	0.004479	0	0	2797	12	2689	2351	0.005104	0	0	2689	0	0	0	nan	0	0	0	-0.000625	0.001999	-0.000625	0.001999	-0.015208	0.048640
61	C	30	2796	2450	0.012245	0	0	2796	31	2687	2371	0.013075	0	0	2687	0	0	0	nan	0	0	0	-0.000830	0.003242	-0.000830	0.003242	-0.020196	0.078885
62	U	40	2795	2518	0.015886	0	0	2795	26	2687	2439	0.010660	0	0	2687	0	0	0	nan	0	0	0	0.005226	0.003268	0.005226	0.003268	0.127159	0.079517
63	U	33	2791	2553	0.012926	0	0	2791	31	2687	2464	0.012581	0	0	2687	0	0	0	nan	0	0	0	0.000345	0.003189	0.000345	0.003189	0.008395	0.077595
64	C	26	2789	2490	0.010442	0	0	2789	8	2686	2450	0.003265	0	0	2686	0	0	0	nan	0	0	0	0.007176	0.002351	0.007176	0.002351	0.174607	0.057205
65	G	71	2788	2479	0.028641	0	0	2788	23	2680	2437	0.009438	0	0	2680	0	0	0	nan	0	0	0	0.019203	0.003928	0.019203	0.003928	0.467249	0.095576
66	C	27	2787	2444	0.011047	0	0	2787	21	2678	2406	0.008728	0	0	2678	0	0	0	nan	0	0	0	0.002319	0.002854	0.002319	0.002854	0.056426	0.069444
67	C	35	2784	2500	0.014000	0	0	2784	19	2678	2433	0.007809	0	0	2678	0	0	0	nan	0	0	0	0.006191	0.002968	0.006191	0.002968	0.150640	0.072218
68	C	19	2783	2466	0.007705	0	0	2783	10	2675	2430	0.004115	0	0	2675	0	0	0	nan	0	0	0	0.003590	0.002195	0.003590	0.002195	0.087352	0.053409
69	G	196	2782	2476	0.079160	0	0	2782	49	2674	2428	0.020181	0	0	2674	0	0	0	nan	0	0	0	0.058979	0.006347	0.058979	0.006347	1.435082	0.154436
70	C	54	2782	2478	0.021792	0	0	2782	54	2674	2426	0.022259	0	0	2674	0	0	0	nan	0	0	0	-0.000467	0.004239	-0.000467	0.004239	-0.011363	0.103144
71	U	26	2781	2503	0.010388	0	0	2781	30	2670	2425	0.012371	0	0	2670	0	0	0	nan	0	0	0	-0.001984	0.003042	-0.001984	0.003042	-0.048275	0.074018
72	C	80	2779	2466	0.032441	0	0	2779	15	2666	2413	0.006216	0	0	2666	0	0	0	nan	0	0	0	0.026225	0.003966	0.026225	0.003966	0.638109	0.096501
73	C	43	2773	2355	0.018259	0	0	2773	4	2665	2391	0.001673	0	0	2665	0	0	0	nan	0	0	0	0.016586	0.002907	0.016586	0.002907	0.403572	0.070733
74	A	0	2646	0	nan	0	0	2646	0	2633	0	nan	0	0	2633	0	0	0	nan	0	0	0	nan	nan	nan	nan	nan	nan