0.000000
0.000000
0.299067
0.371746
0.782029
0.275460
0.380834
0.000000
0.745734
0.067810
0.201778
0.367497
0.441946
0.712626
0.655262
0.666239
0.492287
0.624898
0.850000
0.187407
0.713954
0.209480
0.850000
0.202280
0.501671
0.724429
0.850000
0.400546
0.049220
0.122164
0.850000
0.088761
0.479304
0.059784
0.000000
0.033020
0.416539
0.000000
0.850000
0.000000
0.016348
0.050194
0.436576
0.002420
0.091328
0.217535
0.112751
0.307123
0.850000
0.791590
0.850000
0.827030
0.495563
0.317421
0.000000
0.052790
0.374962
0.342474
0.269942
0.096050
0.061259
0.850000
0.000000
0.000000
0.003305
0.097643
0.850000
0.140253
0.000000
0.000000
0.000000
0.008262
0.023164
0.000000
0.000000
0.078227
0.033994
0.057895
0.070171
0.160968
0.251086
0.837564
0.850000
0.625930
0.000000
