0.000000
0.000000
0.490644
0.045565
0.065302
0.042666
0.850000
0.022168
0.850000
0.344842
0.104073
0.072564
0.054233
0.850000
0.110106
0.850000
0.000000
0.086210
0.273244
0.000000
0.008873
0.000000
0.123313
0.136051
0.850000
0.096050
0.342850
0.000000
0.153943
0.008024
0.000000
0.020703
0.533427
0.054262
0.850000
0.850000
0.000000
0.000000
0.558728
0.266391
0.161791
0.850000
0.092624
0.485519
0.034818
0.151717
0.000000
0.000000
0.011918
0.065507
0.304928
0.160063
0.443322
0.850000
0.000000
0.109930
0.767255
0.562154
0.850000
0.133386
0.000000
0.000000
0.000000
0.000000
0.000000
0.000000
0.009605
0.066386
0.443498
0.584761
0.218015
0.069343
0.037951
0.850000
0.850000
0.520337
0.000000
