Nucleotide	Sequence	Modified_mutations	Modified_read_depth	Modified_effective_depth	Modified_rate	Modified_off_target_mapped_depth	Modified_low_mapq_mapped_depth	Modified_mapped_depth	Untreated_mutations	Untreated_read_depth	Untreated_effective_depth	Untreated_rate	Untreated_off_target_mapped_depth	Untreated_low_mapq_mapped_depth	Untreated_mapped_depth	Denatured_mutations	Denatured_read_depth	Denatured_effective_depth	Denatured_rate	Denatured_off_target_mapped_depth	Denatured_low_mapq_mapped_depth	Denatured_mapped_depth	Reactivity_profile	Std_err	HQ_profile	HQ_stderr	Norm_profile	Norm_stderr
1	G	0	414	398	0.000000	0	0	414	0	647	616	0.000000	0	0	647	0	0	0	nan	0	0	0	0.000000	0.000000	nan	nan	nan	nan
2	G	0	440	419	0.000000	0	0	440	0	657	623	0.000000	0	0	657	0	0	0	nan	0	0	0	0.000000	0.000000	nan	nan	nan	nan
3	A	4	454	430	0.009302	0	0	454	4	661	626	0.006390	0	0	661	0	0	0	nan	0	0	0	0.002913	0.005643	nan	nan	nan	nan
4	G	16	455	439	0.036446	0	0	455	2	663	640	0.003125	0	0	663	0	0	0	nan	0	0	0	0.033321	0.009376	nan	nan	nan	nan
5	A	1	460	439	0.002278	0	0	460	3	664	634	0.004732	0	0	664	0	0	0	nan	0	0	0	-0.002454	0.003557	nan	nan	nan	nan
6	G	18	463	439	0.041002	0	0	463	7	665	638	0.010972	0	0	665	0	0	0	nan	0	0	0	0.030030	0.010516	nan	nan	nan	nan
7	A	1	481	453	0.002208	0	0	481	1	683	650	0.001538	0	0	683	0	0	0	nan	0	0	0	0.000669	0.002691	nan	nan	nan	nan
8	U	163	486	454	0.359031	0	0	486	159	690	655	0.242748	0	0	690	0	0	0	nan	0	0	0	0.116283	0.034080	nan	nan	nan	nan
9	G	17	511	487	0.034908	0	0	511	4	703	675	0.005926	0	0	703	0	0	0	nan	0	0	0	0.028982	0.008970	nan	nan	nan	nan
10	C	12	526	501	0.023952	0	0	526	7	705	674	0.010386	0	0	705	0	0	0	nan	0	0	0	0.013566	0.007951	0.013566	0.007951	0.247461	0.145036
11	C	10	528	511	0.019569	0	0	528	7	710	679	0.010309	0	0	710	0	0	0	nan	0	0	0	0.009260	0.007313	0.009260	0.007313	0.168914	0.133398
12	G	10	530	503	0.019881	0	0	530	15	715	676	0.022189	0	0	715	0	0	0	nan	0	0	0	-0.002309	0.008506	-0.002309	0.008506	-0.042119	0.155160
13	G	6	531	492	0.012195	0	0	531	5	716	655	0.007634	0	0	716	0	0	0	nan	0	0	0	0.004562	0.006037	nan	nan	nan	nan
14	A	13	535	498	0.026104	0	0	535	3	718	658	0.004559	0	0	718	0	0	0	nan	0	0	0	0.021545	0.007704	nan	nan	nan	nan
15	G	13	539	504	0.025794	0	0	539	8	721	662	0.012085	0	0	721	0	0	0	nan	0	0	0	0.013709	0.008333	0.013709	0.008333	0.250069	0.152004
16	C	24	555	533	0.045028	0	0	555	5	726	693	0.007215	0	0	726	0	0	0	nan	0	0	0	0.037813	0.009741	0.037813	0.009741	0.689756	0.177688
17	G	25	556	525	0.047619	0	0	556	18	727	701	0.025678	0	0	727	0	0	0	nan	0	0	0	0.021941	0.011284	0.021941	0.011284	0.400231	0.205834
18	G	33	558	535	0.061682	0	0	558	12	727	711	0.016878	0	0	727	0	0	0	nan	0	0	0	0.044805	0.011791	0.044805	0.011791	0.817298	0.215082
19	C	35	574	553	0.063291	0	0	574	11	731	720	0.015278	0	0	731	0	0	0	nan	0	0	0	0.048013	0.011648	0.048013	0.011648	0.875816	0.212474
20	U	9	588	562	0.016014	0	0	588	3	739	718	0.004178	0	0	739	0	0	0	nan	0	0	0	0.011836	0.005858	0.011836	0.005858	0.215903	0.106857
21	G	10	596	537	0.018622	0	0	596	5	743	675	0.007407	0	0	743	0	0	0	nan	0	0	0	0.011215	0.006757	0.011215	0.006757	0.204575	0.123256
22	A	11	621	521	0.021113	0	0	621	4	760	630	0.006349	0	0	760	0	0	0	nan	0	0	0	0.014764	0.007114	0.014764	0.007114	0.269314	0.129768
23	A	73	639	546	0.133700	0	0	639	7	771	647	0.010819	0	0	771	0	0	0	nan	0	0	0	0.122880	0.016174	0.122880	0.016174	2.241483	0.295034
24	C	14	715	641	0.021841	0	0	715	7	777	675	0.010370	0	0	777	0	0	0	nan	0	0	0	0.011471	0.007031	0.011471	0.007031	0.209245	0.128254
25	G	16	724	683	0.023426	0	0	724	6	780	734	0.008174	0	0	780	0	0	0	nan	0	0	0	0.015252	0.006741	0.015252	0.006741	0.278215	0.122964
26	G	22	732	683	0.032211	0	0	732	6	781	733	0.008186	0	0	781	0	0	0	nan	0	0	0	0.024025	0.007637	0.024025	0.007637	0.438246	0.139308
27	A	180	735	702	0.256410	0	0	735	18	786	751	0.023968	0	0	786	0	0	0	nan	0	0	0	0.232442	0.019929	0.232442	0.019929	4.240029	0.363530
28	C	9	755	723	0.012448	0	0	755	9	790	763	0.011796	0	0	790	0	0	0	nan	0	0	0	0.000653	0.005716	0.000653	0.005716	0.011912	0.104267
29	C	5	760	717	0.006974	0	0	760	6	794	761	0.007884	0	0	794	0	0	0	nan	0	0	0	-0.000911	0.004482	-0.000911	0.004482	-0.016618	0.081757
30	G	19	764	706	0.026912	0	0	764	7	800	758	0.009235	0	0	800	0	0	0	nan	0	0	0	0.017677	0.007092	0.017677	0.007092	0.322450	0.129367
31	G	29	764	707	0.041018	0	0	764	3	803	757	0.003963	0	0	803	0	0	0	nan	0	0	0	0.037055	0.007953	0.037055	0.007953	0.675929	0.145073
32	U	12	768	724	0.016575	0	0	768	12	813	765	0.015686	0	0	813	0	0	0	nan	0	0	0	0.000888	0.006588	0.000888	0.006588	0.016198	0.120173
33	C	14	771	743	0.018843	0	0	771	6	817	774	0.007752	0	0	817	0	0	0	nan	0	0	0	0.011091	0.005948	0.011091	0.005948	0.202314	0.108499
34	U	9	777	756	0.011905	0	0	777	15	838	811	0.018496	0	0	838	0	0	0	nan	0	0	0	-0.006591	0.006209	-0.006591	0.006209	-0.120228	0.113260
35	C	62	779	752	0.082447	0	0	779	13	843	803	0.016189	0	0	843	0	0	0	nan	0	0	0	0.066258	0.011393	0.066258	0.011393	1.208628	0.207822
36	G	14	782	752	0.018617	0	0	782	6	849	808	0.007426	0	0	849	0	0	0	nan	0	0	0	0.011191	0.005826	0.011191	0.005826	0.204138	0.106273
37	A	10	793	745	0.013423	0	0	793	2	859	795	0.002516	0	0	859	0	0	0	nan	0	0	0	0.010907	0.004602	0.010907	0.004602	0.198957	0.083946
38	A	55	802	738	0.074526	0	0	802	77	861	795	0.096855	0	0	861	0	0	0	nan	0	0	0	-0.022330	0.014927	nan	nan	nan	nan
39	A	10	810	671	0.014903	0	0	810	0	880	732	0.000000	0	0	880	0	0	0	nan	0	0	0	0.014903	0.004713	0.014903	0.004713	0.271849	0.085971
40	A	9	828	702	0.012821	0	0	828	6	881	746	0.008043	0	0	881	0	0	0	nan	0	0	0	0.004778	0.005389	0.004778	0.005389	0.087157	0.098302
41	C	6	829	719	0.008345	0	0	829	7	881	756	0.009259	0	0	881	0	0	0	nan	0	0	0	-0.000914	0.004884	-0.000914	0.004884	-0.016672	0.089090
42	C	6	829	781	0.007682	0	0	829	4	881	843	0.004745	0	0	881	0	0	0	nan	0	0	0	0.002937	0.003933	0.002937	0.003933	0.053574	0.071743
43	G	22	828	762	0.028871	0	0	828	7	882	835	0.008383	0	0	882	0	0	0	nan	0	0	0	0.020488	0.006923	0.020488	0.006923	0.373726	0.126284
44	G	29	828	771	0.037613	0	0	828	3	882	840	0.003571	0	0	882	0	0	0	nan	0	0	0	0.034042	0.007283	0.034042	0.007283	0.620968	0.132851
45	A	19	827	778	0.024422	0	0	827	7	883	841	0.008323	0	0	883	0	0	0	nan	0	0	0	0.016098	0.006426	0.016098	0.006426	0.293647	0.117218
46	G	39	827	789	0.049430	0	0	827	6	883	830	0.007229	0	0	883	0	0	0	nan	0	0	0	0.042201	0.008447	0.042201	0.008447	0.769798	0.154084
47	U	9	829	790	0.011392	0	0	829	13	885	830	0.015663	0	0	885	0	0	0	nan	0	0	0	-0.004270	0.005770	-0.004270	0.005770	-0.077890	0.105252
48	A	7	829	784	0.008929	0	0	829	4	887	828	0.004831	0	0	887	0	0	0	nan	0	0	0	0.004098	0.004150	0.004098	0.004150	0.074753	0.075701
49	G	32	830	768	0.041667	0	0	830	12	886	828	0.014493	0	0	886	0	0	0	nan	0	0	0	0.027174	0.008471	0.027174	0.008471	0.495687	0.154521
50	G	22	830	750	0.029333	0	0	830	13	885	813	0.015990	0	0	885	0	0	0	nan	0	0	0	0.013343	0.007667	0.013343	0.007667	0.243393	0.139856
51	G	27	830	746	0.036193	0	0	830	8	885	815	0.009816	0	0	885	0	0	0	nan	0	0	0	0.026377	0.007782	0.026377	0.007782	0.481149	0.141953
52	G	24	830	766	0.031332	0	0	830	8	885	836	0.009569	0	0	885	0	0	0	nan	0	0	0	0.021762	0.007235	0.021762	0.007235	0.396966	0.131975
53	C	54	831	773	0.069858	0	0	831	4	885	842	0.004751	0	0	885	0	0	0	nan	0	0	0	0.065107	0.009799	0.065107	0.009799	1.187632	0.178746
54	A	34	831	766	0.044386	0	0	831	1	885	819	0.001221	0	0	885	0	0	0	nan	0	0	0	0.043165	0.007710	0.043165	0.007710	0.787383	0.140640
55	A	47	832	767	0.061278	0	0	832	4	884	815	0.004908	0	0	884	0	0	0	nan	0	0	0	0.056370	0.009269	0.056370	0.009269	1.028258	0.169078
56	C	3	831	771	0.003891	0	0	831	8	884	809	0.009889	0	0	884	0	0	0	nan	0	0	0	-0.005998	0.004156	-0.005998	0.004156	-0.109411	0.075811
57	U	7	831	790	0.008861	0	0	831	5	884	830	0.006024	0	0	884	0	0	0	nan	0	0	0	0.002837	0.004298	0.002837	0.004298	0.051750	0.078401
58	C	12	831	785	0.015287	0	0	831	10	884	829	0.012063	0	0	884	0	0	0	nan	0	0	0	0.003224	0.005833	0.003224	0.005833	0.058810	0.106401
59	U	1	830	784	0.001276	0	0	830	3	883	838	0.003580	0	0	883	0	0	0	nan	0	0	0	-0.002304	0.002429	-0.002304	0.002429	-0.042028	0.044308
60	A	6	830	782	0.007673	0	0	830	5	883	838	0.005967	0	0	883	0	0	0	nan	0	0	0	0.001706	0.004115	0.001706	0.004115	0.031120	0.075063
61	C	17	831	728	0.023352	0	0	831	11	879	784	0.014031	0	0	879	0	0	0	nan	0	0	0	0.009321	0.007069	0.009321	0.007069	0.170027	0.128947
62	C	10	829	710	0.014085	0	0	829	5	879	764	0.006545	0	0	879	0	0	0	nan	0	0	0	0.007540	0.005329	0.007540	0.005329	0.137539	0.097208
63	G	32	829	686	0.046647	0	0	829	11	875	743	0.014805	0	0	875	0	0	0	nan	0	0	0	0.031842	0.009377	0.031842	0.009377	0.580837	0.171048
64	G	14	824	709	0.019746	0	0	824	16	875	752	0.021277	0	0	875	0	0	0	nan	0	0	0	-0.001530	0.007493	-0.001530	0.007493	-0.027909	0.136682
65	G	15	824	706	0.021246	0	0	824	14	874	750	0.018667	0	0	874	0	0	0	nan	0	0	0	0.002580	0.007415	0.002580	0.007415	0.047062	0.135259
66	G	19	824	718	0.026462	0	0	824	9	874	765	0.011765	0	0	874	0	0	0	nan	0	0	0	0.014698	0.007227	0.014698	0.007227	0.268110	0.131829
67	G	63	824	715	0.088112	0	0	824	10	873	768	0.013021	0	0	873	0	0	0	nan	0	0	0	0.075091	0.011840	0.075091	0.011840	1.369752	0.215976
68	U	10	824	730	0.013699	0	0	824	16	873	781	0.020487	0	0	873	0	0	0	nan	0	0	0	-0.006788	0.006708	-0.006788	0.006708	-0.123821	0.122362
69	U	10	824	722	0.013850	0	0	824	11	872	780	0.014103	0	0	872	0	0	0	nan	0	0	0	-0.000252	0.006104	-0.000252	0.006104	-0.004597	0.111344
70	C	19	824	719	0.026426	0	0	824	6	871	798	0.007519	0	0	871	0	0	0	nan	0	0	0	0.018907	0.006795	0.018907	0.006795	0.344887	0.123949
71	A	18	823	717	0.025105	0	0	823	2	870	787	0.002541	0	0	870	0	0	0	nan	0	0	0	0.022563	0.006184	0.022563	0.006184	0.411577	0.112804
72	A	339	822	705	0.480851	0	0	822	3	870	754	0.003979	0	0	870	0	0	0	nan	0	0	0	0.476872	0.026217	0.476872	0.026217	8.698733	0.478230
73	A	8	819	717	0.011158	0	0	819	13	866	754	0.017241	0	0	866	0	0	0	nan	0	0	0	-0.006084	0.006199	-0.006084	0.006199	-0.110980	0.113077
74	U	2	816	683	0.002928	0	0	816	12	864	749	0.016021	0	0	864	0	0	0	nan	0	0	0	-0.013093	0.005067	-0.013093	0.005067	-0.238832	0.092428
75	C	4	815	606	0.006601	0	0	815	0	863	606	0.000000	0	0	863	0	0	0	nan	0	0	0	0.006601	0.003300	0.006601	0.003300	0.120410	0.060196
76	C	7	815	571	0.012259	0	0	815	2	862	566	0.003534	0	0	862	0	0	0	nan	0	0	0	0.008726	0.005264	0.008726	0.005264	0.159173	0.096022
77	C	2	815	566	0.003534	0	0	815	5	862	555	0.009009	0	0	862	0	0	0	nan	0	0	0	-0.005475	0.004741	-0.005475	0.004741	-0.099871	0.086482
78	C	9	814	642	0.014019	0	0	814	2	859	700	0.002857	0	0	859	0	0	0	nan	0	0	0	0.011162	0.005091	0.011162	0.005091	0.203609	0.092866
79	C	7	814	669	0.010463	0	0	814	6	857	721	0.008322	0	0	857	0	0	0	nan	0	0	0	0.002142	0.005214	0.002142	0.005214	0.039073	0.095110
80	U	6	813	716	0.008380	0	0	813	5	857	766	0.006527	0	0	857	0	0	0	nan	0	0	0	0.001852	0.004497	0.001852	0.004497	0.033783	0.082031
81	C	1	812	708	0.001412	0	0	812	1	857	758	0.001319	0	0	857	0	0	0	nan	0	0	0	0.000093	0.001933	0.000093	0.001933	0.001696	0.035260
82	U	4	811	736	0.005435	0	0	811	3	854	788	0.003807	0	0	854	0	0	0	nan	0	0	0	0.001628	0.003495	0.001628	0.003495	0.029697	0.063753
83	C	7	811	723	0.009682	0	0	811	3	852	785	0.003822	0	0	852	0	0	0	nan	0	0	0	0.005860	0.004273	0.005860	0.004273	0.106894	0.077945
84	U	16	810	743	0.021534	0	0	810	15	852	789	0.019011	0	0	852	0	0	0	nan	0	0	0	0.002523	0.007285	0.002523	0.007285	0.046023	0.132887
85	C	6	810	668	0.008982	0	0	810	14	851	720	0.019444	0	0	851	0	0	0	nan	0	0	0	-0.010462	0.006360	-0.010462	0.006360	-0.190840	0.116014
86	C	33	810	635	0.051969	0	0	810	41	851	688	0.059593	0	0	851	0	0	0	nan	0	0	0	-0.007625	0.012979	nan	nan	nan	nan
87	G	43	801	625	0.068800	0	0	801	6	848	684	0.008772	0	0	848	0	0	0	nan	0	0	0	0.060028	0.011086	0.060028	0.011086	1.094985	0.202222
88	C	28	801	662	0.042296	0	0	801	4	847	727	0.005502	0	0	847	0	0	0	nan	0	0	0	0.036794	0.008453	0.036794	0.008453	0.671168	0.154193
89	C	22	797	601	0.036606	0	0	797	0	847	637	0.000000	0	0	847	0	0	0	nan	0	0	0	0.036606	0.007804	0.036606	0.007804	0.667739	0.142355
90	A	0	764	0	nan	0	0	764	0	835	0	nan	0	0	835	0	0	0	nan	0	0	0	nan	nan	nan	nan	nan	nan