Nucleotide	Sequence	Modified_mutations	Modified_read_depth	Modified_effective_depth	Modified_rate	Modified_off_target_mapped_depth	Modified_low_mapq_mapped_depth	Modified_mapped_depth	Untreated_mutations	Untreated_read_depth	Untreated_effective_depth	Untreated_rate	Untreated_off_target_mapped_depth	Untreated_low_mapq_mapped_depth	Untreated_mapped_depth	Denatured_mutations	Denatured_read_depth	Denatured_effective_depth	Denatured_rate	Denatured_off_target_mapped_depth	Denatured_low_mapq_mapped_depth	Denatured_mapped_depth	Reactivity_profile	Std_err	HQ_profile	HQ_stderr	Norm_profile	Norm_stderr
1	G	0	447	440	0.000000	0	0	447	0	985	956	0.000000	0	0	985	0	0	0	nan	0	0	0	0.000000	0.000000	nan	nan	nan	nan
2	C	0	475	464	0.000000	0	0	475	0	1010	974	0.000000	0	0	1010	0	0	0	nan	0	0	0	0.000000	0.000000	nan	nan	nan	nan
3	C	2	482	470	0.004255	0	0	482	9	1026	1005	0.008955	0	0	1026	0	0	0	nan	0	0	0	-0.004700	0.004238	nan	nan	nan	nan
4	C	2	489	458	0.004367	0	0	489	6	1044	998	0.006012	0	0	1044	0	0	0	nan	0	0	0	-0.001645	0.003944	nan	nan	nan	nan
5	G	18	490	459	0.039216	0	0	490	12	1055	991	0.012109	0	0	1055	0	0	0	nan	0	0	0	0.027107	0.009882	nan	nan	nan	nan
6	G	17	494	468	0.036325	0	0	494	5	1058	999	0.005005	0	0	1058	0	0	0	nan	0	0	0	0.031320	0.009090	nan	nan	nan	nan
7	A	11	504	481	0.022869	0	0	504	4	1078	1032	0.003876	0	0	1078	0	0	0	nan	0	0	0	0.018993	0.007162	nan	nan	nan	nan
8	U	65	522	490	0.132653	0	0	522	118	1089	1043	0.113135	0	0	1089	0	0	0	nan	0	0	0	0.019518	0.019473	nan	nan	nan	nan
9	G	7	554	507	0.013807	0	0	554	9	1135	1072	0.008396	0	0	1135	0	0	0	nan	0	0	0	0.005411	0.005921	0.005411	0.005921	0.092405	0.101114
10	G	37	571	529	0.069943	0	0	571	16	1160	1102	0.014519	0	0	1160	0	0	0	nan	0	0	0	0.055424	0.012058	0.055424	0.012058	0.946487	0.205917
11	U	10	595	552	0.018116	0	0	595	12	1186	1120	0.010714	0	0	1186	0	0	0	nan	0	0	0	0.007402	0.006510	0.007402	0.006510	0.126406	0.111173
12	G	13	601	566	0.022968	0	0	601	16	1206	1144	0.013986	0	0	1206	0	0	0	nan	0	0	0	0.008982	0.007267	0.008982	0.007267	0.153388	0.124100
13	G	7	620	591	0.011844	0	0	620	7	1217	1158	0.006045	0	0	1217	0	0	0	nan	0	0	0	0.005799	0.005026	0.005799	0.005026	0.099031	0.085830
14	A	4	636	608	0.006579	0	0	636	1	1234	1179	0.000848	0	0	1234	0	0	0	nan	0	0	0	0.005731	0.003397	0.005731	0.003397	0.097869	0.058011
15	A	6	653	623	0.009631	0	0	653	23	1259	1207	0.019056	0	0	1259	0	0	0	nan	0	0	0	-0.009425	0.005590	-0.009425	0.005590	-0.160953	0.095462
16	U	15	1202	1149	0.013055	0	0	1202	26	2101	2020	0.012871	0	0	2101	0	0	0	nan	0	0	0	0.000184	0.004211	0.000184	0.004211	0.003142	0.071912
17	C	9	1292	1221	0.007371	0	0	1292	9	2258	2156	0.004174	0	0	2258	0	0	0	nan	0	0	0	0.003197	0.002824	0.003197	0.002824	0.054596	0.048226
18	G	41	1378	1313	0.031226	0	0	1378	50	2304	2203	0.022696	0	0	2304	0	0	0	nan	0	0	0	0.008530	0.005838	0.008530	0.005838	0.145669	0.099697
19	G	76	1400	1337	0.056844	0	0	1400	24	2316	2202	0.010899	0	0	2316	0	0	0	nan	0	0	0	0.045944	0.006890	0.045944	0.006890	0.784595	0.117662
20	U	19	1527	1475	0.012881	0	0	1527	41	2352	2263	0.018118	0	0	2352	0	0	0	nan	0	0	0	-0.005236	0.004091	-0.005236	0.004091	-0.089416	0.069863
21	A	7	1543	1483	0.004720	0	0	1543	9	2370	2290	0.003930	0	0	2370	0	0	0	nan	0	0	0	0.000790	0.002213	0.000790	0.002213	0.013491	0.037792
22	G	26	1571	1474	0.017639	0	0	1571	9	2387	2243	0.004012	0	0	2387	0	0	0	nan	0	0	0	0.013627	0.003709	0.013627	0.003709	0.232711	0.063339
23	A	239	1590	1497	0.159653	0	0	1590	10	2404	2260	0.004425	0	0	2404	0	0	0	nan	0	0	0	0.155228	0.010421	0.155228	0.010421	2.650861	0.177962
24	C	9	1613	1531	0.005879	0	0	1613	8	2408	2282	0.003506	0	0	2408	0	0	0	nan	0	0	0	0.002373	0.002319	0.002373	0.002319	0.040524	0.039602
25	A	11	1637	1588	0.006927	0	0	1637	14	2431	2374	0.005897	0	0	2431	0	0	0	nan	0	0	0	0.001030	0.002617	0.001030	0.002617	0.017590	0.044691
26	C	8	1644	1592	0.005025	0	0	1644	13	2434	2377	0.005469	0	0	2434	0	0	0	nan	0	0	0	-0.000444	0.002336	-0.000444	0.002336	-0.007582	0.039892
27	A	151	1649	1600	0.094375	0	0	1649	4	2447	2399	0.001667	0	0	2447	0	0	0	nan	0	0	0	0.092708	0.007725	0.092708	0.007725	1.583194	0.131921
28	A	20	1658	1575	0.012698	0	0	1658	16	2449	2351	0.006806	0	0	2449	0	0	0	nan	0	0	0	0.005893	0.003310	0.005893	0.003310	0.100636	0.056526
29	G	34	1660	1536	0.022135	0	0	1660	42	2451	2300	0.018261	0	0	2451	0	0	0	nan	0	0	0	0.003875	0.004728	0.003875	0.004728	0.066174	0.080741
30	G	45	1661	1520	0.029605	0	0	1661	22	2452	2287	0.009620	0	0	2452	0	0	0	nan	0	0	0	0.019986	0.004867	0.019986	0.004867	0.341305	0.083115
31	G	70	1662	1544	0.045337	0	0	1662	19	2452	2314	0.008211	0	0	2452	0	0	0	nan	0	0	0	0.037126	0.005737	0.037126	0.005737	0.634009	0.097972
32	A	53	1665	1567	0.033823	0	0	1665	84	2455	2333	0.036005	0	0	2455	0	0	0	nan	0	0	0	-0.002183	0.006084	-0.002183	0.006084	-0.037280	0.103898
33	U	17	1670	1584	0.010732	0	0	1670	34	2467	2366	0.014370	0	0	2467	0	0	0	nan	0	0	0	-0.003638	0.003585	-0.003638	0.003585	-0.062127	0.061222
34	U	10	1671	1565	0.006390	0	0	1671	14	2476	2342	0.005978	0	0	2476	0	0	0	nan	0	0	0	0.000412	0.002576	0.000412	0.002576	0.007036	0.043991
35	U	444	1676	1605	0.276636	0	0	1676	773	2498	2407	0.321147	0	0	2498	0	0	0	nan	0	0	0	-0.044511	0.017487	nan	nan	nan	nan
36	A	11	1708	1656	0.006643	0	0	1708	5	2581	2518	0.001986	0	0	2581	0	0	0	nan	0	0	0	0.004657	0.002191	0.004657	0.002191	0.079529	0.037416
37	A	4	1712	1647	0.002429	0	0	1712	3	2584	2514	0.001193	0	0	2584	0	0	0	nan	0	0	0	0.001235	0.001396	0.001235	0.001396	0.021090	0.023840
38	A	240	1715	1582	0.151707	0	0	1715	469	2584	2450	0.191429	0	0	2584	0	0	0	nan	0	0	0	-0.039722	0.013192	nan	nan	nan	nan
39	A	184	1749	1619	0.113650	0	0	1749	8	2622	2463	0.003248	0	0	2622	0	0	0	nan	0	0	0	0.110402	0.008457	0.110402	0.008457	1.885358	0.144422
40	U	11	1765	1643	0.006695	0	0	1765	32	2626	2463	0.012992	0	0	2626	0	0	0	nan	0	0	0	-0.006297	0.003058	-0.006297	0.003058	-0.107535	0.052222
41	C	3	1765	1631	0.001839	0	0	1765	8	2628	2435	0.003285	0	0	2628	0	0	0	nan	0	0	0	-0.001446	0.001574	-0.001446	0.001574	-0.024694	0.026880
42	C	0	1766	1604	0.000000	0	0	1766	13	2631	2414	0.005385	0	0	2631	0	0	0	nan	0	0	0	-0.005385	0.001494	-0.005385	0.001494	-0.091961	0.025513
43	C	9	1766	1604	0.005611	0	0	1766	11	2631	2419	0.004547	0	0	2631	0	0	0	nan	0	0	0	0.001064	0.002319	0.001064	0.002319	0.018170	0.039602
44	U	27	1769	1660	0.016265	0	0	1769	55	2634	2494	0.022053	0	0	2634	0	0	0	nan	0	0	0	-0.005788	0.004317	-0.005788	0.004317	-0.098843	0.073722
45	C	19	1769	1666	0.011405	0	0	1769	19	2632	2491	0.007627	0	0	2632	0	0	0	nan	0	0	0	0.003777	0.003148	0.003777	0.003148	0.064501	0.053759
46	G	36	1771	1632	0.022059	0	0	1771	22	2634	2448	0.008987	0	0	2634	0	0	0	nan	0	0	0	0.013072	0.004146	0.013072	0.004146	0.223233	0.070802
47	G	70	1771	1627	0.043024	0	0	1771	34	2632	2439	0.013940	0	0	2632	0	0	0	nan	0	0	0	0.029084	0.005671	0.029084	0.005671	0.496674	0.096845
48	C	21	1771	1634	0.012852	0	0	1771	12	2631	2451	0.004896	0	0	2631	0	0	0	nan	0	0	0	0.007956	0.003141	0.007956	0.003141	0.135866	0.053640
49	G	163	1771	1647	0.098968	0	0	1771	33	2632	2477	0.013323	0	0	2632	0	0	0	nan	0	0	0	0.085645	0.008091	0.085645	0.008091	1.462578	0.138172
50	U	21	1774	1653	0.012704	0	0	1774	47	2633	2477	0.018975	0	0	2633	0	0	0	nan	0	0	0	-0.006270	0.003917	-0.006270	0.003917	-0.107074	0.066891
51	U	39	1773	1675	0.023284	0	0	1773	43	2635	2510	0.017131	0	0	2635	0	0	0	nan	0	0	0	0.006152	0.004553	0.006152	0.004553	0.105059	0.077753
52	C	98	1773	1665	0.058859	0	0	1773	29	2637	2516	0.011526	0	0	2637	0	0	0	nan	0	0	0	0.047333	0.006319	0.047333	0.006319	0.808316	0.107911
53	G	86	1774	1676	0.051313	0	0	1774	29	2635	2504	0.011581	0	0	2635	0	0	0	nan	0	0	0	0.039731	0.005936	0.039731	0.005936	0.678495	0.101370
54	C	25	1774	1647	0.015179	0	0	1774	22	2634	2456	0.008958	0	0	2634	0	0	0	nan	0	0	0	0.006221	0.003587	0.006221	0.003587	0.106237	0.061256
55	G	132	1774	1666	0.079232	0	0	1774	36	2633	2466	0.014599	0	0	2633	0	0	0	nan	0	0	0	0.064633	0.007313	0.064633	0.007313	1.103751	0.124886
56	C	23	1775	1649	0.013948	0	0	1775	36	2631	2472	0.014563	0	0	2631	0	0	0	nan	0	0	0	-0.000615	0.003788	-0.000615	0.003788	-0.010502	0.064688
57	U	14	1774	1634	0.008568	0	0	1774	27	2630	2466	0.010949	0	0	2630	0	0	0	nan	0	0	0	-0.002381	0.003112	-0.002381	0.003112	-0.040661	0.053144
58	G	72	1770	1595	0.045141	0	0	1770	16	2630	2348	0.006814	0	0	2630	0	0	0	nan	0	0	0	0.038327	0.005586	0.038327	0.005586	0.654518	0.095393
59	U	34	1770	1597	0.021290	0	0	1770	43	2630	2337	0.018400	0	0	2630	0	0	0	nan	0	0	0	0.002890	0.004605	0.002890	0.004605	0.049353	0.078641
60	G	57	1769	1614	0.035316	0	0	1769	23	2625	2357	0.009758	0	0	2625	0	0	0	nan	0	0	0	0.025558	0.005101	0.025558	0.005101	0.436459	0.087111
61	C	22	1768	1638	0.013431	0	0	1768	39	2623	2430	0.016049	0	0	2623	0	0	0	nan	0	0	0	-0.002618	0.003848	-0.002618	0.003848	-0.044708	0.065713
62	G	25	1767	1638	0.015263	0	0	1767	31	2620	2415	0.012836	0	0	2620	0	0	0	nan	0	0	0	0.002426	0.003825	0.002426	0.003825	0.041429	0.065320
63	G	36	1767	1620	0.022222	0	0	1767	44	2620	2385	0.018449	0	0	2620	0	0	0	nan	0	0	0	0.003774	0.004632	0.003774	0.004632	0.064449	0.079102
64	G	75	1767	1617	0.046382	0	0	1767	23	2619	2385	0.009644	0	0	2619	0	0	0	nan	0	0	0	0.036739	0.005721	0.036739	0.005721	0.627400	0.097699
65	U	28	1767	1626	0.017220	0	0	1767	32	2618	2404	0.013311	0	0	2618	0	0	0	nan	0	0	0	0.003909	0.004016	0.003909	0.004016	0.066755	0.068582
66	U	31	1767	1607	0.019291	0	0	1767	55	2617	2439	0.022550	0	0	2617	0	0	0	nan	0	0	0	-0.003260	0.004610	-0.003260	0.004610	-0.055672	0.078726
67	C	64	1766	1640	0.039024	0	0	1766	18	2617	2477	0.007267	0	0	2617	0	0	0	nan	0	0	0	0.031758	0.005170	0.031758	0.005170	0.542338	0.088289
68	A	25	1765	1651	0.015142	0	0	1765	12	2617	2506	0.004789	0	0	2617	0	0	0	nan	0	0	0	0.010354	0.003329	0.010354	0.003329	0.176817	0.056850
69	A	772	1765	1653	0.467030	0	0	1765	14	2617	2490	0.005622	0	0	2617	0	0	0	nan	0	0	0	0.461407	0.016876	0.461407	0.016876	7.879545	0.288195
70	G	29	1765	1602	0.018102	0	0	1765	55	2616	2360	0.023305	0	0	2616	0	0	0	nan	0	0	0	-0.005203	0.004602	-0.005203	0.004602	-0.088853	0.078589
71	U	25	1765	1597	0.015654	0	0	1765	53	2616	2324	0.022806	0	0	2616	0	0	0	nan	0	0	0	-0.007151	0.004429	-0.007151	0.004429	-0.122119	0.075635
72	C	8	1765	1552	0.005155	0	0	1765	16	2612	2229	0.007178	0	0	2612	0	0	0	nan	0	0	0	-0.002023	0.002558	-0.002023	0.002558	-0.034547	0.043684
73	C	5	1764	1565	0.003195	0	0	1764	6	2610	2292	0.002618	0	0	2610	0	0	0	nan	0	0	0	0.000577	0.001784	0.000577	0.001784	0.009854	0.030466
74	C	12	1764	1539	0.007797	0	0	1764	5	2608	2272	0.002201	0	0	2608	0	0	0	nan	0	0	0	0.005597	0.002457	0.005597	0.002457	0.095581	0.041959
75	G	67	1763	1580	0.042405	0	0	1763	20	2606	2381	0.008400	0	0	2606	0	0	0	nan	0	0	0	0.034005	0.005511	0.034005	0.005511	0.580711	0.094113
76	C	22	1760	1582	0.013906	0	0	1760	23	2606	2378	0.009672	0	0	2606	0	0	0	nan	0	0	0	0.004234	0.003586	0.004234	0.003586	0.072305	0.061239
77	U	25	1756	1612	0.015509	0	0	1756	52	2604	2404	0.021631	0	0	2604	0	0	0	nan	0	0	0	-0.006122	0.004315	-0.006122	0.004315	-0.104547	0.073688
78	C	7	1751	1580	0.004430	0	0	1751	8	2600	2356	0.003396	0	0	2600	0	0	0	nan	0	0	0	0.001035	0.002060	0.001035	0.002060	0.017675	0.035179
79	C	8	1749	1575	0.005079	0	0	1749	15	2597	2341	0.006408	0	0	2597	0	0	0	nan	0	0	0	-0.001328	0.002442	-0.001328	0.002442	-0.022679	0.041703
80	G	42	1747	1516	0.027704	0	0	1747	25	2593	2279	0.010970	0	0	2593	0	0	0	nan	0	0	0	0.016735	0.004805	0.016735	0.004805	0.285787	0.082056
81	G	30	1746	1521	0.019724	0	0	1746	39	2585	2248	0.017349	0	0	2585	0	0	0	nan	0	0	0	0.002375	0.004548	0.002375	0.004548	0.040558	0.077667
82	G	110	1745	1522	0.072273	0	0	1745	15	2584	2269	0.006611	0	0	2584	0	0	0	nan	0	0	0	0.065662	0.007099	0.065662	0.007099	1.121324	0.121231
83	U	15	1743	1515	0.009901	0	0	1743	23	2581	2259	0.010181	0	0	2581	0	0	0	nan	0	0	0	-0.000281	0.003323	-0.000281	0.003323	-0.004799	0.056748
84	A	30	1730	1513	0.019828	0	0	1730	12	2577	2253	0.005326	0	0	2577	0	0	0	nan	0	0	0	0.014502	0.003933	0.014502	0.003933	0.247654	0.067165
85	C	74	1703	1474	0.050204	0	0	1703	11	2507	2226	0.004942	0	0	2507	0	0	0	nan	0	0	0	0.045262	0.006023	0.045262	0.006023	0.772949	0.102856
86	C	45	1689	1415	0.031802	0	0	1689	6	2503	2211	0.002714	0	0	2503	0	0	0	nan	0	0	0	0.029088	0.004869	0.029088	0.004869	0.496742	0.083149
87	A	0	1599	0	nan	0	0	1599	0	2451	0	nan	0	0	2451	0	0	0	nan	0	0	0	nan	nan	nan	nan	nan	nan