0.000000
0.000000
0.000000
0.000000
0.000000
0.000000
0.000000
0.000000
0.000000
0.000000
0.000000
0.000000
0.000000
0.000000
0.000000
0.000000
0.022210
0.000000
0.652355
0.000000
0.108161
0.213335
0.850000
0.071983
0.396368
0.083935
0.283774
0.114087
0.098525
0.151386
0.549148
0.062372
0.000000
0.021861
0.850000
0.181763
0.250534
0.000000
0.000000
0.194586
0.000000
0.047283
0.169064
0.850000
0.000000
0.148523
0.000000
0.000000
0.033390
0.094318
0.091504
0.850000
0.850000
0.494968
0.850000
0.218863
0.102111
0.510455
0.113515
0.378216
0.092002
0.078681
0.091355
0.850000
0.000000
0.000000
0.000000
0.000000
0.000000
0.000000
0.000000
0.000000
0.000000
0.000000
0.000000
0.000000
0.114859
0.000000
0.000000
0.000000
0.000000
0.000000
0.000000
0.000000
0.000000
0.000000
0.000000
