Nucleotide	Sequence	Modified_mutations	Modified_read_depth	Modified_effective_depth	Modified_rate	Modified_off_target_mapped_depth	Modified_low_mapq_mapped_depth	Modified_mapped_depth	Untreated_mutations	Untreated_read_depth	Untreated_effective_depth	Untreated_rate	Untreated_off_target_mapped_depth	Untreated_low_mapq_mapped_depth	Untreated_mapped_depth	Denatured_mutations	Denatured_read_depth	Denatured_effective_depth	Denatured_rate	Denatured_off_target_mapped_depth	Denatured_low_mapq_mapped_depth	Denatured_mapped_depth	Reactivity_profile	Std_err	HQ_profile	HQ_stderr	Norm_profile	Norm_stderr
1	G	0	40183	38229	0.000000	0	3	40183	0	41398	39336	0.000000	0	20	41398	0	0	0	nan	0	0	0	0.000000	0.000000	0.000000	0.000000	0.000000	0.000000
2	G	0	41852	39555	0.000000	0	3	41852	0	42275	39925	0.000000	0	20	42275	0	0	0	nan	0	0	0	0.000000	0.000000	0.000000	0.000000	0.000000	0.000000
3	A	362	43248	40764	0.008880	0	3	43248	92	42459	39986	0.002301	0	20	42459	0	0	0	nan	0	0	0	0.006580	0.000525	0.006580	0.000525	0.178384	0.014233
4	G	2262	43391	41344	0.054712	0	3	43391	364	42493	40552	0.008976	0	20	42493	0	0	0	nan	0	0	0	0.045736	0.001243	0.045736	0.001243	1.239904	0.033698
5	C	567	43644	41004	0.013828	0	3	43644	331	42518	39875	0.008301	0	20	42518	0	0	0	nan	0	0	0	0.005527	0.000739	0.005527	0.000739	0.149837	0.020034
6	G	1350	43698	40881	0.033023	0	3	43698	360	42540	39815	0.009042	0	21	42540	0	0	0	nan	0	0	0	0.023981	0.001017	0.023981	0.001017	0.650126	0.027571
7	G	2122	43878	40782	0.052033	0	3	43878	371	42579	39481	0.009397	0	21	42579	0	0	0	nan	0	0	0	0.042636	0.001230	0.042636	0.001230	1.155863	0.033345
8	U	1014	45358	42848	0.023665	0	3	45358	738	43022	40616	0.018170	0	23	43022	0	0	0	nan	0	0	0	0.005495	0.001000	0.005495	0.001000	0.148970	0.027110
9	A	1374	45671	43652	0.031476	0	3	45671	66	43202	41312	0.001598	0	23	43202	0	0	0	nan	0	0	0	0.029879	0.000872	0.029879	0.000872	0.810021	0.023640
10	G	922	47807	45650	0.020197	0	3	47807	347	43303	41399	0.008382	0	23	43303	0	0	0	nan	0	0	0	0.011815	0.000803	0.011815	0.000803	0.320305	0.021769
11	U	527	49012	46587	0.011312	0	3	49012	475	44003	41827	0.011356	0	23	44003	0	0	0	nan	0	0	0	-0.000044	0.000717	-0.000044	0.000717	-0.001193	0.019438
12	U	598	50894	48199	0.012407	0	3	50894	587	46326	43889	0.013375	0	26	46326	0	0	0	nan	0	0	0	-0.000968	0.000750	-0.000968	0.000750	-0.026243	0.020333
13	C	401	51855	49797	0.008053	0	3	51855	144	47217	45391	0.003172	0	27	47217	0	0	0	nan	0	0	0	0.004880	0.000481	0.004880	0.000481	0.132297	0.013040
14	A	1163	52632	50329	0.023108	0	3	52632	72	47913	45948	0.001567	0	28	47913	0	0	0	nan	0	0	0	0.021541	0.000702	0.021541	0.000702	0.583977	0.019031
15	G	729	52967	50878	0.014328	0	3	52967	255	47963	46153	0.005525	0	28	47963	0	0	0	nan	0	0	0	0.008803	0.000634	0.008803	0.000634	0.238650	0.017188
16	U	1364	54333	51865	0.026299	0	3	54333	1710	49101	47138	0.036276	0	30	49101	0	0	0	nan	0	0	0	-0.009977	0.001130	-0.009977	0.001130	-0.270477	0.030634
17	C	1854	54631	52456	0.035344	0	3	54631	257	49388	47524	0.005408	0	30	49388	0	0	0	nan	0	0	0	0.029936	0.000887	0.029936	0.000887	0.811566	0.024047
18	G	576	55501	53078	0.010852	0	3	55501	232	49637	47627	0.004871	0	31	49637	0	0	0	nan	0	0	0	0.005981	0.000554	0.005981	0.000554	0.162145	0.015019
19	G	763	55740	52771	0.014459	0	3	55740	286	49742	47240	0.006054	0	31	49742	0	0	0	nan	0	0	0	0.008405	0.000634	0.008405	0.000634	0.227860	0.017188
20	U	968	56400	53665	0.018038	0	3	56400	1368	50443	48050	0.028470	0	31	50443	0	0	0	nan	0	0	0	-0.010433	0.000964	-0.010433	0.000964	-0.282839	0.026134
21	U	95	56810	53180	0.001786	0	3	56810	109	50996	47929	0.002274	0	33	50996	0	0	0	nan	0	0	0	-0.000488	0.000285	-0.000488	0.000285	-0.013230	0.007726
22	A	92	56949	53572	0.001717	0	3	56949	84	51444	48600	0.001728	0	33	51444	0	0	0	nan	0	0	0	-0.000011	0.000260	-0.000011	0.000260	-0.000298	0.007049
23	G	313	57041	53907	0.005806	0	3	57041	131	51484	48930	0.002677	0	33	51484	0	0	0	nan	0	0	0	0.003129	0.000403	0.003129	0.000403	0.084827	0.010925
24	A	604	57074	55222	0.010938	0	3	57074	49	51523	49942	0.000981	0	33	51523	0	0	0	nan	0	0	0	0.009957	0.000467	0.009957	0.000467	0.269935	0.012660
25	A	784	57097	54673	0.014340	0	3	57097	286	51559	49417	0.005787	0	33	51559	0	0	0	nan	0	0	0	0.008552	0.000616	0.008552	0.000616	0.231845	0.016700
26	U	323	57120	54837	0.005890	0	3	57120	325	51598	49551	0.006559	0	33	51598	0	0	0	nan	0	0	0	-0.000669	0.000490	-0.000669	0.000490	-0.018137	0.013284
27	A	787	57145	54535	0.014431	0	3	57145	236	51654	49224	0.004794	0	35	51654	0	0	0	nan	0	0	0	0.009637	0.000602	0.009637	0.000602	0.261259	0.016320
28	C	426	57157	53720	0.007930	0	3	57157	311	51641	48484	0.006414	0	35	51641	0	0	0	nan	0	0	0	0.001516	0.000529	0.001516	0.000529	0.041099	0.014341
29	C	355	57131	52837	0.006719	0	3	57131	276	51626	47633	0.005794	0	35	51626	0	0	0	nan	0	0	0	0.000924	0.000499	0.000924	0.000499	0.025050	0.013528
30	U	364	57137	52249	0.006967	0	3	57137	300	51637	47157	0.006362	0	35	51637	0	0	0	nan	0	0	0	0.000605	0.000518	0.000605	0.000518	0.016402	0.014043
31	G	2099	57126	53233	0.039430	0	3	57126	696	51617	48056	0.014483	0	35	51617	0	0	0	nan	0	0	0	0.024947	0.001021	0.024947	0.001021	0.676314	0.027679
32	C	486	57121	53563	0.009073	0	3	57121	376	51617	48551	0.007744	0	35	51617	0	0	0	nan	0	0	0	0.001329	0.000574	0.001329	0.000574	0.036029	0.015561
33	C	2006	57107	53831	0.037265	0	3	57107	289	51615	48824	0.005919	0	35	51615	0	0	0	nan	0	0	0	0.031346	0.000902	0.031346	0.000902	0.849791	0.024453
34	U	389	57104	53387	0.007286	0	3	57104	282	51622	48414	0.005825	0	36	51622	0	0	0	nan	0	0	0	0.001462	0.000507	0.001462	0.000507	0.039635	0.013745
35	G	1292	57095	53236	0.024269	0	3	57095	1044	51624	48238	0.021643	0	36	51624	0	0	0	nan	0	0	0	0.002627	0.000951	0.002627	0.000951	0.071218	0.025782
36	U	1620	57121	53294	0.030397	0	3	57121	1585	51696	48414	0.032738	0	37	51696	0	0	0	nan	0	0	0	-0.002341	0.001117	-0.002341	0.001117	-0.063465	0.030282
37	C	3082	57112	52276	0.058956	0	3	57112	513	51702	47379	0.010828	0	37	51702	0	0	0	nan	0	0	0	0.048129	0.001165	0.048129	0.001165	1.304779	0.031583
38	A	749	57151	51990	0.014407	0	3	57151	530	51742	47489	0.011160	0	39	51742	0	0	0	nan	0	0	0	0.003246	0.000716	0.003246	0.000716	0.087999	0.019411
39	C	4145	57131	51975	0.079750	0	3	57131	356	51731	47110	0.007557	0	39	51731	0	0	0	nan	0	0	0	0.072193	0.001302	0.072193	0.001302	1.957155	0.035297
40	G	1998	57136	53902	0.037067	0	3	57136	550	51724	48916	0.011244	0	39	51724	0	0	0	nan	0	0	0	0.025824	0.000958	0.025824	0.000958	0.700089	0.025971
41	C	618	57134	54265	0.011389	0	3	57134	411	51721	49244	0.008346	0	39	51721	0	0	0	nan	0	0	0	0.003042	0.000616	0.003042	0.000616	0.082469	0.016700
42	A	454	57106	54650	0.008307	0	3	57106	198	51698	49536	0.003997	0	39	51698	0	0	0	nan	0	0	0	0.004310	0.000482	0.004310	0.000482	0.116844	0.013067
43	G	1405	57063	53896	0.026069	0	3	57063	759	51654	48810	0.015550	0	39	51654	0	0	0	nan	0	0	0	0.010519	0.000896	0.010519	0.000896	0.285170	0.024291
44	G	2305	57030	53150	0.043368	0	3	57030	1006	51627	48142	0.020897	0	39	51627	0	0	0	nan	0	0	0	0.022471	0.001118	0.022471	0.001118	0.609190	0.030309
45	G	976	57015	53125	0.018372	0	3	57015	515	51612	48110	0.010705	0	39	51612	0	0	0	nan	0	0	0	0.007667	0.000754	0.007667	0.000754	0.207853	0.020441
46	G	938	56982	52372	0.017910	0	3	56982	449	51585	47839	0.009386	0	39	51585	0	0	0	nan	0	0	0	0.008525	0.000734	0.008525	0.000734	0.231113	0.019899
47	G	13859	56962	52794	0.262511	0	3	56962	12780	51567	47714	0.267846	0	39	51567	0	0	0	nan	0	0	0	-0.005335	0.003254	nan	nan	nan	nan
48	U	725	56967	53331	0.013594	0	3	56967	641	51566	48292	0.013273	0	39	51566	0	0	0	nan	0	0	0	0.000321	0.000728	0.000321	0.000728	0.008702	0.019736
49	C	429	56947	53106	0.008078	0	3	56947	256	51549	48068	0.005326	0	39	51549	0	0	0	nan	0	0	0	0.002752	0.000513	0.002752	0.000513	0.074607	0.013907
50	G	1370	56922	53887	0.025424	0	3	56922	562	51523	48866	0.011501	0	39	51523	0	0	0	nan	0	0	0	0.013923	0.000841	0.013923	0.000841	0.377453	0.022800
51	C	812	56887	53509	0.015175	0	3	56887	533	51497	48446	0.011002	0	39	51497	0	0	0	nan	0	0	0	0.004173	0.000715	0.004173	0.000715	0.113130	0.019384
52	G	885	56849	53740	0.016468	0	3	56849	584	51470	48816	0.011963	0	39	51470	0	0	0	nan	0	0	0	0.004505	0.000743	0.004505	0.000743	0.122131	0.020143
53	G	947	56803	52887	0.017906	0	3	56803	651	51432	48064	0.013544	0	39	51432	0	0	0	nan	0	0	0	0.004362	0.000788	0.004362	0.000788	0.118254	0.021363
54	G	2006	56739	51906	0.038647	0	3	56739	476	51375	46980	0.010132	0	39	51375	0	0	0	nan	0	0	0	0.028515	0.000980	0.028515	0.000980	0.773043	0.026568
55	U	1184	56646	52021	0.022760	0	3	56646	1124	51282	46985	0.023923	0	39	51282	0	0	0	nan	0	0	0	-0.001162	0.000973	-0.001162	0.000973	-0.031502	0.026378
56	U	1076	56556	50334	0.021377	0	3	56556	999	51207	45983	0.021725	0	39	51207	0	0	0	nan	0	0	0	-0.000348	0.000947	-0.000348	0.000947	-0.009434	0.025673
57	C	1107	56410	50178	0.022061	0	3	56410	520	51080	46098	0.011280	0	39	51080	0	0	0	nan	0	0	0	0.010781	0.000827	0.010781	0.000827	0.292273	0.022420
58	G	222	56340	48601	0.004568	0	3	56340	291	51003	44699	0.006510	0	39	51003	0	0	0	nan	0	0	0	-0.001942	0.000490	-0.001942	0.000490	-0.052648	0.013284
59	A	26642	56280	48586	0.548347	0	3	56280	172	50961	44457	0.003869	0	39	50961	0	0	0	nan	0	0	0	0.544478	0.003372	0.544478	0.003372	14.760816	0.091415
60	G	1157	56266	49208	0.023512	0	3	56266	838	50933	44419	0.018866	0	39	50933	0	0	0	nan	0	0	0	0.004647	0.000950	0.004647	0.000950	0.125980	0.025755
61	U	663	56233	49037	0.013520	0	3	56233	740	50899	44691	0.016558	0	39	50899	0	0	0	nan	0	0	0	-0.003038	0.000804	-0.003038	0.000804	-0.082360	0.021796
62	C	305	56145	48836	0.006245	0	3	56145	304	50810	44173	0.006882	0	39	50810	0	0	0	nan	0	0	0	-0.000637	0.000533	-0.000637	0.000533	-0.017269	0.014450
63	C	304	56009	49380	0.006156	0	3	56009	286	50616	44840	0.006378	0	39	50616	0	0	0	nan	0	0	0	-0.000222	0.000517	-0.000222	0.000517	-0.006018	0.014016
64	C	398	55867	48362	0.008230	0	3	55867	342	50433	43754	0.007816	0	39	50433	0	0	0	nan	0	0	0	0.000413	0.000591	0.000413	0.000591	0.011196	0.016022
65	G	2274	55249	41984	0.054163	0	3	55249	450	49572	33604	0.013391	0	39	49572	0	0	0	nan	0	0	0	0.040772	0.001299	0.040772	0.001299	1.105330	0.035216
66	U	880	54139	39053	0.022533	0	1	54139	688	47678	28725	0.023951	0	17	47678	0	0	0	nan	0	0	0	-0.001418	0.001188	-0.001418	0.001188	-0.038442	0.032207
67	C	189	54029	39662	0.004765	0	1	54029	140	47494	28552	0.004903	0	16	47494	0	0	0	nan	0	0	0	-0.000138	0.000540	-0.000138	0.000540	-0.003741	0.014639
68	C	149	53791	41024	0.003632	0	1	53791	145	47138	30460	0.004760	0	8	47138	0	0	0	nan	0	0	0	-0.001128	0.000495	-0.001128	0.000495	-0.030580	0.013419
69	G	2233	53435	39671	0.056288	0	1	53435	244	46656	29712	0.008212	0	7	46656	0	0	0	nan	0	0	0	0.048076	0.001302	0.048076	0.001302	1.303342	0.035297
70	U	663	53197	39886	0.016622	0	1	53197	500	46268	29817	0.016769	0	7	46268	0	0	0	nan	0	0	0	-0.000147	0.000990	-0.000147	0.000990	-0.003985	0.026839
71	U	626	53019	34671	0.018055	0	1	53019	588	46053	20974	0.028035	0	7	46053	0	0	0	nan	0	0	0	-0.009979	0.001363	-0.009979	0.001363	-0.270531	0.036951
72	C	340	52815	35665	0.009533	0	1	52815	191	45842	22732	0.008402	0	7	45842	0	0	0	nan	0	0	0	0.001131	0.000798	0.001131	0.000798	0.030661	0.021634
73	C	400	52785	33358	0.011991	0	1	52785	202	45821	20378	0.009913	0	7	45821	0	0	0	nan	0	0	0	0.002078	0.000920	0.002078	0.000920	0.056335	0.024941
74	G	1940	52640	37995	0.051059	0	1	52640	381	45700	28957	0.013157	0	7	45700	0	0	0	nan	0	0	0	0.037902	0.001341	0.037902	0.001341	1.027524	0.036355
75	C	1217	52586	38658	0.031481	0	1	52586	136	45655	29422	0.004622	0	7	45655	0	0	0	nan	0	0	0	0.026859	0.000986	0.026859	0.000986	0.728148	0.026730
76	C	650	52434	36055	0.018028	0	1	52434	28	45501	26193	0.001069	0	7	45501	0	0	0	nan	0	0	0	0.016959	0.000735	0.016959	0.000735	0.459759	0.019926
77	A	0	50435	0	nan	0	1	50435	0	44529	0	nan	0	6	44529	0	0	0	nan	0	0	0	nan	nan	nan	nan	nan	nan