Nucleotide	Sequence	Modified_mutations	Modified_read_depth	Modified_effective_depth	Modified_rate	Modified_off_target_mapped_depth	Modified_low_mapq_mapped_depth	Modified_mapped_depth	Untreated_mutations	Untreated_read_depth	Untreated_effective_depth	Untreated_rate	Untreated_off_target_mapped_depth	Untreated_low_mapq_mapped_depth	Untreated_mapped_depth	Denatured_mutations	Denatured_read_depth	Denatured_effective_depth	Denatured_rate	Denatured_off_target_mapped_depth	Denatured_low_mapq_mapped_depth	Denatured_mapped_depth	Reactivity_profile	Std_err	HQ_profile	HQ_stderr	Norm_profile	Norm_stderr
1	G	0	3191	3086	0.000000	0	0	3191	0	5970	5747	0.000000	0	0	5970	0	0	0	nan	0	0	0	0.000000	0.000000	0.000000	0.000000	0.000000	0.000000
2	G	0	3347	3188	0.000000	0	0	3347	0	6130	5821	0.000000	0	0	6130	0	0	0	nan	0	0	0	0.000000	0.000000	0.000000	0.000000	0.000000	0.000000
3	G	175	3426	3274	0.053451	0	0	3426	64	6179	5895	0.010857	0	0	6179	0	0	0	nan	0	0	0	0.042595	0.004262	0.042595	0.004262	1.333159	0.133394
4	U	51	3512	3379	0.015093	0	0	3512	120	6282	6045	0.019851	0	0	6282	0	0	0	nan	0	0	0	-0.004758	0.002784	-0.004758	0.002784	-0.148918	0.087135
5	C	43	3533	3406	0.012625	0	0	3533	48	6313	6092	0.007879	0	0	6313	0	0	0	nan	0	0	0	0.004746	0.002236	0.004746	0.002236	0.148543	0.069983
6	G	179	3587	3431	0.052171	0	0	3587	46	6369	6105	0.007535	0	0	6369	0	0	0	nan	0	0	0	0.044637	0.004055	0.044637	0.004055	1.397070	0.126915
7	U	51	3917	3733	0.013662	0	0	3917	94	6629	6328	0.014855	0	0	6629	0	0	0	nan	0	0	0	-0.001193	0.002451	-0.001193	0.002451	-0.037339	0.076713
8	U	130	4203	4029	0.032266	0	0	4203	223	7019	6738	0.033096	0	0	7019	0	0	0	nan	0	0	0	-0.000830	0.003594	-0.000830	0.003594	-0.025978	0.112487
9	A	152	4407	4171	0.036442	0	0	4407	17	7385	7011	0.002425	0	0	7385	0	0	0	nan	0	0	0	0.034017	0.003014	0.034017	0.003014	1.064681	0.094334
10	G	126	4696	4443	0.028359	0	0	4696	120	7408	7019	0.017096	0	0	7408	0	0	0	nan	0	0	0	0.011263	0.002970	0.011263	0.002970	0.352515	0.092956
11	C	33	4738	4417	0.007471	0	0	4738	55	7455	6939	0.007926	0	0	7455	0	0	0	nan	0	0	0	-0.000455	0.001683	-0.000455	0.001683	-0.014241	0.052675
12	U	64	4841	4478	0.014292	0	0	4841	99	7764	7165	0.013817	0	0	7764	0	0	0	nan	0	0	0	0.000475	0.002263	0.000475	0.002263	0.014867	0.070828
13	C	23	4879	4555	0.005049	0	0	4879	31	7845	7302	0.004245	0	0	7845	0	0	0	nan	0	0	0	0.000804	0.001300	0.000804	0.001300	0.025164	0.040688
14	A	130	4956	4591	0.028316	0	0	4956	4	7954	7327	0.000546	0	0	7954	0	0	0	nan	0	0	0	0.027770	0.002498	0.027770	0.002498	0.869159	0.078184
15	G	37	5075	4711	0.007854	0	0	5075	23	7974	7384	0.003115	0	0	7974	0	0	0	nan	0	0	0	0.004739	0.001445	0.004739	0.001445	0.148324	0.045226
16	U	115	5455	5051	0.022768	0	0	5455	239	8695	8006	0.029853	0	0	8695	0	0	0	nan	0	0	0	-0.007085	0.002870	-0.007085	0.002870	-0.221750	0.089827
17	U	4	5638	5222	0.000766	0	0	5638	4	8985	8318	0.000481	0	0	8985	0	0	0	nan	0	0	0	0.000285	0.000452	0.000285	0.000452	0.008920	0.014147
18	G	47	5688	5317	0.008840	0	0	5688	90	9153	8535	0.010545	0	0	9153	0	0	0	nan	0	0	0	-0.001705	0.001702	-0.001705	0.001702	-0.053364	0.053270
19	G	102	5775	5401	0.018885	0	0	5775	77	9254	8669	0.008882	0	1	9254	0	0	0	nan	0	0	0	0.010003	0.002126	0.010003	0.002126	0.313079	0.066541
20	U	73	5821	5519	0.013227	0	0	5821	157	9322	8882	0.017676	0	1	9322	0	0	0	nan	0	0	0	-0.004449	0.002094	-0.004449	0.002094	-0.139247	0.065539
21	A	24	5837	5500	0.004364	0	0	5837	24	9350	8801	0.002727	0	1	9350	0	0	0	nan	0	0	0	0.001637	0.001050	0.001637	0.001050	0.051236	0.032863
22	G	36	5848	5482	0.006567	0	0	5848	35	9377	8777	0.003988	0	1	9377	0	0	0	nan	0	0	0	0.002579	0.001285	0.002579	0.001285	0.080719	0.040219
23	A	50	5851	5430	0.009208	0	0	5851	30	9386	8686	0.003454	0	1	9386	0	0	0	nan	0	0	0	0.005754	0.001447	0.005754	0.001447	0.180091	0.045289
24	G	185	5852	5420	0.034133	0	0	5852	88	9389	8695	0.010121	0	1	9389	0	0	0	nan	0	0	0	0.024012	0.002732	0.024012	0.002732	0.751539	0.085507
25	C	33	5854	5471	0.006032	0	0	5854	47	9394	8811	0.005334	0	1	9394	0	0	0	nan	0	0	0	0.000698	0.001307	0.000698	0.001307	0.021846	0.040907
26	A	261	5852	5440	0.047978	0	0	5852	23	9390	8694	0.002646	0	1	9390	0	0	0	nan	0	0	0	0.045332	0.003021	0.045332	0.003021	1.418823	0.094553
27	G	115	5855	5410	0.021257	0	0	5855	93	9385	8648	0.010754	0	1	9385	0	0	0	nan	0	0	0	0.010503	0.002274	0.010503	0.002274	0.328728	0.071173
28	U	92	5861	5385	0.017084	0	0	5861	149	9408	8589	0.017348	0	1	9408	0	0	0	nan	0	0	0	-0.000263	0.002279	-0.000263	0.002279	-0.008232	0.071329
29	U	53	5861	5350	0.009907	0	0	5861	104	9421	8590	0.012107	0	1	9421	0	0	0	nan	0	0	0	-0.002201	0.001806	-0.002201	0.001806	-0.068888	0.056525
30	G	160	5867	5394	0.029663	0	0	5867	31	9453	8652	0.003583	0	1	9453	0	0	0	nan	0	0	0	0.026080	0.002432	0.026080	0.002432	0.816264	0.076118
31	A	45	5870	5380	0.008364	0	0	5870	43	9465	8685	0.004951	0	1	9465	0	0	0	nan	0	0	0	0.003413	0.001458	0.003413	0.001458	0.106822	0.045633
32	C	238	5871	5410	0.043993	0	0	5871	186	9464	8704	0.021369	0	1	9464	0	0	0	nan	0	0	0	0.022623	0.003254	0.022623	0.003254	0.708066	0.101845
33	U	69	5902	5444	0.012675	0	0	5902	91	9496	8788	0.010355	0	1	9496	0	0	0	nan	0	0	0	0.002319	0.001873	0.002319	0.001873	0.072581	0.058622
34	U	361	5927	5494	0.065708	0	0	5927	284	9542	8838	0.032134	0	1	9542	0	0	0	nan	0	0	0	0.033574	0.003949	0.033574	0.003949	1.050815	0.123598
35	U	36	5971	5657	0.006364	0	0	5971	65	9608	9064	0.007171	0	1	9608	0	0	0	nan	0	0	0	-0.000807	0.001384	-0.000807	0.001384	-0.025258	0.043317
36	U	41	5995	5671	0.007230	0	0	5995	69	9633	9125	0.007562	0	1	9633	0	0	0	nan	0	0	0	-0.000332	0.001450	-0.000332	0.001450	-0.010391	0.045383
37	A	170	6009	5707	0.029788	0	0	6009	335	9643	9244	0.036240	0	1	9643	0	0	0	nan	0	0	0	-0.006452	0.003023	-0.006452	0.003023	-0.201938	0.094615
38	A	208	6012	5696	0.036517	0	0	6012	33	9663	9237	0.003573	0	1	9663	0	0	0	nan	0	0	0	0.032944	0.002607	0.032944	0.002607	1.031097	0.081595
39	U	66	6030	5465	0.012077	0	0	6030	143	9676	8805	0.016241	0	1	9676	0	0	0	nan	0	0	0	-0.004164	0.002014	-0.004164	0.002014	-0.130327	0.063035
40	C	45	6030	5488	0.008200	0	0	6030	65	9685	8836	0.007356	0	1	9685	0	0	0	nan	0	0	0	0.000843	0.001525	0.000843	0.001525	0.026385	0.047730
41	A	60	6045	5559	0.010793	0	0	6045	13	9719	8988	0.001446	0	1	9719	0	0	0	nan	0	0	0	0.009347	0.001450	0.009347	0.001450	0.292547	0.045383
42	A	106	6039	5681	0.018659	0	0	6039	101	9713	9108	0.011089	0	1	9713	0	0	0	nan	0	0	0	0.007570	0.002122	0.007570	0.002122	0.236930	0.066415
43	U	149	6032	5530	0.026944	0	0	6032	260	9699	8881	0.029276	0	1	9699	0	0	0	nan	0	0	0	-0.002332	0.002858	-0.002332	0.002858	-0.072988	0.089451
44	U	55	6030	5303	0.010371	0	0	6030	100	9698	8500	0.011765	0	1	9698	0	0	0	nan	0	0	0	-0.001393	0.001828	-0.001393	0.001828	-0.043599	0.057214
45	G	77	6023	5301	0.014526	0	0	6023	63	9688	8557	0.007362	0	1	9688	0	0	0	nan	0	0	0	0.007163	0.001898	0.007163	0.001898	0.224191	0.059405
46	G	564	6037	5314	0.106135	0	0	6037	581	9697	8521	0.068184	0	1	9697	0	0	0	nan	0	0	0	0.037950	0.005289	nan	nan	nan	nan
47	U	789	6140	5537	0.142496	0	0	6140	1708	9820	8861	0.192755	0	1	9820	0	0	0	nan	0	0	0	-0.050259	0.006891	nan	nan	nan	nan
48	C	30	6163	5438	0.005517	0	0	6163	17	9852	8599	0.001977	0	1	9852	0	0	0	nan	0	0	0	0.003540	0.001116	0.003540	0.001116	0.110797	0.034929
49	G	81	6168	5507	0.014709	0	0	6168	36	9853	8747	0.004116	0	1	9853	0	0	0	nan	0	0	0	0.010593	0.001772	0.010593	0.001772	0.331545	0.055461
50	C	18	6166	5602	0.003213	0	0	6166	36	9856	8927	0.004033	0	1	9856	0	0	0	nan	0	0	0	-0.000820	0.001013	-0.000820	0.001013	-0.025665	0.031705
51	A	34	6164	5733	0.005931	0	0	6164	35	9858	9253	0.003783	0	1	9858	0	0	0	nan	0	0	0	0.002148	0.001201	0.002148	0.001201	0.067229	0.037589
52	G	132	6161	5650	0.023363	0	0	6161	127	9844	9135	0.013903	0	1	9844	0	0	0	nan	0	0	0	0.009460	0.002378	0.009460	0.002378	0.296084	0.074428
53	G	180	6157	5621	0.032023	0	0	6157	89	9842	9047	0.009838	0	1	9842	0	0	0	nan	0	0	0	0.022185	0.002605	0.022185	0.002605	0.694357	0.081533
54	U	150	6156	5761	0.026037	0	0	6156	248	9844	9248	0.026817	0	1	9844	0	0	0	nan	0	0	0	-0.000779	0.002724	-0.000779	0.002724	-0.024382	0.085257
55	U	105	6154	5624	0.018670	0	0	6154	179	9846	9069	0.019738	0	1	9846	0	0	0	nan	0	0	0	-0.001068	0.002344	-0.001068	0.002344	-0.033427	0.073364
56	C	82	6148	5555	0.014761	0	0	6148	72	9843	8939	0.008055	0	1	9843	0	0	0	nan	0	0	0	0.006707	0.001886	0.006707	0.001886	0.209919	0.059029
57	G	26	6144	5496	0.004731	0	0	6144	34	9842	8898	0.003821	0	1	9842	0	0	0	nan	0	0	0	0.000910	0.001136	0.000910	0.001136	0.028482	0.035555
58	A	3183	6142	5555	0.572997	0	0	6142	25	9841	8970	0.002787	0	1	9841	0	0	0	nan	0	0	0	0.570210	0.010172	0.570210	0.010172	17.846709	0.318368
59	A	58	6138	5652	0.010262	0	0	6138	88	9839	9063	0.009710	0	1	9839	0	0	0	nan	0	0	0	0.000552	0.001699	0.000552	0.001699	0.017277	0.053176
60	U	60	6126	5470	0.010969	0	0	6126	107	9811	8673	0.012337	0	1	9811	0	0	0	nan	0	0	0	-0.001368	0.001851	-0.001368	0.001851	-0.042816	0.057933
61	C	19	6123	5461	0.003479	0	0	6123	43	9804	8658	0.004967	0	1	9804	0	0	0	nan	0	0	0	-0.001487	0.001100	-0.001487	0.001100	-0.046541	0.034428
62	C	30	6119	5408	0.005547	0	0	6119	52	9803	8502	0.006116	0	1	9803	0	0	0	nan	0	0	0	-0.000569	0.001321	-0.000569	0.001321	-0.017809	0.041345
63	U	37	6117	5415	0.006833	0	0	6117	51	9792	8475	0.006018	0	1	9792	0	0	0	nan	0	0	0	0.000815	0.001404	0.000815	0.001404	0.025508	0.043943
64	G	139	6111	5335	0.026054	0	0	6111	91	9781	8412	0.010818	0	1	9781	0	0	0	nan	0	0	0	0.015236	0.002484	0.015236	0.002484	0.476864	0.077745
65	C	42	6107	5239	0.008017	0	0	6107	54	9771	8206	0.006581	0	1	9771	0	0	0	nan	0	0	0	0.001436	0.001527	0.001436	0.001527	0.044945	0.047793
66	A	29	6101	5406	0.005364	0	0	6101	44	9763	8503	0.005175	0	1	9763	0	0	0	nan	0	0	0	0.000190	0.001265	0.000190	0.001265	0.005947	0.039593
67	C	55	6099	5390	0.010204	0	0	6099	55	9762	8413	0.006538	0	1	9762	0	0	0	nan	0	0	0	0.003667	0.001634	0.003667	0.001634	0.114772	0.051142
68	G	175	6094	4759	0.036772	0	0	6094	43	9761	7351	0.005850	0	1	9761	0	0	0	nan	0	0	0	0.030923	0.002919	0.030923	0.002919	0.967843	0.091360
69	A	45	6092	4758	0.009458	0	0	6092	65	9755	7374	0.008815	0	1	9755	0	0	0	nan	0	0	0	0.000643	0.001784	0.000643	0.001784	0.020125	0.055836
70	C	54	6091	4792	0.011269	0	0	6091	75	9754	7487	0.010017	0	1	9754	0	0	0	nan	0	0	0	0.001251	0.001921	0.001251	0.001921	0.039154	0.060124
71	C	57	6087	5425	0.010507	0	0	6087	62	9748	8741	0.007093	0	1	9748	0	0	0	nan	0	0	0	0.003414	0.001658	0.003414	0.001658	0.106853	0.051893
72	C	76	6084	5092	0.014925	0	0	6084	141	9742	8122	0.017360	0	1	9742	0	0	0	nan	0	0	0	-0.002435	0.002251	-0.002435	0.002251	-0.076212	0.070453
73	A	186	6075	5097	0.036492	0	0	6075	76	9737	8158	0.009316	0	1	9737	0	0	0	nan	0	0	0	0.027176	0.002881	0.027176	0.002881	0.850568	0.090171
74	C	212	6067	5168	0.041022	0	0	6067	31	9729	8218	0.003772	0	1	9729	0	0	0	nan	0	0	0	0.037249	0.002898	0.037249	0.002898	1.165837	0.090703
75	C	104	6048	5259	0.019776	0	0	6048	10	9722	8625	0.001159	0	1	9722	0	0	0	nan	0	0	0	0.018616	0.001974	0.018616	0.001974	0.582653	0.061783
76	A	0	5802	0	nan	0	0	5802	0	9568	0	nan	0	1	9568	0	0	0	nan	0	0	0	nan	nan	nan	nan	nan	nan