0.000000
0.000000
0.098611
0.008285
0.066962
0.199993
0.743381
0.000000
0.824737
0.269757
0.000000
0.105435
0.020265
0.495677
0.072595
0.000000
0.000000
0.114226
0.167421
0.000000
0.000000
0.000000
0.134640
0.154726
0.782599
0.082220
0.850000
0.079985
0.119769
0.000000
0.074532
0.233787
0.637171
0.000000
0.084306
0.424244
0.010937
0.000000
0.850000
0.077571
0.282810
0.247943
0.133597
0.000000
0.294730
0.113779
0.486230
0.000000
0.038443
0.058529
0.076201
0.224251
0.756791
0.850000
0.096465
0.131273
0.482386
0.000000
0.850000
0.070330
0.000000
0.000000
0.000000
0.003159
0.850000
0.015943
0.042585
0.850000
0.000000
0.000000
0.850000
0.124687
0.000000
0.850000
0.850000
0.850000
0.000000
