0.000000
0.000000
0.224613
0.461278
0.389952
0.000000
0.116439
0.000000
0.850000
0.079042
0.039738
0.000000
0.010346
0.267183
0.104648
0.000000
0.013265
0.098232
0.279524
0.000000
0.000000
0.154472
0.098406
0.715369
0.036068
0.850000
0.154068
0.106989
0.401656
0.071528
0.139039
0.000000
0.000000
0.850000
0.850000
0.129213
0.000000
0.514165
0.000000
0.372120
0.103521
0.559770
0.338914
0.127624
0.530032
0.000000
0.131439
0.000000
0.661644
0.001387
0.146409
0.027253
0.447290
0.000000
0.000000
0.104619
0.000000
0.850000
0.725513
0.000000
0.000000
0.151409
0.056558
0.000000
0.000000
0.056269
0.250450
0.009421
0.031444
0.610201
0.850000
0.000000
0.850000
0.850000
0.850000
0.000000
