Nucleotide	Sequence	Modified_mutations	Modified_read_depth	Modified_effective_depth	Modified_rate	Modified_off_target_mapped_depth	Modified_low_mapq_mapped_depth	Modified_mapped_depth	Untreated_mutations	Untreated_read_depth	Untreated_effective_depth	Untreated_rate	Untreated_off_target_mapped_depth	Untreated_low_mapq_mapped_depth	Untreated_mapped_depth	Denatured_mutations	Denatured_read_depth	Denatured_effective_depth	Denatured_rate	Denatured_off_target_mapped_depth	Denatured_low_mapq_mapped_depth	Denatured_mapped_depth	Reactivity_profile	Std_err	HQ_profile	HQ_stderr	Norm_profile	Norm_stderr
1	G	0	505	495	0.000000	0	0	505	0	990	961	0.000000	0	0	990	0	0	0	nan	0	0	0	0.000000	0.000000	nan	nan	nan	nan
2	C	0	543	526	0.000000	0	0	543	0	1034	996	0.000000	0	0	1034	0	0	0	nan	0	0	0	0.000000	0.000000	0.000000	0.000000	0.000000	0.000000
3	C	3	556	542	0.005535	0	0	556	2	1051	1014	0.001972	0	0	1051	0	0	0	nan	0	0	0	0.003563	0.003487	0.003563	0.003487	0.079686	0.077986
4	G	21	561	545	0.038532	0	0	561	5	1055	1019	0.004907	0	0	1055	0	0	0	nan	0	0	0	0.033625	0.008690	0.033625	0.008690	0.752014	0.194350
5	A	7	565	547	0.012797	0	0	565	4	1059	1013	0.003949	0	0	1059	0	0	0	nan	0	0	0	0.008848	0.005224	0.008848	0.005224	0.197883	0.116833
6	G	27	568	539	0.050093	0	0	568	13	1060	1005	0.012935	0	0	1060	0	0	0	nan	0	0	0	0.037157	0.010286	0.037157	0.010286	0.831006	0.230044
7	G	40	572	542	0.073801	0	0	572	18	1065	979	0.018386	0	0	1065	0	0	0	nan	0	0	0	0.055415	0.012448	0.055415	0.012448	1.239342	0.278396
8	U	10	594	551	0.018149	0	0	594	24	1081	984	0.024390	0	0	1081	0	0	0	nan	0	0	0	-0.006241	0.007598	-0.006241	0.007598	-0.139578	0.169927
9	G	11	604	552	0.019928	0	0	604	14	1088	994	0.014085	0	0	1088	0	0	0	nan	0	0	0	0.005843	0.007090	0.005843	0.007090	0.130677	0.158566
10	G	97	620	572	0.169580	0	0	620	16	1094	1010	0.015842	0	0	1094	0	0	0	nan	0	0	0	0.153739	0.017668	0.153739	0.017668	3.438332	0.395140
11	U	13	655	617	0.021070	0	0	655	14	1112	1030	0.013592	0	0	1112	0	0	0	nan	0	0	0	0.007477	0.006881	0.007477	0.006881	0.167221	0.153892
12	G	11	658	614	0.017915	0	0	658	16	1122	1044	0.015326	0	0	1122	0	0	0	nan	0	0	0	0.002590	0.006623	0.002590	0.006623	0.057925	0.148122
13	G	10	670	631	0.015848	0	0	670	7	1135	1072	0.006530	0	0	1135	0	0	0	nan	0	0	0	0.009318	0.005586	0.009318	0.005586	0.208395	0.124929
14	A	1	711	678	0.001475	0	0	711	2	1232	1184	0.001689	0	0	1232	0	0	0	nan	0	0	0	-0.000214	0.001898	-0.000214	0.001898	-0.004786	0.042448
15	A	86	736	710	0.121127	0	0	736	154	1260	1212	0.127063	0	0	1260	0	0	0	nan	0	0	0	-0.005936	0.016596	nan	nan	nan	nan
16	U	47	3548	3451	0.013619	0	0	3548	85	6378	6206	0.013696	0	0	6378	0	0	0	nan	0	0	0	-0.000077	0.002481	-0.000077	0.002481	-0.001722	0.055487
17	U	9	4246	4112	0.002189	0	0	4246	17	7315	7070	0.002405	0	0	7315	0	0	0	nan	0	0	0	-0.000216	0.000934	-0.000216	0.000934	-0.004831	0.020889
18	G	51	4469	4300	0.011860	0	0	4469	148	7814	7524	0.019670	0	0	7814	0	0	0	nan	0	0	0	-0.007810	0.002318	-0.007810	0.002318	-0.174669	0.051841
19	G	148	4679	4527	0.032693	0	0	4679	107	7976	7687	0.013920	0	0	7976	0	0	0	nan	0	0	0	0.018773	0.003005	0.018773	0.003005	0.419853	0.067206
20	U	48	5044	4891	0.009814	0	0	5044	127	8104	7868	0.016141	0	0	8104	0	0	0	nan	0	0	0	-0.006327	0.002014	-0.006327	0.002014	-0.141502	0.045043
21	A	31	5089	4932	0.006285	0	0	5089	30	8129	7909	0.003793	0	0	8129	0	0	0	nan	0	0	0	0.002492	0.001324	0.002492	0.001324	0.055733	0.029611
22	G	88	5171	4586	0.019189	0	0	5171	32	8179	7012	0.004564	0	0	8179	0	0	0	nan	0	0	0	0.014625	0.002199	0.014625	0.002199	0.327084	0.049180
23	A	872	5199	4611	0.189113	0	0	5199	55	8219	7034	0.007819	0	0	8219	0	0	0	nan	0	0	0	0.181294	0.006490	0.181294	0.006490	4.054592	0.145147
24	C	25	5257	4343	0.005756	0	0	5257	24	8230	6574	0.003651	0	0	8230	0	0	0	nan	0	0	0	0.002106	0.001371	0.002106	0.001371	0.047100	0.030662
25	A	63	5285	4743	0.013283	0	0	5285	17	8266	7407	0.002295	0	0	8266	0	0	0	nan	0	0	0	0.010988	0.001764	0.010988	0.001764	0.245744	0.039451
26	C	36	5311	4713	0.007638	0	0	5311	44	8271	7351	0.005986	0	0	8271	0	0	0	nan	0	0	0	0.001653	0.001560	0.001653	0.001560	0.036969	0.034889
27	G	83	5317	5133	0.016170	0	0	5317	88	8280	8010	0.010986	0	0	8280	0	0	0	nan	0	0	0	0.005184	0.002126	0.005184	0.002126	0.115939	0.047547
28	C	68	5329	5116	0.013292	0	0	5329	113	8289	7988	0.014146	0	0	8289	0	0	0	nan	0	0	0	-0.000855	0.002090	-0.000855	0.002090	-0.019122	0.046742
29	U	37	5337	5106	0.007246	0	0	5337	60	8320	8004	0.007496	0	0	8320	0	0	0	nan	0	0	0	-0.000250	0.001535	-0.000250	0.001535	-0.005591	0.034330
30	A	47	5351	5109	0.009199	0	0	5351	62	8355	8004	0.007746	0	0	8355	0	0	0	nan	0	0	0	0.001453	0.001664	0.001453	0.001664	0.032496	0.037215
31	C	30	5360	5064	0.005924	0	0	5360	62	8371	7946	0.007803	0	0	8371	0	0	0	nan	0	0	0	-0.001878	0.001467	-0.001878	0.001467	-0.042001	0.032809
32	C	63	5363	5092	0.012372	0	0	5363	67	8380	7955	0.008422	0	0	8380	0	0	0	nan	0	0	0	0.003950	0.001868	0.003950	0.001868	0.088341	0.041777
33	U	82	5373	5061	0.016202	0	0	5373	124	8415	7967	0.015564	0	0	8415	0	0	0	nan	0	0	0	0.000638	0.002270	0.000638	0.002270	0.014269	0.050768
34	U	104	5376	5078	0.020481	0	0	5376	142	8426	8025	0.017695	0	0	8426	0	0	0	nan	0	0	0	0.002786	0.002498	0.002786	0.002498	0.062308	0.055867
35	G	292	5382	5169	0.056491	0	0	5382	34	8445	8147	0.004173	0	0	8445	0	0	0	nan	0	0	0	0.052317	0.003382	0.052317	0.003382	1.170056	0.075638
36	A	195	5396	5210	0.037428	0	0	5396	333	8453	8177	0.040724	0	0	8453	0	0	0	nan	0	0	0	-0.003296	0.003488	-0.003296	0.003488	-0.073714	0.078008
37	G	98	5400	5198	0.018853	0	0	5400	36	8457	8158	0.004413	0	0	8457	0	0	0	nan	0	0	0	0.014441	0.002042	0.014441	0.002042	0.322969	0.045669
38	G	2306	5401	5124	0.450039	0	0	5401	3865	8457	7984	0.484093	0	0	8457	0	0	0	nan	0	0	0	-0.034054	0.012185	nan	nan	nan	nan
39	U	68	5424	5154	0.013194	0	0	5424	134	8478	8024	0.016700	0	0	8478	0	0	0	nan	0	0	0	-0.003506	0.002154	-0.003506	0.002154	-0.078411	0.048174
40	G	35	5425	5119	0.006837	0	0	5425	39	8484	7968	0.004895	0	0	8484	0	0	0	nan	0	0	0	0.001943	0.001396	0.001943	0.001396	0.043455	0.031221
41	G	233	5431	5126	0.045455	0	0	5431	78	8491	7992	0.009760	0	0	8491	0	0	0	nan	0	0	0	0.035695	0.003176	0.035695	0.003176	0.798309	0.071030
42	U	33	5432	5169	0.006384	0	0	5432	66	8490	8095	0.008153	0	0	8490	0	0	0	nan	0	0	0	-0.001769	0.001497	-0.001769	0.001497	-0.039563	0.033480
43	A	34	5432	5226	0.006506	0	0	5432	35	8493	8176	0.004281	0	0	8493	0	0	0	nan	0	0	0	0.002225	0.001330	0.002225	0.001330	0.049762	0.029745
44	G	325	5429	5141	0.063217	0	0	5429	95	8488	8035	0.011823	0	0	8488	0	0	0	nan	0	0	0	0.051394	0.003711	0.051394	0.003711	1.149413	0.082996
45	U	52	5431	5079	0.010238	0	0	5431	61	8486	7937	0.007686	0	0	8486	0	0	0	nan	0	0	0	0.002553	0.001727	0.002553	0.001727	0.057097	0.038624
46	G	143	5431	4999	0.028606	0	0	5431	89	8484	7802	0.011407	0	0	8484	0	0	0	nan	0	0	0	0.017198	0.002680	0.017198	0.002680	0.384629	0.059937
47	C	44	5429	4949	0.008891	0	0	5429	62	8481	7718	0.008033	0	0	8481	0	0	0	nan	0	0	0	0.000858	0.001684	0.000858	0.001684	0.019189	0.037662
48	C	15	5430	4717	0.003180	0	0	5430	33	8480	7408	0.004455	0	0	8480	0	0	0	nan	0	0	0	-0.001275	0.001129	-0.001275	0.001129	-0.028515	0.025250
49	C	26	5429	4817	0.005398	0	0	5429	22	8480	7542	0.002917	0	0	8480	0	0	0	nan	0	0	0	0.002481	0.001228	0.002481	0.001228	0.055487	0.027464
50	A	367	5429	4841	0.075811	0	0	5429	9	8479	7534	0.001195	0	0	8479	0	0	0	nan	0	0	0	0.074616	0.003977	0.074616	0.003977	1.668767	0.088945
51	A	240	5430	5131	0.046775	0	0	5430	59	8480	8001	0.007374	0	0	8480	0	0	0	nan	0	0	0	0.039400	0.003168	0.039400	0.003168	0.881171	0.070851
52	U	36	5431	5121	0.007030	0	0	5431	63	8476	7984	0.007891	0	0	8476	0	0	0	nan	0	0	0	-0.000861	0.001537	-0.000861	0.001537	-0.019256	0.034375
53	A	151	5428	5150	0.029320	0	0	5428	21	8467	8054	0.002607	0	0	8467	0	0	0	nan	0	0	0	0.026713	0.002453	0.026713	0.002453	0.597429	0.054861
54	G	172	5429	5016	0.034290	0	0	5429	85	8463	7831	0.010854	0	0	8463	0	0	0	nan	0	0	0	0.023436	0.002867	0.023436	0.002867	0.524140	0.064120
55	G	154	5426	4944	0.031149	0	0	5426	45	8456	7694	0.005849	0	0	8456	0	0	0	nan	0	0	0	0.025300	0.002657	0.025300	0.002657	0.565828	0.059423
56	G	254	5426	4921	0.051616	0	0	5426	55	8456	7676	0.007165	0	0	8456	0	0	0	nan	0	0	0	0.044450	0.003380	0.044450	0.003380	0.994112	0.075593
57	C	24	5427	5012	0.004789	0	0	5427	38	8455	7862	0.004833	0	0	8455	0	0	0	nan	0	0	0	-0.000045	0.001253	-0.000045	0.001253	-0.001006	0.028023
58	U	44	5427	5033	0.008742	0	0	5427	141	8456	7906	0.017835	0	0	8456	0	0	0	nan	0	0	0	-0.009092	0.001998	-0.009092	0.001998	-0.203340	0.044685
59	U	16	5427	5101	0.003137	0	0	5427	50	8458	7959	0.006282	0	0	8458	0	0	0	nan	0	0	0	-0.003146	0.001185	-0.003146	0.001185	-0.070359	0.026502
60	A	47	5427	5131	0.009160	0	0	5427	27	8457	8009	0.003371	0	0	8457	0	0	0	nan	0	0	0	0.005789	0.001485	0.005789	0.001485	0.129469	0.033212
61	C	54	5418	5097	0.010594	0	0	5418	63	8448	7986	0.007889	0	0	8448	0	0	0	nan	0	0	0	0.002706	0.001751	0.002706	0.001751	0.060519	0.039161
62	G	52	5409	4970	0.010463	0	0	5409	75	8432	7771	0.009651	0	0	8432	0	0	0	nan	0	0	0	0.000812	0.001830	0.000812	0.001830	0.018160	0.040927
63	G	95	5401	4884	0.019451	0	0	5401	93	8427	7629	0.012190	0	0	8427	0	0	0	nan	0	0	0	0.007261	0.002362	0.007261	0.002362	0.162390	0.052826
64	G	169	5401	4842	0.034903	0	0	5401	57	8424	7528	0.007572	0	0	8424	0	0	0	nan	0	0	0	0.027331	0.002866	0.027331	0.002866	0.611251	0.064097
65	U	96	5401	4915	0.019532	0	0	5401	139	8424	7604	0.018280	0	0	8424	0	0	0	nan	0	0	0	0.001252	0.002525	0.001252	0.002525	0.028001	0.056471
66	U	124	5399	4923	0.025188	0	0	5399	150	8423	7614	0.019701	0	0	8423	0	0	0	nan	0	0	0	0.005487	0.002776	0.005487	0.002776	0.122715	0.062085
67	C	243	5395	5030	0.048310	0	0	5395	50	8420	7817	0.006396	0	0	8420	0	0	0	nan	0	0	0	0.041914	0.003228	0.041914	0.003228	0.937396	0.072193
68	A	72	5394	5006	0.014383	0	0	5394	18	8420	7914	0.002274	0	0	8420	0	0	0	nan	0	0	0	0.012108	0.001778	0.012108	0.001778	0.270792	0.039764
69	A	2731	5391	5039	0.541973	0	0	5391	17	8416	7960	0.002136	0	0	8416	0	0	0	nan	0	0	0	0.539837	0.010384	0.539837	0.010384	12.073312	0.232235
70	G	53	5386	4991	0.010619	0	0	5386	110	8408	7798	0.014106	0	0	8408	0	0	0	nan	0	0	0	-0.003487	0.001984	-0.003487	0.001984	-0.077986	0.044372
71	U	63	5383	4965	0.012689	0	0	5383	127	8398	7711	0.016470	0	0	8398	0	0	0	nan	0	0	0	-0.003781	0.002166	-0.003781	0.002166	-0.084561	0.048442
72	C	39	5378	4857	0.008030	0	0	5378	61	8394	7448	0.008190	0	0	8394	0	0	0	nan	0	0	0	-0.000160	0.001659	-0.000160	0.001659	-0.003578	0.037103
73	C	33	5373	4848	0.006807	0	0	5373	42	8387	7446	0.005641	0	0	8387	0	0	0	nan	0	0	0	0.001166	0.001470	0.001166	0.001470	0.026077	0.032876
74	C	35	5364	4726	0.007406	0	0	5364	34	8378	7265	0.004680	0	0	8378	0	0	0	nan	0	0	0	0.002726	0.001487	0.002726	0.001487	0.060966	0.033256
75	G	144	5354	4640	0.031034	0	0	5354	39	8367	7097	0.005495	0	0	8367	0	0	0	nan	0	0	0	0.025539	0.002732	0.025539	0.002732	0.571173	0.061100
76	U	62	5349	4693	0.013211	0	0	5349	112	8365	7168	0.015625	0	0	8365	0	0	0	nan	0	0	0	-0.002414	0.002235	-0.002414	0.002235	-0.053988	0.049985
77	C	17	5345	4674	0.003637	0	0	5345	13	8362	7208	0.001804	0	0	8362	0	0	0	nan	0	0	0	0.001834	0.001014	0.001834	0.001014	0.041017	0.022678
78	C	15	5341	4833	0.003104	0	0	5341	18	8350	7530	0.002390	0	0	8350	0	0	0	nan	0	0	0	0.000713	0.000980	0.000713	0.000980	0.015946	0.021917
79	U	43	5330	4840	0.008884	0	0	5330	66	8329	7567	0.008722	0	0	8329	0	0	0	nan	0	0	0	0.000162	0.001729	0.000162	0.001729	0.003623	0.038669
80	C	38	5321	4788	0.007937	0	0	5321	46	8318	7476	0.006153	0	0	8318	0	0	0	nan	0	0	0	0.001783	0.001575	0.001783	0.001575	0.039876	0.035224
81	G	83	5315	4642	0.017880	0	0	5315	57	8312	7214	0.007901	0	0	8312	0	0	0	nan	0	0	0	0.009979	0.002224	0.009979	0.002224	0.223178	0.049739
82	G	247	5313	4555	0.054226	0	0	5313	58	8300	7053	0.008223	0	0	8300	0	0	0	nan	0	0	0	0.046003	0.003615	0.046003	0.003615	1.028845	0.080849
83	U	28	5306	4403	0.006359	0	0	5306	44	8298	6739	0.006529	0	0	8298	0	0	0	nan	0	0	0	-0.000170	0.001553	-0.000170	0.001553	-0.003802	0.034732
84	A	99	5283	4416	0.022418	0	0	5283	20	8287	6786	0.002947	0	0	8287	0	0	0	nan	0	0	0	0.019471	0.002348	0.019471	0.002348	0.435464	0.052512
85	C	207	5182	4304	0.048095	0	0	5182	20	8110	6614	0.003024	0	0	8110	0	0	0	nan	0	0	0	0.045071	0.003411	0.045071	0.003411	1.008001	0.076286
86	C	94	5169	4247	0.022133	0	0	5169	1	8094	6920	0.000145	0	0	8094	0	0	0	nan	0	0	0	0.021989	0.002287	0.021989	0.002287	0.491778	0.051148
87	A	0	4858	0	nan	0	0	4858	0	7930	0	nan	0	0	7930	0	0	0	nan	0	0	0	nan	nan	nan	nan	nan	nan