Nucleotide	Sequence	Modified_mutations	Modified_read_depth	Modified_effective_depth	Modified_rate	Modified_off_target_mapped_depth	Modified_low_mapq_mapped_depth	Modified_mapped_depth	Untreated_mutations	Untreated_read_depth	Untreated_effective_depth	Untreated_rate	Untreated_off_target_mapped_depth	Untreated_low_mapq_mapped_depth	Untreated_mapped_depth	Denatured_mutations	Denatured_read_depth	Denatured_effective_depth	Denatured_rate	Denatured_off_target_mapped_depth	Denatured_low_mapq_mapped_depth	Denatured_mapped_depth	Reactivity_profile	Std_err	HQ_profile	HQ_stderr	Norm_profile	Norm_stderr
1	G	0	4110	4001	0.000000	0	14	4110	0	5389	5234	0.000000	0	8	5389	0	0	0	nan	0	0	0	0.000000	0.000000	0.000000	0.000000	0.000000	0.000000
2	C	0	4404	4242	0.000000	0	14	4404	0	5519	5296	0.000000	0	8	5519	0	0	0	nan	0	0	0	0.000000	0.000000	0.000000	0.000000	0.000000	0.000000
3	U	33	4527	4329	0.007623	0	14	4527	41	5600	5326	0.007698	0	8	5600	0	0	0	nan	0	0	0	-0.000075	0.001791	-0.000075	0.001791	-0.002550	0.060899
4	G	58	4580	4378	0.013248	0	14	4580	13	5647	5372	0.002420	0	8	5647	0	0	0	nan	0	0	0	0.010828	0.001865	0.010828	0.001865	0.368181	0.063415
5	A	62	4693	4465	0.013886	0	14	4693	15	5718	5424	0.002765	0	8	5718	0	0	0	nan	0	0	0	0.011120	0.001903	0.011120	0.001903	0.378110	0.064707
6	U	33	4828	4687	0.007041	0	14	4828	38	5810	5667	0.006705	0	8	5810	0	0	0	nan	0	0	0	0.000335	0.001639	0.000335	0.001639	0.011391	0.055730
7	A	62	4956	4758	0.013031	0	14	4956	29	5984	5755	0.005039	0	9	5984	0	0	0	nan	0	0	0	0.007992	0.001901	0.007992	0.001901	0.271750	0.064639
8	U	939	5070	4810	0.195218	0	15	5070	727	6062	5752	0.126391	0	9	6062	0	0	0	nan	0	0	0	0.068827	0.007909	nan	nan	nan	nan
9	G	59	5379	5056	0.011669	0	15	5379	66	6392	5986	0.011026	0	10	6392	0	0	0	nan	0	0	0	0.000644	0.002037	0.000644	0.002037	0.021898	0.069264
10	G	142	5431	5121	0.027729	0	18	5431	88	6445	6059	0.014524	0	10	6445	0	0	0	nan	0	0	0	0.013205	0.002795	0.013205	0.002795	0.449006	0.095038
11	C	58	5480	5271	0.011004	0	20	5480	50	6474	6199	0.008066	0	11	6474	0	0	0	nan	0	0	0	0.002938	0.001841	0.002938	0.001841	0.099900	0.062599
12	U	60	5624	5472	0.010965	0	20	5624	52	6727	6495	0.008006	0	12	6727	0	0	0	nan	0	0	0	0.002959	0.001799	0.002959	0.001799	0.100614	0.061171
13	C	19	5673	5525	0.003439	0	20	5673	18	6786	6585	0.002733	0	13	6786	0	0	0	nan	0	0	0	0.000705	0.001019	0.000705	0.001019	0.023972	0.034649
14	A	54	5761	5576	0.009684	0	21	5761	3	6914	6684	0.000449	0	13	6914	0	0	0	nan	0	0	0	0.009236	0.001343	0.009236	0.001343	0.314049	0.045666
15	G	34	5865	5565	0.006110	0	21	5865	29	6930	6586	0.004403	0	13	6930	0	0	0	nan	0	0	0	0.001706	0.001329	0.001706	0.001329	0.058009	0.045190
16	U	152	6423	6042	0.025157	0	23	6423	209	7386	6941	0.030111	0	14	7386	0	0	0	nan	0	0	0	-0.004954	0.002916	-0.004954	0.002916	-0.168449	0.099152
17	U	9	6641	6225	0.001446	0	24	6641	12	7587	7097	0.001691	0	14	7587	0	0	0	nan	0	0	0	-0.000245	0.000686	-0.000245	0.000686	-0.008331	0.023326
18	G	76	6681	6325	0.012016	0	26	6681	74	7668	7219	0.010251	0	16	7668	0	0	0	nan	0	0	0	0.001765	0.001822	0.001765	0.001822	0.060015	0.061953
19	G	139	6807	6475	0.021467	0	27	6807	73	7737	7341	0.009944	0	17	7737	0	0	0	nan	0	0	0	0.011523	0.002161	0.011523	0.002161	0.391813	0.073480
20	U	67	6882	6639	0.010092	0	27	6882	99	7770	7478	0.013239	0	17	7770	0	0	0	nan	0	0	0	-0.003147	0.001814	-0.003147	0.001814	-0.107006	0.061681
21	A	25	6892	6668	0.003749	0	27	6892	14	7784	7546	0.001855	0	17	7784	0	0	0	nan	0	0	0	0.001894	0.000899	0.001894	0.000899	0.064401	0.030568
22	G	60	6923	6518	0.009205	0	27	6923	28	7793	7362	0.003803	0	17	7793	0	0	0	nan	0	0	0	0.005402	0.001389	0.005402	0.001389	0.183683	0.047230
23	A	60	6924	6454	0.009297	0	27	6924	19	7801	7305	0.002601	0	17	7801	0	0	0	nan	0	0	0	0.006696	0.001340	0.006696	0.001340	0.227682	0.045564
24	G	123	6926	6429	0.019132	0	27	6926	97	7800	7262	0.013357	0	17	7800	0	0	0	nan	0	0	0	0.005775	0.002194	0.005775	0.002194	0.196366	0.074602
25	C	55	6928	6544	0.008405	0	27	6928	61	7801	7363	0.008285	0	17	7801	0	0	0	nan	0	0	0	0.000120	0.001552	0.000120	0.001552	0.004080	0.052772
26	G	167	6927	6573	0.025407	0	27	6927	121	7799	7395	0.016362	0	17	7799	0	0	0	nan	0	0	0	0.009045	0.002465	0.009045	0.002465	0.307554	0.083817
27	C	34	6927	6594	0.005156	0	27	6927	25	7802	7420	0.003369	0	17	7802	0	0	0	nan	0	0	0	0.001787	0.001112	0.001787	0.001112	0.060763	0.037811
28	A	50	6928	6680	0.007485	0	27	6928	32	7808	7511	0.004260	0	17	7808	0	0	0	nan	0	0	0	0.003225	0.001299	0.003225	0.001299	0.109659	0.044170
29	C	35	6928	6370	0.005495	0	27	6928	43	7806	7148	0.006016	0	17	7806	0	0	0	nan	0	0	0	-0.000521	0.001305	-0.000521	0.001305	-0.017715	0.044374
30	C	33	6931	6354	0.005194	0	27	6931	32	7799	7115	0.004498	0	17	7799	0	0	0	nan	0	0	0	0.000696	0.001204	0.000696	0.001204	0.023666	0.040939
31	C	48	6930	6257	0.007671	0	27	6930	40	7801	7011	0.005705	0	17	7801	0	0	0	nan	0	0	0	0.001966	0.001428	0.001966	0.001428	0.066849	0.048556
32	U	82	6930	6427	0.012759	0	27	6930	99	7808	7262	0.013633	0	17	7808	0	0	0	nan	0	0	0	-0.000874	0.001965	-0.000874	0.001965	-0.029718	0.066815
33	U	104	6930	6395	0.016263	0	27	6930	87	7810	7218	0.012053	0	17	7810	0	0	0	nan	0	0	0	0.004210	0.002053	0.004210	0.002053	0.143151	0.069808
34	G	233	6931	6382	0.036509	0	27	6931	81	7811	7195	0.011258	0	17	7811	0	0	0	nan	0	0	0	0.025251	0.002699	0.025251	0.002699	0.858602	0.091773
35	G	459	6934	6469	0.070954	0	27	6934	390	7810	7253	0.053771	0	17	7810	0	0	0	nan	0	0	0	0.017183	0.004287	nan	nan	nan	nan
36	U	25	7019	6632	0.003770	0	27	7019	18	7965	7490	0.002403	0	17	7965	0	0	0	nan	0	0	0	0.001366	0.000943	0.001366	0.000943	0.046448	0.032065
37	A	625	7026	6758	0.092483	0	27	7026	741	7983	7668	0.096635	0	16	7983	0	0	0	nan	0	0	0	-0.004152	0.005127	nan	nan	nan	nan
38	A	15	7053	6791	0.002209	0	27	7053	14	8047	7783	0.001799	0	15	8047	0	0	0	nan	0	0	0	0.000410	0.000746	0.000410	0.000746	0.013941	0.025366
39	G	43	7044	6636	0.006480	0	24	7044	18	8039	7597	0.002369	0	15	8039	0	0	0	nan	0	0	0	0.004110	0.001135	0.004110	0.001135	0.139751	0.038593
40	G	75	7044	6532	0.011482	0	23	7044	43	8041	7439	0.005780	0	15	8041	0	0	0	nan	0	0	0	0.005702	0.001592	0.005702	0.001592	0.193883	0.054132
41	G	207	7044	6533	0.031685	0	23	7044	64	8040	7389	0.008662	0	15	8040	0	0	0	nan	0	0	0	0.023024	0.002454	0.023024	0.002454	0.782878	0.083443
42	U	123	7044	6599	0.018639	0	23	7044	103	8036	7484	0.013763	0	15	8036	0	0	0	nan	0	0	0	0.004876	0.002160	0.004876	0.002160	0.165797	0.073446
43	G	181	7042	6713	0.026963	0	20	7042	44	8033	7620	0.005774	0	14	8033	0	0	0	nan	0	0	0	0.021188	0.002185	0.021188	0.002185	0.720449	0.074296
44	A	52	7043	6760	0.007692	0	20	7043	43	8036	7676	0.005602	0	13	8036	0	0	0	nan	0	0	0	0.002090	0.001367	0.002090	0.001367	0.071066	0.046482
45	G	153	7043	6595	0.023199	0	18	7043	67	8036	7607	0.008808	0	13	8036	0	0	0	nan	0	0	0	0.014392	0.002162	0.014392	0.002162	0.489367	0.073514
46	G	1440	7041	6624	0.217391	0	18	7041	1680	8034	7570	0.221929	0	13	8034	0	0	0	nan	0	0	0	-0.004537	0.007883	nan	nan	nan	nan
47	U	99	7041	6640	0.014910	0	18	7041	100	8040	7617	0.013129	0	13	8040	0	0	0	nan	0	0	0	0.001781	0.001992	0.001781	0.001992	0.060559	0.067733
48	C	72	7040	6610	0.010893	0	17	7040	84	8042	7586	0.011073	0	13	8042	0	0	0	nan	0	0	0	-0.000180	0.001763	-0.000180	0.001763	-0.006120	0.059947
49	C	54	7042	6609	0.008171	0	15	7042	57	8042	7589	0.007511	0	11	8042	0	0	0	nan	0	0	0	0.000660	0.001492	0.000660	0.001492	0.022442	0.050732
50	C	55	7043	6558	0.008387	0	15	7043	49	8042	7536	0.006502	0	11	8042	0	0	0	nan	0	0	0	0.001885	0.001463	0.001885	0.001463	0.064095	0.049746
51	C	48	7036	6635	0.007234	0	15	7036	40	8039	7627	0.005245	0	11	8039	0	0	0	nan	0	0	0	0.001990	0.001333	0.001990	0.001333	0.067665	0.045326
52	A	60	7036	6659	0.009010	0	15	7036	19	8036	7624	0.002492	0	11	8036	0	0	0	nan	0	0	0	0.006518	0.001296	0.006518	0.001296	0.221630	0.044068
53	G	203	7030	6547	0.031007	0	15	7030	67	8024	7517	0.008913	0	11	8024	0	0	0	nan	0	0	0	0.022093	0.002433	0.022093	0.002433	0.751222	0.082729
54	U	120	7020	6493	0.018481	0	15	7020	207	8016	7397	0.027984	0	11	8016	0	0	0	nan	0	0	0	-0.009503	0.002575	-0.009503	0.002575	-0.323128	0.087557
55	U	110	7010	6384	0.017231	0	15	7010	114	8007	7281	0.015657	0	11	8007	0	0	0	nan	0	0	0	0.001573	0.002202	0.001573	0.002202	0.053486	0.074874
56	C	115	7004	6439	0.017860	0	15	7004	144	8004	7284	0.019769	0	11	8004	0	0	0	nan	0	0	0	-0.001909	0.002343	-0.001909	0.002343	-0.064911	0.079668
57	G	18	6997	6223	0.002892	0	14	6997	22	8002	7068	0.003113	0	11	8002	0	0	0	nan	0	0	0	-0.000220	0.000951	-0.000220	0.000951	-0.007481	0.032337
58	A	3645	6983	6196	0.588283	0	14	6983	46	8000	7110	0.006470	0	11	8000	0	0	0	nan	0	0	0	0.581813	0.009791	0.581813	0.009791	19.783213	0.332920
59	C	250	6982	6289	0.039752	0	14	6982	60	7996	7162	0.008378	0	11	7996	0	0	0	nan	0	0	0	0.031374	0.002737	0.031374	0.002737	1.066801	0.093065
60	U	51	6977	6435	0.007925	0	14	6977	77	7987	7450	0.010336	0	11	7987	0	0	0	nan	0	0	0	-0.002410	0.001618	-0.002410	0.001618	-0.081947	0.055016
61	C	43	6970	6433	0.006684	0	14	6970	79	7977	7397	0.010680	0	11	7977	0	0	0	nan	0	0	0	-0.003996	0.001576	-0.003996	0.001576	-0.135875	0.053588
62	U	63	6954	6340	0.009937	0	14	6954	81	7970	7220	0.011219	0	11	7970	0	0	0	nan	0	0	0	-0.001282	0.001767	-0.001282	0.001767	-0.043591	0.060083
63	G	97	6951	6176	0.015706	0	14	6951	99	7967	6941	0.014263	0	11	7967	0	0	0	nan	0	0	0	0.001443	0.002144	0.001443	0.002144	0.049066	0.072902
64	G	92	6944	6062	0.015177	0	14	6944	73	7963	6840	0.010673	0	11	7963	0	0	0	nan	0	0	0	0.004504	0.002016	0.004504	0.002016	0.153148	0.068549
65	G	292	6941	6104	0.047837	0	14	6941	54	7954	6939	0.007782	0	10	7954	0	0	0	nan	0	0	0	0.040055	0.002993	0.040055	0.002993	1.361978	0.101770
66	U	33	6940	6265	0.005267	0	14	6940	58	7950	7194	0.008062	0	10	7950	0	0	0	nan	0	0	0	-0.002795	0.001401	-0.002795	0.001401	-0.095038	0.047638
67	A	14	6937	6471	0.002163	0	14	6937	19	7948	7447	0.002551	0	10	7948	0	0	0	nan	0	0	0	-0.000388	0.000823	-0.000388	0.000823	-0.013193	0.027984
68	U	74	6935	6454	0.011466	0	14	6935	57	7946	7423	0.007679	0	10	7946	0	0	0	nan	0	0	0	0.003787	0.001677	0.003787	0.001677	0.128768	0.057023
69	C	42	6930	6418	0.006544	0	14	6930	20	7942	7398	0.002703	0	10	7942	0	0	0	nan	0	0	0	0.003841	0.001177	0.003841	0.001177	0.130604	0.040021
70	A	80	6924	6284	0.012731	0	14	6924	8	7940	7270	0.001100	0	10	7940	0	0	0	nan	0	0	0	0.011630	0.001476	0.011630	0.001476	0.395451	0.050188
71	G	343	6919	6187	0.055439	0	14	6919	90	7932	7167	0.012558	0	10	7932	0	0	0	nan	0	0	0	0.042881	0.003273	0.042881	0.003273	1.458070	0.111291
72	C	67	6918	5849	0.011455	0	14	6918	67	7930	6749	0.009927	0	10	7930	0	0	0	nan	0	0	0	0.001528	0.001852	0.001528	0.001852	0.051956	0.062973
73	A	492	6911	5882	0.083645	0	14	6911	88	7925	6838	0.012869	0	10	7925	0	0	0	nan	0	0	0	0.070776	0.004013	0.070776	0.004013	2.406575	0.136453
74	C	357	6895	5856	0.060963	0	14	6895	37	7900	6767	0.005468	0	10	7900	0	0	0	nan	0	0	0	0.055495	0.003349	0.055495	0.003349	1.886980	0.113875
75	C	315	6880	5859	0.053763	0	14	6880	12	7888	7028	0.001707	0	10	7888	0	0	0	nan	0	0	0	0.052056	0.003069	0.052056	0.003069	1.770045	0.104354
76	A	0	6618	0	nan	0	14	6618	0	7809	0	nan	0	9	7809	0	0	0	nan	0	0	0	nan	nan	nan	nan	nan	nan