0.000000
0.000000
0.034628
0.500363
0.396112
0.615435
0.850000
0.000000
0.162100
0.202171
0.332841
0.132721
0.047178
0.850000
0.106713
0.392548
0.850000
0.171670
0.456662
0.850000
0.048950
0.030977
0.291408
0.057007
0.018880
0.119220
0.354615
0.089669
0.090317
0.221764
0.230448
0.385247
0.000000
0.000000
0.850000
0.527041
0.167608
0.771098
0.850000
0.000000
0.026721
0.000000
0.613470
0.090857
0.042145
0.180829
0.000000
0.017886
0.000000
0.737010
0.036982
0.047373
0.320441
0.369196
0.000000
0.002592
0.115591
0.333057
0.850000
0.089215
0.000000
0.051628
0.064028
0.135789
0.188325
0.118875
0.019355
0.017843
0.000000
0.046077
0.850000
0.019139
0.235524
0.136912
0.850000
0.850000
0.000000
