Nucleotide	Sequence	Modified_mutations	Modified_read_depth	Modified_effective_depth	Modified_rate	Modified_off_target_mapped_depth	Modified_low_mapq_mapped_depth	Modified_mapped_depth	Untreated_mutations	Untreated_read_depth	Untreated_effective_depth	Untreated_rate	Untreated_off_target_mapped_depth	Untreated_low_mapq_mapped_depth	Untreated_mapped_depth	Denatured_mutations	Denatured_read_depth	Denatured_effective_depth	Denatured_rate	Denatured_off_target_mapped_depth	Denatured_low_mapq_mapped_depth	Denatured_mapped_depth	Reactivity_profile	Std_err	HQ_profile	HQ_stderr
1	G	0	4	4	0.000000	0	0	4	0	16	15	0.000000	0	0	16	0	0	0	nan	0	0	0	0.000000	0.000000	nan	nan
2	G	0	6	6	0.000000	0	0	6	0	16	15	0.000000	0	0	16	0	0	0	nan	0	0	0	0.000000	0.000000	nan	nan
3	C	0	7	7	0.000000	0	0	7	1	16	15	0.066667	0	0	16	0	0	0	nan	0	0	0	-0.066667	0.066667	nan	nan
4	C	0	7	7	0.000000	0	0	7	0	16	16	0.000000	0	0	16	0	0	0	nan	0	0	0	0.000000	0.000000	nan	nan
5	C	0	7	7	0.000000	0	0	7	0	16	14	0.000000	0	0	16	0	0	0	nan	0	0	0	0.000000	0.000000	nan	nan
6	C	0	7	7	0.000000	0	0	7	0	16	13	0.000000	0	0	16	0	0	0	nan	0	0	0	0.000000	0.000000	nan	nan
7	U	0	8	8	0.000000	0	0	8	1	16	13	0.076923	0	0	16	0	0	0	nan	0	0	0	-0.076923	0.076923	nan	nan
8	U	0	8	8	0.000000	0	0	8	0	16	13	0.000000	0	0	16	0	0	0	nan	0	0	0	0.000000	0.000000	nan	nan
9	A	1	8	8	0.125000	0	0	8	0	18	15	0.000000	0	0	18	0	0	0	nan	0	0	0	0.125000	0.125000	nan	nan
10	G	1	8	8	0.125000	0	0	8	0	18	17	0.000000	0	0	18	0	0	0	nan	0	0	0	0.125000	0.125000	nan	nan
11	C	0	8	8	0.000000	0	0	8	1	18	16	0.062500	0	0	18	0	0	0	nan	0	0	0	-0.062500	0.062500	nan	nan
12	U	0	8	8	0.000000	0	0	8	0	21	20	0.000000	0	0	21	0	0	0	nan	0	0	0	0.000000	0.000000	nan	nan
13	C	0	8	8	0.000000	0	0	8	0	21	20	0.000000	0	0	21	0	0	0	nan	0	0	0	0.000000	0.000000	nan	nan
14	A	0	8	8	0.000000	0	0	8	0	21	19	0.000000	0	0	21	0	0	0	nan	0	0	0	0.000000	0.000000	nan	nan
15	G	0	8	8	0.000000	0	0	8	1	21	19	0.052632	0	0	21	0	0	0	nan	0	0	0	-0.052632	0.052632	nan	nan
16	U	0	8	8	0.000000	0	0	8	0	21	18	0.000000	0	0	21	0	0	0	nan	0	0	0	0.000000	0.000000	nan	nan
17	G	0	8	8	0.000000	0	0	8	0	21	20	0.000000	0	0	21	0	0	0	nan	0	0	0	0.000000	0.000000	nan	nan
18	G	3	8	8	0.375000	0	0	8	0	21	20	0.000000	0	0	21	0	0	0	nan	0	0	0	0.375000	0.216506	nan	nan
19	U	0	8	8	0.000000	0	0	8	0	22	21	0.000000	0	0	22	0	0	0	nan	0	0	0	0.000000	0.000000	nan	nan
20	U	0	8	8	0.000000	0	0	8	0	24	22	0.000000	0	0	24	0	0	0	nan	0	0	0	0.000000	0.000000	nan	nan
21	A	0	8	8	0.000000	0	0	8	0	24	22	0.000000	0	0	24	0	0	0	nan	0	0	0	0.000000	0.000000	nan	nan
22	G	0	8	8	0.000000	0	0	8	1	24	23	0.043478	0	0	24	0	0	0	nan	0	0	0	-0.043478	0.043478	nan	nan
23	A	0	8	8	0.000000	0	0	8	0	24	23	0.000000	0	0	24	0	0	0	nan	0	0	0	0.000000	0.000000	nan	nan
24	G	0	8	8	0.000000	0	0	8	0	24	23	0.000000	0	0	24	0	0	0	nan	0	0	0	0.000000	0.000000	nan	nan
25	C	0	8	8	0.000000	0	0	8	1	24	23	0.043478	0	0	24	0	0	0	nan	0	0	0	-0.043478	0.043478	nan	nan
26	A	1	8	8	0.125000	0	0	8	0	24	22	0.000000	0	0	24	0	0	0	nan	0	0	0	0.125000	0.125000	nan	nan
27	G	0	8	8	0.000000	0	0	8	1	24	22	0.045455	0	0	24	0	0	0	nan	0	0	0	-0.045455	0.045455	nan	nan
28	G	1	8	8	0.125000	0	0	8	0	24	21	0.000000	0	0	24	0	0	0	nan	0	0	0	0.125000	0.125000	nan	nan
29	C	0	8	8	0.000000	0	0	8	0	24	23	0.000000	0	0	24	0	0	0	nan	0	0	0	0.000000	0.000000	nan	nan
30	G	2	8	8	0.250000	0	0	8	0	24	22	0.000000	0	0	24	0	0	0	nan	0	0	0	0.250000	0.176777	nan	nan
31	A	0	8	8	0.000000	0	0	8	0	24	23	0.000000	0	0	24	0	0	0	nan	0	0	0	0.000000	0.000000	nan	nan
32	C	0	8	8	0.000000	0	0	8	0	24	23	0.000000	0	0	24	0	0	0	nan	0	0	0	0.000000	0.000000	nan	nan
33	U	0	9	9	0.000000	0	0	9	0	24	23	0.000000	0	0	24	0	0	0	nan	0	0	0	0.000000	0.000000	nan	nan
34	C	2	9	9	0.222222	0	0	9	6	25	24	0.250000	0	0	25	0	0	0	nan	0	0	0	-0.027778	0.187371	nan	nan
35	A	0	12	12	0.000000	0	0	12	0	74	70	0.000000	0	1	74	0	0	0	nan	0	0	0	0.000000	0.000000	nan	nan
36	U	0	12	12	0.000000	0	0	12	0	75	70	0.000000	0	1	75	0	0	0	nan	0	0	0	0.000000	0.000000	nan	nan
37	A	0	14	13	0.000000	0	0	14	1	77	71	0.014085	0	1	77	0	0	0	nan	0	0	0	-0.014085	0.014085	nan	nan
38	A	0	14	13	0.000000	0	0	14	0	77	75	0.000000	0	1	77	0	0	0	nan	0	0	0	0.000000	0.000000	nan	nan
39	U	0	15	13	0.000000	0	0	15	0	77	74	0.000000	0	1	77	0	0	0	nan	0	0	0	0.000000	0.000000	nan	nan
40	C	0	15	14	0.000000	0	0	15	1	77	72	0.013889	0	1	77	0	0	0	nan	0	0	0	-0.013889	0.013889	nan	nan
41	G	1	15	13	0.076923	0	0	15	0	77	71	0.000000	0	1	77	0	0	0	nan	0	0	0	0.076923	0.076923	nan	nan
42	C	0	15	13	0.000000	0	0	15	0	77	69	0.000000	0	1	77	0	0	0	nan	0	0	0	0.000000	0.000000	nan	nan
43	U	2	15	14	0.142857	0	0	15	1	77	68	0.014706	0	1	77	0	0	0	nan	0	0	0	0.128151	0.102080	nan	nan
44	U	2	15	14	0.142857	0	0	15	0	77	67	0.000000	0	1	77	0	0	0	nan	0	0	0	0.142857	0.101015	nan	nan
45	G	1	15	14	0.071429	0	0	15	0	77	70	0.000000	0	1	77	0	0	0	nan	0	0	0	0.071429	0.071429	nan	nan
46	G	5	15	14	0.357143	0	0	15	4	77	70	0.057143	0	1	77	0	0	0	nan	0	0	0	0.300000	0.162255	nan	nan
47	U	2	24	23	0.086957	0	0	24	10	83	78	0.128205	0	1	83	0	0	0	nan	0	0	0	-0.041249	0.073650	nan	nan
48	C	0	26	25	0.000000	0	0	26	0	85	81	0.000000	0	1	85	0	0	0	nan	0	0	0	0.000000	0.000000	nan	nan
49	G	1	26	25	0.040000	0	0	26	0	85	82	0.000000	0	1	85	0	0	0	nan	0	0	0	0.040000	0.040000	nan	nan
50	C	0	26	24	0.000000	0	0	26	0	85	79	0.000000	0	1	85	0	0	0	nan	0	0	0	0.000000	0.000000	nan	nan
51	U	0	26	23	0.000000	0	0	26	0	85	81	0.000000	0	1	85	0	0	0	nan	0	0	0	0.000000	0.000000	nan	nan
52	G	1	26	23	0.043478	0	0	26	0	85	80	0.000000	0	1	85	0	0	0	nan	0	0	0	0.043478	0.043478	nan	nan
53	G	2	26	24	0.083333	0	0	26	4	85	82	0.048780	0	1	85	0	0	0	nan	0	0	0	0.034553	0.063774	nan	nan
54	U	1	27	25	0.040000	0	0	27	2	86	83	0.024096	0	1	86	0	0	0	nan	0	0	0	0.015904	0.043478	nan	nan
55	U	0	27	25	0.000000	0	0	27	1	86	84	0.011905	0	1	86	0	0	0	nan	0	0	0	-0.011905	0.011905	nan	nan
56	C	1	27	25	0.040000	0	0	27	0	86	75	0.000000	0	1	86	0	0	0	nan	0	0	0	0.040000	0.040000	nan	nan
57	A	0	27	25	0.000000	0	0	27	0	86	72	0.000000	0	1	86	0	0	0	nan	0	0	0	0.000000	0.000000	nan	nan
58	A	6	27	25	0.240000	0	0	27	0	86	70	0.000000	0	1	86	0	0	0	nan	0	0	0	0.240000	0.097980	nan	nan
59	G	0	27	25	0.000000	0	0	27	0	86	74	0.000000	0	1	86	0	0	0	nan	0	0	0	0.000000	0.000000	nan	nan
60	U	0	27	26	0.000000	0	0	27	3	86	77	0.038961	0	1	86	0	0	0	nan	0	0	0	-0.038961	0.022494	nan	nan
61	C	0	27	26	0.000000	0	0	27	0	86	69	0.000000	0	1	86	0	0	0	nan	0	0	0	0.000000	0.000000	nan	nan
62	C	0	27	25	0.000000	0	0	27	0	86	69	0.000000	0	1	86	0	0	0	nan	0	0	0	0.000000	0.000000	nan	nan
63	A	0	27	25	0.000000	0	0	27	0	86	69	0.000000	0	1	86	0	0	0	nan	0	0	0	0.000000	0.000000	nan	nan
64	G	0	27	26	0.000000	0	0	27	0	86	78	0.000000	0	1	86	0	0	0	nan	0	0	0	0.000000	0.000000	nan	nan
65	C	0	27	27	0.000000	0	0	27	0	86	78	0.000000	0	1	86	0	0	0	nan	0	0	0	0.000000	0.000000	nan	nan
66	A	0	27	27	0.000000	0	0	27	0	86	81	0.000000	0	1	86	0	0	0	nan	0	0	0	0.000000	0.000000	nan	nan
67	G	0	27	26	0.000000	0	0	27	0	86	76	0.000000	0	1	86	0	0	0	nan	0	0	0	0.000000	0.000000	nan	nan
68	G	0	27	25	0.000000	0	0	27	1	86	74	0.013514	0	1	86	0	0	0	nan	0	0	0	-0.013514	0.013514	nan	nan
69	G	1	27	24	0.041667	0	0	27	0	86	74	0.000000	0	1	86	0	0	0	nan	0	0	0	0.041667	0.041667	nan	nan
70	G	0	27	24	0.000000	0	0	27	1	86	74	0.013514	0	1	86	0	0	0	nan	0	0	0	-0.013514	0.013514	nan	nan
71	C	0	27	23	0.000000	0	0	27	1	86	78	0.012821	0	1	86	0	0	0	nan	0	0	0	-0.012821	0.012821	nan	nan
72	C	0	27	20	0.000000	0	0	27	0	86	48	0.000000	0	1	86	0	0	0	nan	0	0	0	0.000000	0.000000	nan	nan
73	A	0	27	19	0.000000	0	0	27	1	86	49	0.020408	0	1	86	0	0	0	nan	0	0	0	-0.020408	0.020408	nan	nan
74	C	1	27	19	0.052632	0	0	27	0	86	47	0.000000	0	1	86	0	0	0	nan	0	0	0	0.052632	0.052632	nan	nan
75	C	0	27	22	0.000000	0	0	27	0	86	66	0.000000	0	1	86	0	0	0	nan	0	0	0	0.000000	0.000000	nan	nan
76	A	0	26	0	nan	0	0	26	0	82	0	nan	0	1	82	0	0	0	nan	0	0	0	nan	nan	nan	nan