Nucleotide	Sequence	Modified_mutations	Modified_read_depth	Modified_effective_depth	Modified_rate	Modified_off_target_mapped_depth	Modified_low_mapq_mapped_depth	Modified_mapped_depth	Untreated_mutations	Untreated_read_depth	Untreated_effective_depth	Untreated_rate	Untreated_off_target_mapped_depth	Untreated_low_mapq_mapped_depth	Untreated_mapped_depth	Denatured_mutations	Denatured_read_depth	Denatured_effective_depth	Denatured_rate	Denatured_off_target_mapped_depth	Denatured_low_mapq_mapped_depth	Denatured_mapped_depth	Reactivity_profile	Std_err	HQ_profile	HQ_stderr	Norm_profile	Norm_stderr
1	G	0	2439	2379	0.000000	0	6	2439	0	3872	3773	0.000000	0	11	3872	0	0	0	nan	0	0	0	0.000000	0.000000	0.000000	0.000000	0.000000	0.000000
2	C	0	2604	2521	0.000000	0	6	2604	0	3951	3805	0.000000	0	11	3951	0	0	0	nan	0	0	0	0.000000	0.000000	0.000000	0.000000	0.000000	0.000000
3	U	16	2660	2546	0.006284	0	7	2660	26	4008	3814	0.006817	0	11	4008	0	0	0	nan	0	0	0	-0.000533	0.002063	-0.000533	0.002063	-0.017669	0.068388
4	G	39	2681	2565	0.015205	0	7	2681	6	4044	3853	0.001557	0	11	4044	0	0	0	nan	0	0	0	0.013647	0.002516	0.013647	0.002516	0.452395	0.083405
5	A	28	2741	2607	0.010740	0	7	2741	17	4087	3891	0.004369	0	11	4087	0	0	0	nan	0	0	0	0.006371	0.002290	0.006371	0.002290	0.211197	0.075913
6	U	13	2831	2751	0.004726	0	8	2831	15	4135	4025	0.003727	0	11	4135	0	0	0	nan	0	0	0	0.000999	0.001626	0.000999	0.001626	0.033117	0.053901
7	A	12	2914	2805	0.004278	0	8	2914	15	4218	4081	0.003676	0	11	4218	0	0	0	nan	0	0	0	0.000603	0.001558	0.000603	0.001558	0.019989	0.051647
8	U	37	3115	3035	0.012191	0	9	3115	44	4326	4231	0.010399	0	11	4326	0	0	0	nan	0	0	0	0.001792	0.002545	0.001792	0.002545	0.059404	0.084366
9	A	162	3170	3062	0.052907	0	9	3170	20	4384	4239	0.004718	0	11	4384	0	0	0	nan	0	0	0	0.048189	0.004289	0.048189	0.004289	1.597453	0.142179
10	G	66	3450	3329	0.019826	0	10	3450	62	4394	4238	0.014630	0	11	4394	0	0	0	nan	0	0	0	0.005196	0.003067	0.005196	0.003067	0.172246	0.101670
11	C	29	3480	3349	0.008659	0	10	3480	36	4415	4240	0.008491	0	11	4415	0	0	0	nan	0	0	0	0.000169	0.002142	0.000169	0.002142	0.005602	0.071007
12	U	34	3550	3416	0.009953	0	12	3550	43	4538	4344	0.009899	0	11	4538	0	0	0	nan	0	0	0	0.000054	0.002279	0.000054	0.002279	0.001790	0.075548
13	C	13	3610	3504	0.003710	0	12	3610	12	4593	4429	0.002709	0	11	4593	0	0	0	nan	0	0	0	0.001001	0.001292	0.001001	0.001292	0.033183	0.042829
14	A	47	3669	3532	0.013307	0	13	3669	1	4698	4499	0.000222	0	12	4698	0	0	0	nan	0	0	0	0.013085	0.001954	0.013085	0.001954	0.433764	0.064775
15	G	18	3775	3578	0.005031	0	13	3775	13	4709	4479	0.002902	0	12	4709	0	0	0	nan	0	0	0	0.002128	0.001433	0.002128	0.001433	0.070543	0.047504
16	U	88	4151	3905	0.022535	0	18	4151	151	5163	4863	0.031051	0	13	5163	0	0	0	nan	0	0	0	-0.008516	0.003487	-0.008516	0.003487	-0.282303	0.115593
17	U	3	4306	4057	0.000739	0	18	4306	1	5322	4994	0.000200	0	14	5322	0	0	0	nan	0	0	0	0.000539	0.000472	0.000539	0.000472	0.017868	0.015647
18	G	37	4337	4117	0.008987	0	18	4337	51	5385	5072	0.010055	0	15	5385	0	0	0	nan	0	0	0	-0.001068	0.002041	-0.001068	0.002041	-0.035404	0.067659
19	G	69	4424	4212	0.016382	0	18	4424	60	5429	5127	0.011703	0	15	5429	0	0	0	nan	0	0	0	0.004679	0.002484	0.004679	0.002484	0.155108	0.082344
20	U	52	4483	4302	0.012087	0	18	4483	80	5457	5214	0.015343	0	15	5457	0	0	0	nan	0	0	0	-0.003256	0.002398	-0.003256	0.002398	-0.107936	0.079493
21	A	15	4491	4356	0.003444	0	18	4491	13	5476	5269	0.002467	0	15	5476	0	0	0	nan	0	0	0	0.000976	0.001122	0.000976	0.001122	0.032354	0.037194
22	G	17	4505	4278	0.003974	0	18	4505	16	5486	5155	0.003104	0	15	5486	0	0	0	nan	0	0	0	0.000870	0.001237	0.000870	0.001237	0.028840	0.041006
23	A	35	4505	4230	0.008274	0	18	4505	21	5488	5106	0.004113	0	15	5488	0	0	0	nan	0	0	0	0.004161	0.001662	0.004161	0.001662	0.137936	0.055095
24	G	192	4506	4208	0.045627	0	18	4506	49	5490	5108	0.009593	0	15	5490	0	0	0	nan	0	0	0	0.036035	0.003567	0.036035	0.003567	1.194551	0.118245
25	C	36	4506	4282	0.008407	0	18	4506	21	5492	5191	0.004045	0	15	5492	0	0	0	nan	0	0	0	0.004362	0.001656	0.004362	0.001656	0.144599	0.054896
26	G	122	4505	4298	0.028385	0	18	4505	89	5492	5215	0.017066	0	15	5492	0	0	0	nan	0	0	0	0.011319	0.003143	0.011319	0.003143	0.375222	0.104190
27	C	16	4505	4317	0.003706	0	18	4505	9	5494	5232	0.001720	0	15	5494	0	0	0	nan	0	0	0	0.001986	0.001090	0.001986	0.001090	0.065835	0.036133
28	A	20	4502	4344	0.004604	0	18	4502	16	5502	5301	0.003018	0	15	5502	0	0	0	nan	0	0	0	0.001586	0.001276	0.001586	0.001276	0.052575	0.042299
29	C	31	4500	4179	0.007418	0	18	4500	30	5502	5067	0.005921	0	15	5502	0	0	0	nan	0	0	0	0.001497	0.001716	0.001497	0.001716	0.049625	0.056885
30	C	17	4500	4145	0.004101	0	18	4500	23	5497	5019	0.004583	0	15	5497	0	0	0	nan	0	0	0	-0.000481	0.001379	-0.000481	0.001379	-0.015945	0.045714
31	C	50	4500	4091	0.012222	0	18	4500	35	5491	4944	0.007079	0	15	5491	0	0	0	nan	0	0	0	0.005143	0.002102	0.005143	0.002102	0.170489	0.069681
32	U	69	4497	4196	0.016444	0	18	4497	53	5496	5108	0.010376	0	14	5496	0	0	0	nan	0	0	0	0.006068	0.002439	0.006068	0.002439	0.201153	0.080852
33	U	54	4498	4183	0.012909	0	18	4498	50	5496	5075	0.009852	0	14	5496	0	0	0	nan	0	0	0	0.003057	0.002242	0.003057	0.002242	0.101339	0.074322
34	G	151	4496	4207	0.035893	0	18	4496	56	5495	5081	0.011021	0	13	5495	0	0	0	nan	0	0	0	0.024871	0.003271	0.024871	0.003271	0.824467	0.108433
35	G	317	4498	4201	0.075458	0	18	4498	255	5495	5110	0.049902	0	13	5495	0	0	0	nan	0	0	0	0.025556	0.005266	0.025556	0.005266	0.847175	0.174567
36	U	22	4573	4314	0.005100	0	18	4573	5	5662	5327	0.000939	0	13	5662	0	0	0	nan	0	0	0	0.004161	0.001165	0.004161	0.001165	0.137936	0.038619
37	A	381	4577	4376	0.087066	0	18	4577	552	5679	5442	0.101433	0	13	5679	0	0	0	nan	0	0	0	-0.014367	0.006208	nan	nan	nan	nan
38	A	5	4594	4421	0.001131	0	17	4594	7	5738	5493	0.001274	0	13	5738	0	0	0	nan	0	0	0	-0.000143	0.000698	-0.000143	0.000698	-0.004740	0.023139
39	G	31	4593	4369	0.007095	0	16	4593	10	5739	5407	0.001849	0	13	5739	0	0	0	nan	0	0	0	0.005246	0.001402	0.005246	0.001402	0.173904	0.046476
40	G	45	4594	4314	0.010431	0	16	4594	23	5739	5328	0.004317	0	13	5739	0	0	0	nan	0	0	0	0.006114	0.001797	0.006114	0.001797	0.202678	0.059570
41	G	159	4594	4299	0.036985	0	16	4594	40	5738	5316	0.007524	0	13	5738	0	0	0	nan	0	0	0	0.029461	0.003165	0.029461	0.003165	0.976625	0.104919
42	U	74	4595	4336	0.017066	0	14	4595	84	5737	5377	0.015622	0	13	5737	0	0	0	nan	0	0	0	0.001444	0.002616	0.001444	0.002616	0.047868	0.086720
43	G	109	4594	4401	0.024767	0	12	4594	27	5734	5474	0.004932	0	13	5734	0	0	0	nan	0	0	0	0.019835	0.002555	0.019835	0.002555	0.657525	0.084698
44	A	47	4594	4426	0.010619	0	12	4594	48	5733	5499	0.008729	0	13	5733	0	0	0	nan	0	0	0	0.001890	0.001997	0.001890	0.001997	0.062653	0.066200
45	G	60	4593	4362	0.013755	0	12	4593	32	5733	5464	0.005857	0	12	5733	0	0	0	nan	0	0	0	0.007899	0.002056	0.007899	0.002056	0.261850	0.068156
46	G	980	4591	4125	0.237576	0	11	4591	1303	5731	5211	0.250048	0	12	5731	0	0	0	nan	0	0	0	-0.012472	0.010275	nan	nan	nan	nan
47	U	65	4599	4145	0.015682	0	11	4599	80	5732	5252	0.015232	0	12	5732	0	0	0	nan	0	0	0	0.000449	0.002585	0.000449	0.002585	0.014884	0.085692
48	C	47	4600	4108	0.011441	0	11	4600	29	5731	5177	0.005602	0	12	5731	0	0	0	nan	0	0	0	0.005839	0.001966	0.005839	0.001966	0.193561	0.065172
49	G	108	4599	4292	0.025163	0	11	4599	41	5731	5283	0.007761	0	11	5731	0	0	0	nan	0	0	0	0.017402	0.002708	0.017402	0.002708	0.576872	0.089770
50	G	59	4599	4258	0.013856	0	11	4599	44	5732	5261	0.008363	0	11	5732	0	0	0	nan	0	0	0	0.005493	0.002201	0.005493	0.002201	0.182092	0.072963
51	C	38	4598	4331	0.008774	0	11	4598	30	5729	5354	0.005603	0	11	5729	0	0	0	nan	0	0	0	0.003171	0.001753	0.003171	0.001753	0.105118	0.058112
52	A	30	4599	4429	0.006774	0	11	4599	21	5729	5475	0.003836	0	11	5729	0	0	0	nan	0	0	0	0.002938	0.001493	0.002938	0.001493	0.097394	0.049493
53	G	124	4598	4416	0.028080	0	11	4598	47	5723	5432	0.008652	0	11	5723	0	0	0	nan	0	0	0	0.019427	0.002820	0.019427	0.002820	0.644000	0.093482
54	U	85	4598	4398	0.019327	0	11	4598	124	5721	5413	0.022908	0	11	5721	0	0	0	nan	0	0	0	-0.003581	0.002937	-0.003581	0.002937	-0.118709	0.097361
55	U	108	4599	4338	0.024896	0	11	4599	151	5721	5354	0.028203	0	11	5721	0	0	0	nan	0	0	0	-0.003307	0.003318	-0.003307	0.003318	-0.109626	0.109991
56	C	61	4598	4327	0.014098	0	11	4598	56	5720	5337	0.010493	0	11	5720	0	0	0	nan	0	0	0	0.003605	0.002286	0.003605	0.002286	0.119505	0.075780
57	G	20	4597	4290	0.004662	0	11	4597	28	5720	5367	0.005217	0	11	5720	0	0	0	nan	0	0	0	-0.000555	0.001435	-0.000555	0.001435	-0.018398	0.047570
58	A	2406	4597	4306	0.558755	0	11	4597	12	5720	5378	0.002231	0	11	5720	0	0	0	nan	0	0	0	0.556524	0.011410	0.556524	0.011410	18.448630	0.378239
59	A	56	4595	4320	0.012963	0	11	4595	50	5717	5376	0.009301	0	11	5717	0	0	0	nan	0	0	0	0.003662	0.002175	0.003662	0.002175	0.121394	0.072101
60	U	49	4593	4316	0.011353	0	11	4593	69	5716	5268	0.013098	0	11	5716	0	0	0	nan	0	0	0	-0.001745	0.002262	-0.001745	0.002262	-0.057846	0.074985
61	C	22	4587	3947	0.005574	0	11	4587	25	5713	4627	0.005403	0	11	5713	0	0	0	nan	0	0	0	0.000171	0.001606	0.000171	0.001606	0.005669	0.053238
62	U	11	4584	3911	0.002813	0	11	4584	17	5707	4563	0.003726	0	10	5707	0	0	0	nan	0	0	0	-0.000913	0.001239	-0.000913	0.001239	-0.030266	0.041073
63	G	66	4583	3862	0.017090	0	11	4583	55	5707	4541	0.012112	0	10	5707	0	0	0	nan	0	0	0	0.004978	0.002663	0.004978	0.002663	0.165019	0.088278
64	C	24	4579	4111	0.005838	0	11	4579	35	5706	5066	0.006909	0	10	5706	0	0	0	nan	0	0	0	-0.001071	0.001668	-0.001071	0.001668	-0.035503	0.055294
65	C	34	4578	4156	0.008181	0	11	4578	26	5704	5157	0.005042	0	10	5704	0	0	0	nan	0	0	0	0.003139	0.001716	0.003139	0.001716	0.104057	0.056885
66	U	24	4577	4261	0.005632	0	11	4577	22	5703	5292	0.004157	0	10	5703	0	0	0	nan	0	0	0	0.001475	0.001452	0.001475	0.001452	0.048896	0.048133
67	A	12	4575	4360	0.002752	0	11	4575	12	5703	5424	0.002212	0	10	5703	0	0	0	nan	0	0	0	0.000540	0.001019	0.000540	0.001019	0.017901	0.033780
68	U	57	4574	4373	0.013035	0	11	4574	54	5701	5431	0.009943	0	10	5701	0	0	0	nan	0	0	0	0.003092	0.002194	0.003092	0.002194	0.102499	0.072731
69	C	26	4573	4340	0.005991	0	11	4573	10	5698	5396	0.001853	0	10	5698	0	0	0	nan	0	0	0	0.004138	0.001313	0.004138	0.001313	0.137174	0.043526
70	A	43	4573	4306	0.009986	0	11	4573	5	5698	5363	0.000932	0	10	5698	0	0	0	nan	0	0	0	0.009054	0.001579	0.009054	0.001579	0.300138	0.052343
71	G	201	4568	4266	0.047117	0	11	4568	55	5694	5308	0.010362	0	10	5694	0	0	0	nan	0	0	0	0.036755	0.003605	0.036755	0.003605	1.218419	0.119505
72	C	34	4568	4130	0.008232	0	11	4568	46	5692	5118	0.008988	0	10	5692	0	0	0	nan	0	0	0	-0.000755	0.001936	-0.000755	0.001936	-0.025028	0.064178
73	A	182	4560	4146	0.043898	0	11	4560	27	5689	5145	0.005248	0	10	5689	0	0	0	nan	0	0	0	0.038650	0.003407	0.038650	0.003407	1.281238	0.112941
74	C	195	4551	4111	0.047434	0	11	4551	18	5683	5083	0.003541	0	10	5683	0	0	0	nan	0	0	0	0.043892	0.003498	0.043892	0.003498	1.455009	0.115958
75	C	175	4545	4028	0.043446	0	11	4545	7	5678	5176	0.001352	0	10	5678	0	0	0	nan	0	0	0	0.042093	0.003324	0.042093	0.003324	1.395372	0.110190
76	A	0	4375	0	nan	0	11	4375	0	5612	0	nan	0	10	5612	0	0	0	nan	0	0	0	nan	nan	nan	nan	nan	nan