Nucleotide	Sequence	Modified_mutations	Modified_read_depth	Modified_effective_depth	Modified_rate	Modified_off_target_mapped_depth	Modified_low_mapq_mapped_depth	Modified_mapped_depth	Untreated_mutations	Untreated_read_depth	Untreated_effective_depth	Untreated_rate	Untreated_off_target_mapped_depth	Untreated_low_mapq_mapped_depth	Untreated_mapped_depth	Denatured_mutations	Denatured_read_depth	Denatured_effective_depth	Denatured_rate	Denatured_off_target_mapped_depth	Denatured_low_mapq_mapped_depth	Denatured_mapped_depth	Reactivity_profile	Std_err	HQ_profile	HQ_stderr	Norm_profile	Norm_stderr
1	G	0	7500	7134	0.000000	0	14	7500	0	7623	7241	0.000000	0	20	7623	0	0	0	nan	0	0	0	0.000000	0.000000	0.000000	0.000000	0.000000	0.000000
2	G	0	7899	7341	0.000000	0	16	7899	0	7797	7197	0.000000	0	20	7797	0	0	0	nan	0	0	0	0.000000	0.000000	0.000000	0.000000	0.000000	0.000000
3	G	97	8113	7531	0.012880	0	17	8113	63	7869	7226	0.008719	0	20	7869	0	0	0	nan	0	0	0	0.004162	0.001708	0.004162	0.001708	0.097283	0.039923
4	G	488	8140	7638	0.063891	0	18	8140	67	7879	7328	0.009143	0	21	7879	0	0	0	nan	0	0	0	0.054748	0.003100	0.054748	0.003100	1.279680	0.072459
5	C	103	8198	7813	0.013183	0	18	8198	79	7895	7509	0.010521	0	21	7895	0	0	0	nan	0	0	0	0.002662	0.001757	0.002662	0.001757	0.062222	0.041068
6	U	25	8371	8133	0.003074	0	18	8371	35	7960	7763	0.004509	0	22	7960	0	0	0	nan	0	0	0	-0.001435	0.000979	-0.001435	0.000979	-0.033542	0.022883
7	A	43	8538	8278	0.005194	0	18	8538	30	8061	7851	0.003821	0	22	8061	0	0	0	nan	0	0	0	0.001373	0.001056	0.001373	0.001056	0.032093	0.024683
8	U	995	8888	8619	0.115443	0	18	8888	581	8194	8030	0.072354	0	22	8194	0	0	0	nan	0	0	0	0.043089	0.004733	nan	nan	nan	nan
9	A	500	9142	8841	0.056555	0	18	9142	15	8345	8106	0.001850	0	22	8345	0	0	0	nan	0	0	0	0.054704	0.002574	0.054704	0.002574	1.278652	0.060165
10	G	180	9773	9456	0.019036	0	18	9773	108	8368	8130	0.013284	0	22	8368	0	0	0	nan	0	0	0	0.005751	0.001910	0.005751	0.001910	0.134424	0.044644
11	C	65	9874	9550	0.006806	0	18	9874	50	8400	8126	0.006153	0	22	8400	0	0	0	nan	0	0	0	0.000653	0.001212	0.000653	0.001212	0.015263	0.028329
12	U	109	9970	9623	0.011327	0	18	9970	76	8554	8269	0.009191	0	22	8554	0	0	0	nan	0	0	0	0.002136	0.001513	0.002136	0.001513	0.049927	0.035365
13	C	73	9994	9612	0.007595	0	18	9994	32	8580	8267	0.003871	0	22	8580	0	0	0	nan	0	0	0	0.003724	0.001122	0.003724	0.001122	0.087045	0.026226
14	A	216	10050	9612	0.022472	0	18	10050	11	8621	8300	0.001325	0	22	8621	0	0	0	nan	0	0	0	0.021147	0.001580	0.021147	0.001580	0.494290	0.036931
15	G	171	10094	9687	0.017653	0	18	10094	77	8625	8325	0.009249	0	22	8625	0	0	0	nan	0	0	0	0.008403	0.001713	0.008403	0.001713	0.196412	0.040040
16	C	435	10198	9767	0.044538	0	18	10198	110	8689	8381	0.013125	0	22	8689	0	0	0	nan	0	0	0	0.031413	0.002475	0.031413	0.002475	0.734248	0.057851
17	U	130	10272	9823	0.013234	0	18	10272	162	8726	8397	0.019293	0	22	8726	0	0	0	nan	0	0	0	-0.006058	0.001909	-0.006058	0.001909	-0.141600	0.044621
18	G	259	10316	9810	0.026402	0	18	10316	71	8773	8398	0.008454	0	22	8773	0	0	0	nan	0	0	0	0.017947	0.001923	0.017947	0.001923	0.419493	0.044948
19	G	305	10417	9911	0.030774	0	18	10417	186	8818	8400	0.022143	0	22	8818	0	0	0	nan	0	0	0	0.008631	0.002396	0.008631	0.002396	0.201741	0.056004
20	G	457	10452	10040	0.045518	0	18	10452	59	8838	8514	0.006930	0	22	8838	0	0	0	nan	0	0	0	0.038588	0.002312	0.038588	0.002312	0.901956	0.054041
21	A	160	10463	10106	0.015832	0	18	10463	39	8846	8565	0.004553	0	22	8846	0	0	0	nan	0	0	0	0.011279	0.001449	0.011279	0.001449	0.263635	0.033869
22	G	74	10466	9961	0.007429	0	18	10466	44	8847	8504	0.005174	0	22	8847	0	0	0	nan	0	0	0	0.002255	0.001164	0.002255	0.001164	0.052708	0.027207
23	A	104	10470	9879	0.010527	0	18	10470	29	8850	8434	0.003438	0	22	8850	0	0	0	nan	0	0	0	0.007089	0.001214	0.007089	0.001214	0.165698	0.028376
24	G	430	10472	9865	0.043588	0	16	10472	95	8850	8405	0.011303	0	20	8850	0	0	0	nan	0	0	0	0.032286	0.002401	0.032286	0.002401	0.754653	0.056121
25	C	77	10476	10006	0.007695	0	14	10476	47	8853	8445	0.005565	0	16	8853	0	0	0	nan	0	0	0	0.002130	0.001195	0.002130	0.001195	0.049787	0.027932
26	G	182	10478	10055	0.018100	0	11	10478	80	8855	8496	0.009416	0	13	8855	0	0	0	nan	0	0	0	0.008684	0.001705	0.008684	0.001705	0.202980	0.039853
27	C	103	10481	9992	0.010308	0	7	10481	47	8856	8419	0.005583	0	12	8856	0	0	0	nan	0	0	0	0.004726	0.001302	0.004726	0.001302	0.110466	0.030433
28	U	115	10490	9958	0.011549	0	5	10490	81	8873	8359	0.009690	0	11	8873	0	0	0	nan	0	0	0	0.001858	0.001523	0.001858	0.001523	0.043429	0.035599
29	U	92	10496	9875	0.009316	0	4	10496	50	8881	8261	0.006053	0	11	8881	0	0	0	nan	0	0	0	0.003264	0.001295	0.003264	0.001295	0.076293	0.030269
30	G	246	10494	9899	0.024851	0	4	10494	83	8884	8288	0.010014	0	11	8884	0	0	0	nan	0	0	0	0.014837	0.001928	0.014837	0.001928	0.346800	0.045065
31	C	70	10499	10003	0.006998	0	4	10499	27	8883	8444	0.003198	0	11	8883	0	0	0	nan	0	0	0	0.003800	0.001038	0.003800	0.001038	0.088821	0.024262
32	A	205	10504	10092	0.020313	0	4	10504	45	8890	8544	0.005267	0	11	8890	0	0	0	nan	0	0	0	0.015046	0.001621	0.015046	0.001621	0.351685	0.037889
33	U	138	10504	10010	0.013786	0	4	10504	90	8889	8514	0.010571	0	11	8889	0	0	0	nan	0	0	0	0.003215	0.001618	0.003215	0.001618	0.075147	0.037819
34	G	474	10504	9856	0.048093	0	4	10504	85	8884	8380	0.010143	0	11	8884	0	0	0	nan	0	0	0	0.037949	0.002468	0.037949	0.002468	0.887020	0.057687
35	G	500	10500	9852	0.050751	0	4	10500	105	8879	8358	0.012563	0	10	8879	0	0	0	nan	0	0	0	0.038188	0.002580	0.038188	0.002580	0.892606	0.060305
36	C	623	10505	9855	0.063217	0	4	10505	42	8880	8367	0.005020	0	10	8880	0	0	0	nan	0	0	0	0.058197	0.002649	0.058197	0.002649	1.360297	0.061918
37	A	1143	10513	9921	0.115210	0	4	10513	42	8882	8372	0.005017	0	10	8882	0	0	0	nan	0	0	0	0.110193	0.003495	0.110193	0.003495	2.575652	0.081692
38	U	74	10523	9899	0.007476	0	4	10523	49	8882	8365	0.005858	0	10	8882	0	0	0	nan	0	0	0	0.001618	0.001206	0.001618	0.001206	0.037819	0.028189
39	G	286	10525	9943	0.028764	0	4	10525	79	8882	8404	0.009400	0	10	8882	0	0	0	nan	0	0	0	0.019364	0.002003	0.019364	0.002003	0.452614	0.046818
40	C	84	10526	10086	0.008328	0	4	10526	45	8882	8519	0.005282	0	10	8882	0	0	0	nan	0	0	0	0.003046	0.001202	0.003046	0.001202	0.071197	0.028096
41	A	75	10527	10229	0.007332	0	4	10527	15	8883	8619	0.001740	0	10	8883	0	0	0	nan	0	0	0	0.005592	0.000958	0.005592	0.000958	0.130707	0.022392
42	A	120	10526	10257	0.011699	0	4	10526	46	8883	8659	0.005312	0	10	8883	0	0	0	nan	0	0	0	0.006387	0.001324	0.006387	0.001324	0.149290	0.030947
43	G	319	10526	10266	0.031073	0	4	10526	62	8882	8652	0.007166	0	10	8882	0	0	0	nan	0	0	0	0.023907	0.001963	0.023907	0.001963	0.558802	0.045883
44	A	106	10527	10187	0.010405	0	4	10527	44	8881	8597	0.005118	0	10	8881	0	0	0	nan	0	0	0	0.005287	0.001272	0.005287	0.001272	0.123578	0.029732
45	G	197	10524	9993	0.019714	0	4	10524	59	8881	8501	0.006940	0	10	8881	0	0	0	nan	0	0	0	0.012773	0.001670	0.012773	0.001670	0.298556	0.039035
46	G	1732	10522	9866	0.175552	0	4	10522	1403	8881	8347	0.168084	0	10	8881	0	0	0	nan	0	0	0	0.007468	0.006159	nan	nan	nan	nan
47	U	176	10526	9931	0.017722	0	4	10526	113	8886	8388	0.013472	0	11	8886	0	0	0	nan	0	0	0	0.004251	0.001841	0.004251	0.001841	0.099363	0.043032
48	C	66	10524	10009	0.006594	0	4	10524	32	8885	8450	0.003787	0	11	8885	0	0	0	nan	0	0	0	0.002807	0.001052	0.002807	0.001052	0.065611	0.024589
49	A	126	10526	10086	0.012493	0	4	10526	33	8886	8490	0.003887	0	11	8886	0	0	0	nan	0	0	0	0.008606	0.001302	0.008606	0.001302	0.201157	0.030433
50	G	207	10518	10100	0.020495	0	4	10518	81	8880	8505	0.009524	0	11	8880	0	0	0	nan	0	0	0	0.010971	0.001775	0.010971	0.001775	0.256436	0.041489
51	C	123	10517	10043	0.012247	0	4	10517	78	8879	8481	0.009197	0	11	8879	0	0	0	nan	0	0	0	0.003050	0.001518	0.003050	0.001518	0.071291	0.035482
52	G	222	10516	10016	0.022165	0	4	10516	55	8876	8510	0.006463	0	11	8876	0	0	0	nan	0	0	0	0.015702	0.001724	0.015702	0.001724	0.367019	0.040297
53	G	339	10510	9959	0.034040	0	4	10510	102	8871	8445	0.012078	0	11	8871	0	0	0	nan	0	0	0	0.021961	0.002202	0.021961	0.002202	0.513317	0.051470
54	U	216	10509	9836	0.021960	0	4	10509	190	8870	8427	0.022547	0	11	8870	0	0	0	nan	0	0	0	-0.000586	0.002215	-0.000586	0.002215	-0.013697	0.051773
55	U	180	10509	9900	0.018182	0	4	10509	157	8869	8454	0.018571	0	11	8869	0	0	0	nan	0	0	0	-0.000389	0.002008	-0.000389	0.002008	-0.009092	0.046935
56	C	178	10504	9908	0.017965	0	4	10504	93	8868	8468	0.010983	0	11	8868	0	0	0	nan	0	0	0	0.006983	0.001764	0.006983	0.001764	0.163221	0.041232
57	G	35	10501	9889	0.003539	0	4	10501	39	8868	8402	0.004642	0	11	8868	0	0	0	nan	0	0	0	-0.001102	0.000954	-0.001102	0.000954	-0.025758	0.022299
58	A	3847	10499	9828	0.391433	0	4	10499	49	8867	8393	0.005838	0	11	8867	0	0	0	nan	0	0	0	0.385594	0.006366	0.385594	0.006366	9.012876	0.148799
59	U	107	10496	9859	0.010853	0	4	10496	99	8866	8404	0.011780	0	11	8866	0	0	0	nan	0	0	0	-0.000927	0.001582	-0.000927	0.001582	-0.021668	0.036978
60	C	108	10495	9927	0.010879	0	4	10495	87	8865	8415	0.010339	0	11	8865	0	0	0	nan	0	0	0	0.000541	0.001525	0.000541	0.001525	0.012645	0.035645
61	C	50	10493	9930	0.005035	0	4	10493	49	8864	8376	0.005850	0	11	8864	0	0	0	nan	0	0	0	-0.000815	0.001098	-0.000815	0.001098	-0.019050	0.025665
62	C	41	10490	9873	0.004153	0	4	10490	31	8863	8296	0.003737	0	11	8863	0	0	0	nan	0	0	0	0.000416	0.000933	0.000416	0.000933	0.009724	0.021808
63	G	253	10489	9879	0.025610	0	4	10489	78	8859	8342	0.009350	0	11	8859	0	0	0	nan	0	0	0	0.016260	0.001927	0.016260	0.001927	0.380061	0.045042
64	C	89	10485	9886	0.009003	0	4	10485	98	8855	8356	0.011728	0	11	8855	0	0	0	nan	0	0	0	-0.002725	0.001521	-0.002725	0.001521	-0.063694	0.035552
65	U	174	10482	9870	0.017629	0	4	10482	166	8850	8384	0.019800	0	11	8850	0	0	0	nan	0	0	0	-0.002170	0.002037	-0.002170	0.002037	-0.050722	0.047613
66	U	37	10477	9962	0.003714	0	4	10477	60	8848	8438	0.007111	0	11	8848	0	0	0	nan	0	0	0	-0.003397	0.001103	-0.003397	0.001103	-0.079401	0.025782
67	A	47	10477	9985	0.004707	0	4	10477	5	8848	8473	0.000590	0	11	8848	0	0	0	nan	0	0	0	0.004117	0.000736	0.004117	0.000736	0.096231	0.017203
68	G	408	10477	9914	0.041154	0	4	10477	129	8846	8378	0.015397	0	11	8846	0	0	0	nan	0	0	0	0.025756	0.002447	0.025756	0.002447	0.602021	0.057196
69	C	118	10474	9875	0.011949	0	4	10474	70	8842	8307	0.008427	0	11	8842	0	0	0	nan	0	0	0	0.003523	0.001491	0.003523	0.001491	0.082347	0.034851
70	U	111	10471	9809	0.011316	0	4	10471	113	8842	8284	0.013641	0	11	8842	0	0	0	nan	0	0	0	-0.002325	0.001673	-0.002325	0.001673	-0.054345	0.039105
71	C	124	10469	9791	0.012665	0	4	10469	71	8840	8278	0.008577	0	11	8840	0	0	0	nan	0	0	0	0.004088	0.001526	0.004088	0.001526	0.095553	0.035669
72	C	78	10466	9565	0.008155	0	4	10466	69	8839	8143	0.008474	0	11	8839	0	0	0	nan	0	0	0	-0.000319	0.001376	-0.000319	0.001376	-0.007456	0.032163
73	A	580	10456	9579	0.060549	0	4	10456	81	8836	8155	0.009933	0	11	8836	0	0	0	nan	0	0	0	0.050617	0.002746	0.050617	0.002746	1.183122	0.064185
74	C	500	10442	9541	0.052405	0	4	10442	43	8832	8176	0.005259	0	11	8832	0	0	0	nan	0	0	0	0.047146	0.002477	0.047146	0.002477	1.101991	0.057897
75	C	250	10390	9278	0.026945	0	4	10390	14	8822	8114	0.001725	0	11	8822	0	0	0	nan	0	0	0	0.025220	0.001765	0.025220	0.001765	0.589492	0.041255
76	A	0	9920	0	nan	0	4	9920	0	8655	0	nan	0	11	8655	0	0	0	nan	0	0	0	nan	nan	nan	nan	nan	nan