0.000000
0.000000
0.201369
0.439424
0.850000
0.000000
0.063192
0.000000
0.850000
0.322295
0.103081
0.159059
0.476323
0.778637
0.324193
0.848473
0.313372
0.370323
0.446115
0.032723
0.850000
0.113973
0.850000
0.096152
0.850000
0.000000
0.000000
0.311972
0.381642
0.000000
0.000000
0.000000
0.000000
0.001756
0.474876
0.051873
0.000000
0.000000
0.000000
0.000000
0.194630
0.318806
0.167246
0.119929
0.000000
0.000000
0.021879
0.014689
0.000000
0.060320
0.152225
0.462607
0.000000
0.000000
0.043757
0.000000
0.850000
0.000000
0.000000
0.000000
0.000000
0.635524
0.144276
0.850000
0.012577
0.037777
0.037920
0.039106
0.043995
0.025414
0.227827
0.741572
0.822205
0.348089
0.000000
