0.000000
0.000000
0.344149
0.315599
0.850000
0.022358
0.395696
0.000000
0.207860
0.415450
0.005454
0.118426
0.000000
0.125380
0.083955
0.000000
0.386654
0.240169
0.850000
0.000000
0.010565
0.000000
0.000000
0.094741
0.014963
0.850000
0.136141
0.017273
0.179335
0.814733
0.050933
0.382404
0.000000
0.000000
0.850000
0.850000
0.850000
0.850000
0.435425
0.105797
0.115036
0.475572
0.265919
0.033439
0.364984
0.213462
0.000835
0.776527
0.100146
0.071523
0.133537
0.477563
0.000000
0.101768
0.499233
0.000000
0.850000
0.000000
0.000000
0.000000
0.000000
0.041253
0.532771
0.058599
0.063832
0.516727
0.014816
0.000000
0.056142
0.850000
0.000000
0.000000
0.811859
0.449725
0.000000
