0.000000
0.000000
0.497751
0.073257
0.000000
0.000000
0.112675
0.000000
0.552914
0.185612
0.088683
0.000000
0.040672
0.454196
0.137201
0.000000
0.000000
0.279633
0.095488
0.745972
0.000000
0.124071
0.133011
0.280006
0.850000
0.000000
0.850000
0.211099
0.118226
0.745225
0.000000
0.000000
0.000000
0.030691
0.000000
0.239575
0.028316
0.159272
0.850000
0.850000
0.000000
0.000000
0.850000
0.000000
0.203733
0.525105
0.850000
0.746346
0.000000
0.331567
0.000000
0.000000
0.013290
0.516672
0.000000
0.000000
0.125031
0.000000
0.850000
0.141364
0.000000
0.000000
0.003229
0.024579
0.468795
0.000000
0.115611
0.000000
0.224683
0.850000
0.046997
0.850000
0.151292
0.850000
0.513897
0.352650
0.000000
