0.000000
0.000000
0.141405
0.438113
0.034133
0.487225
0.600860
0.000000
0.304423
0.850000
0.012769
0.221132
0.214770
0.548340
0.347399
0.850000
0.652680
0.612907
0.850000
0.000000
0.436511
0.483684
0.850000
0.144699
0.751447
0.222485
0.550867
0.075688
0.015905
0.285991
0.068988
0.000000
0.000000
0.000000
0.169154
0.850000
0.038893
0.000000
0.503875
0.548047
0.391391
0.746574
0.129561
0.850000
0.018770
0.036615
0.000000
0.850000
0.071989
0.341038
0.850000
0.000000
0.311033
0.850000
0.450611
0.850000
0.850000
0.276652
0.083268
0.000000
0.491196
0.112190
0.143639
0.000970
0.201550
0.097910
0.225711
0.185938
0.193270
0.532526
0.000000
0.000000
0.211296
0.000000
0.850000
0.000000
0.000000
0.000000
0.000000
0.009520
0.007039
0.445535
0.017100
0.009114
0.008325
0.060686
0.052858
0.176937
0.407657
0.850000
0.616606
0.850000
0.000000
