Nucleotide	Sequence	Modified_mutations	Modified_read_depth	Modified_effective_depth	Modified_rate	Modified_off_target_mapped_depth	Modified_low_mapq_mapped_depth	Modified_mapped_depth	Untreated_mutations	Untreated_read_depth	Untreated_effective_depth	Untreated_rate	Untreated_off_target_mapped_depth	Untreated_low_mapq_mapped_depth	Untreated_mapped_depth	Denatured_mutations	Denatured_read_depth	Denatured_effective_depth	Denatured_rate	Denatured_off_target_mapped_depth	Denatured_low_mapq_mapped_depth	Denatured_mapped_depth	Reactivity_profile	Std_err	HQ_profile	HQ_stderr	Norm_profile	Norm_stderr
1	U	0	10548	10204	0.000000	0	26	10548	0	15217	14722	0.000000	0	44	15217	0	0	0	nan	0	0	0	0.000000	0.000000	0.000000	0.000000	0.000000	0.000000
2	G	0	11179	10522	0.000000	0	29	11179	0	16200	15261	0.000000	0	51	16200	0	0	0	nan	0	0	0	0.000000	0.000000	0.000000	0.000000	0.000000	0.000000
3	G	220	11923	11057	0.019897	0	31	11923	191	16613	15334	0.012456	0	51	16613	0	0	0	nan	0	0	0	0.007441	0.001616	0.007441	0.001616	0.166165	0.036087
4	G	343	12057	11067	0.030993	0	31	12057	197	16684	15348	0.012836	0	51	16684	0	0	0	nan	0	0	0	0.018157	0.001907	0.018157	0.001907	0.405463	0.042585
5	G	989	12140	11301	0.087514	0	31	12140	163	16723	15491	0.010522	0	51	16723	0	0	0	nan	0	0	0	0.076992	0.002902	0.076992	0.002902	1.719306	0.064804
6	U	115	12445	11818	0.009731	0	32	12445	92	16921	16066	0.005726	0	52	16921	0	0	0	nan	0	0	0	0.004005	0.001086	0.004005	0.001086	0.089436	0.024251
7	A	59	12731	12223	0.004827	0	32	12731	49	17257	16576	0.002956	0	52	17257	0	0	0	nan	0	0	0	0.001871	0.000757	0.001871	0.000757	0.041781	0.016905
8	U	2570	13339	12832	0.200281	0	34	13339	2468	17924	17386	0.141953	0	53	17924	0	0	0	nan	0	0	0	0.058327	0.004876	nan	nan	nan	nan
9	C	648	13794	13192	0.049121	0	34	13794	84	18460	17674	0.004753	0	53	18460	0	0	0	nan	0	0	0	0.044368	0.001998	0.044368	0.001998	0.990780	0.044617
10	G	440	14170	13616	0.032315	0	34	14170	283	18536	17847	0.015857	0	53	18536	0	0	0	nan	0	0	0	0.016458	0.001806	0.016458	0.001806	0.367523	0.040330
11	C	199	14322	13639	0.014591	0	34	14322	142	18655	17794	0.007980	0	53	18655	0	0	0	nan	0	0	0	0.006610	0.001232	0.006610	0.001232	0.147608	0.027512
12	C	130	14408	13861	0.009379	0	34	14408	71	18773	18103	0.003922	0	53	18773	0	0	0	nan	0	0	0	0.005457	0.000945	0.005457	0.000945	0.121860	0.021103
13	A	347	14551	13756	0.025225	0	34	14551	29	18995	18005	0.001611	0	53	18995	0	0	0	nan	0	0	0	0.023615	0.001387	0.023615	0.001387	0.527346	0.030973
14	A	534	14635	13793	0.038715	0	34	14635	75	19035	17959	0.004176	0	53	19035	0	0	0	nan	0	0	0	0.034539	0.001743	0.034539	0.001743	0.771289	0.038923
15	G	303	14903	14089	0.021506	0	34	14903	172	19081	18044	0.009532	0	53	19081	0	0	0	nan	0	0	0	0.011974	0.001433	0.011974	0.001433	0.267391	0.032000
16	C	747	14962	14294	0.052260	0	34	14962	261	19172	18294	0.014267	0	53	19172	0	0	0	nan	0	0	0	0.037993	0.002106	0.037993	0.002106	0.848421	0.047029
17	G	382	15030	14324	0.026669	0	34	15030	251	19197	18317	0.013703	0	53	19197	0	0	0	nan	0	0	0	0.012965	0.001616	0.012965	0.001616	0.289521	0.036087
18	G	292	15065	14334	0.020371	0	34	15065	143	19241	18305	0.007812	0	53	19241	0	0	0	nan	0	0	0	0.012559	0.001359	0.012559	0.001359	0.280455	0.030348
19	U	546	15217	14641	0.037293	0	34	15217	370	19324	18598	0.019895	0	53	19324	0	0	0	nan	0	0	0	0.017398	0.001902	0.017398	0.001902	0.388514	0.042474
20	A	47	15375	14819	0.003172	0	34	15375	21	19381	18700	0.001123	0	53	19381	0	0	0	nan	0	0	0	0.002049	0.000524	0.002049	0.000524	0.045756	0.011701
21	A	1532	15435	14847	0.103186	0	34	15435	72	19402	18682	0.003854	0	53	19402	0	0	0	nan	0	0	0	0.099332	0.002675	0.099332	0.002675	2.218180	0.059735
22	G	205	15812	14852	0.013803	0	34	15812	178	19418	18312	0.009720	0	53	19418	0	0	0	nan	0	0	0	0.004082	0.001208	0.004082	0.001208	0.091155	0.026976
23	G	1942	15826	14944	0.129952	0	34	15826	182	19420	18414	0.009884	0	53	19420	0	0	0	nan	0	0	0	0.120068	0.003039	0.120068	0.003039	2.681235	0.067864
24	C	102	15915	14602	0.006985	0	34	15915	78	19426	17934	0.004349	0	51	19426	0	0	0	nan	0	0	0	0.002636	0.000849	0.002636	0.000849	0.058864	0.018959
25	A	2282	15926	14789	0.154304	0	29	15926	179	19447	18124	0.009876	0	41	19447	0	0	0	nan	0	0	0	0.144427	0.003313	0.144427	0.003313	3.225195	0.073983
26	C	193	15973	14661	0.013164	0	24	15973	236	19457	17886	0.013195	0	34	19457	0	0	0	nan	0	0	0	-0.000031	0.001279	-0.000031	0.001279	-0.000692	0.028561
27	C	110	15979	14938	0.007364	0	20	15979	140	19465	18214	0.007686	0	29	19465	0	0	0	nan	0	0	0	-0.000323	0.000957	-0.000323	0.000957	-0.007213	0.021371
28	G	393	15982	14831	0.026499	0	14	15982	295	19474	18061	0.016334	0	17	19474	0	0	0	nan	0	0	0	0.010165	0.001640	0.010165	0.001640	0.226994	0.036623
29	G	418	15984	14987	0.027891	0	8	15984	77	19477	18266	0.004215	0	11	19477	0	0	0	nan	0	0	0	0.023675	0.001446	0.023675	0.001446	0.528686	0.032291
30	A	173	15988	15024	0.011515	0	7	15988	193	19487	18370	0.010506	0	6	19487	0	0	0	nan	0	0	0	0.001009	0.001157	0.001009	0.001157	0.022532	0.025837
31	U	674	16007	15191	0.044368	0	7	16007	975	19510	18591	0.052445	0	5	19510	0	0	0	nan	0	0	0	-0.008076	0.002396	nan	nan	nan	nan
32	U	209	16024	15219	0.013733	0	7	16024	302	19542	18615	0.016223	0	5	19542	0	0	0	nan	0	0	0	-0.002491	0.001332	-0.002491	0.001332	-0.055626	0.029745
33	C	729	16035	15368	0.047436	0	7	16035	209	19554	18756	0.011143	0	5	19554	0	0	0	nan	0	0	0	0.036293	0.001919	0.036293	0.001919	0.810458	0.042853
34	U	210	16065	15277	0.013746	0	7	16065	303	19586	18656	0.016241	0	4	19586	0	0	0	nan	0	0	0	-0.002495	0.001331	-0.002495	0.001331	-0.055716	0.029723
35	G	483	16067	15258	0.031656	0	7	16067	215	19585	18573	0.011576	0	5	19585	0	0	0	nan	0	0	0	0.020080	0.001643	0.020080	0.001643	0.448406	0.036690
36	A	349	16073	15192	0.022973	0	7	16073	527	19588	18468	0.028536	0	5	19588	0	0	0	nan	0	0	0	-0.005563	0.001749	-0.005563	0.001749	-0.124227	0.039057
37	U	158	16077	15137	0.010438	0	7	16077	358	19589	18439	0.019415	0	5	19589	0	0	0	nan	0	0	0	-0.008977	0.001320	-0.008977	0.001320	-0.200465	0.029477
38	U	225	16070	14983	0.015017	0	7	16070	416	19581	18247	0.022798	0	5	19581	0	0	0	nan	0	0	0	-0.007781	0.001501	-0.007781	0.001501	-0.173757	0.033519
39	C	100	16071	14819	0.006748	0	7	16071	173	19582	18046	0.009587	0	5	19582	0	0	0	nan	0	0	0	-0.002839	0.000993	-0.002839	0.000993	-0.063398	0.022175
40	C	75	16074	14848	0.005051	0	7	16074	120	19604	18067	0.006642	0	5	19604	0	0	0	nan	0	0	0	-0.001591	0.000841	-0.001591	0.000841	-0.035529	0.018780
41	G	199	16074	14726	0.013514	0	7	16074	145	19602	17995	0.008058	0	5	19602	0	0	0	nan	0	0	0	0.005456	0.001169	0.005456	0.001169	0.121838	0.026105
42	G	489	16070	14939	0.032733	0	7	16070	267	19597	18256	0.014625	0	5	19597	0	0	0	nan	0	0	0	0.018108	0.001730	0.018108	0.001730	0.404369	0.038633
43	C	188	16071	15134	0.012422	0	7	16071	61	19597	18546	0.003289	0	5	19597	0	0	0	nan	0	0	0	0.009133	0.000999	0.009133	0.000999	0.203949	0.022309
44	A	115	16074	15459	0.007439	0	7	16074	103	19601	18923	0.005443	0	5	19601	0	0	0	nan	0	0	0	0.001996	0.000877	0.001996	0.000877	0.044573	0.019584
45	U	149	16081	15268	0.009759	0	7	16081	209	19602	18716	0.011167	0	5	19602	0	0	0	nan	0	0	0	-0.001408	0.001112	-0.001408	0.001112	-0.031442	0.024832
46	U	191	16081	15269	0.012509	0	7	16081	291	19607	18713	0.015551	0	6	19607	0	0	0	nan	0	0	0	-0.003042	0.001285	-0.003042	0.001285	-0.067931	0.028695
47	C	199	16078	15104	0.013175	0	7	16078	199	19600	18533	0.010738	0	6	19600	0	0	0	nan	0	0	0	0.002438	0.001205	0.002438	0.001205	0.054443	0.026909
48	C	204	16067	14900	0.013691	0	7	16067	139	19592	18238	0.007621	0	6	19592	0	0	0	nan	0	0	0	0.006070	0.001156	0.006070	0.001156	0.135549	0.025815
49	G	178	16062	14644	0.012155	0	7	16062	84	19582	17544	0.004788	0	6	19582	0	0	0	nan	0	0	0	0.007367	0.001050	0.007367	0.001050	0.164512	0.023448
50	A	181	16059	14700	0.012313	0	7	16059	77	19574	17526	0.004393	0	6	19574	0	0	0	nan	0	0	0	0.007919	0.001043	0.007919	0.001043	0.176839	0.023291
51	G	524	16056	14821	0.035355	0	7	16056	187	19567	17739	0.010542	0	6	19567	0	0	0	nan	0	0	0	0.024813	0.001726	0.024813	0.001726	0.554098	0.038543
52	G	439	16049	15052	0.029166	0	7	16049	196	19558	18370	0.010670	0	6	19558	0	0	0	nan	0	0	0	0.018496	0.001587	0.018496	0.001587	0.413034	0.035439
53	U	281	16040	15115	0.018591	0	7	16040	440	19560	18474	0.023817	0	6	19560	0	0	0	nan	0	0	0	-0.005226	0.001587	-0.005226	0.001587	-0.116702	0.035439
54	U	324	16036	15257	0.021236	0	7	16036	389	19557	18713	0.020788	0	6	19557	0	0	0	nan	0	0	0	0.000448	0.001582	0.000448	0.001582	0.010004	0.035328
55	C	248	16032	15078	0.016448	0	7	16032	183	19550	18462	0.009912	0	6	19550	0	0	0	nan	0	0	0	0.006536	0.001276	0.006536	0.001276	0.145955	0.028494
56	G	36	16021	14938	0.002410	0	7	16021	96	19545	18531	0.005181	0	6	19545	0	0	0	nan	0	0	0	-0.002771	0.000664	-0.002771	0.000664	-0.061879	0.014828
57	A	10160	16019	14698	0.691251	0	7	16019	40	19542	17843	0.002242	0	6	19542	0	0	0	nan	0	0	0	0.689009	0.006867	0.689009	0.006867	15.386240	0.153347
58	A	161	16014	14872	0.010826	0	7	16014	157	19525	18029	0.008708	0	6	19525	0	0	0	nan	0	0	0	0.002118	0.001100	0.002118	0.001100	0.047297	0.024564
59	U	118	16011	14919	0.007909	0	7	16011	196	19521	17859	0.010975	0	6	19521	0	0	0	nan	0	0	0	-0.003065	0.001070	-0.003065	0.001070	-0.068444	0.023894
60	C	54	16010	14711	0.003671	0	7	16010	94	19512	17966	0.005232	0	6	19512	0	0	0	nan	0	0	0	-0.001561	0.000735	-0.001561	0.000735	-0.034859	0.016413
61	C	61	16001	14683	0.004154	0	7	16001	74	19493	17926	0.004128	0	6	19493	0	0	0	nan	0	0	0	0.000026	0.000716	0.000026	0.000716	0.000581	0.015989
62	U	125	15996	14767	0.008465	0	7	15996	182	19487	17905	0.010165	0	6	19487	0	0	0	nan	0	0	0	-0.001700	0.001068	-0.001700	0.001068	-0.037963	0.023849
63	C	115	15992	15005	0.007664	0	7	15992	155	19472	18144	0.008543	0	6	19472	0	0	0	nan	0	0	0	-0.000879	0.000991	-0.000879	0.000991	-0.019629	0.022130
64	G	887	15972	14873	0.059638	0	7	15972	160	19438	17937	0.008920	0	6	19438	0	0	0	nan	0	0	0	0.050718	0.002123	0.050718	0.002123	1.132582	0.047409
65	U	72	15963	13774	0.005227	0	7	15963	97	19429	16703	0.005807	0	6	19429	0	0	0	nan	0	0	0	-0.000580	0.000853	-0.000580	0.000853	-0.012952	0.019048
66	A	72	15945	13886	0.005185	0	7	15945	71	19422	16905	0.004200	0	6	19422	0	0	0	nan	0	0	0	0.000985	0.000789	0.000985	0.000789	0.021996	0.017619
67	C	130	15941	13059	0.009955	0	7	15941	145	19419	16033	0.009044	0	6	19419	0	0	0	nan	0	0	0	0.000911	0.001152	0.000911	0.001152	0.020344	0.025725
68	C	113	15927	13775	0.008203	0	7	15927	137	19406	16887	0.008113	0	6	19406	0	0	0	nan	0	0	0	0.000091	0.001037	0.000091	0.001037	0.002032	0.023157
69	C	139	15924	13473	0.010317	0	7	15924	142	19394	16491	0.008611	0	6	19394	0	0	0	nan	0	0	0	0.001706	0.001135	0.001706	0.001135	0.038097	0.025346
70	C	126	15912	14013	0.008992	0	7	15912	118	19378	17133	0.006887	0	6	19378	0	0	0	nan	0	0	0	0.002104	0.001022	0.002104	0.001022	0.046984	0.022822
71	A	200	15907	14143	0.014141	0	7	15907	88	19376	17303	0.005086	0	6	19376	0	0	0	nan	0	0	0	0.009055	0.001137	0.009055	0.001137	0.202207	0.025390
72	G	625	15898	14294	0.043725	0	7	15898	196	19370	17560	0.011162	0	6	19370	0	0	0	nan	0	0	0	0.032563	0.001922	0.032563	0.001922	0.727163	0.042920
73	C	553	15894	14477	0.038199	0	7	15894	149	19367	17688	0.008424	0	6	19367	0	0	0	nan	0	0	0	0.029775	0.001765	0.029775	0.001765	0.664905	0.039414
74	C	203	15879	14067	0.014431	0	7	15879	27	19351	17619	0.001532	0	6	19351	0	0	0	nan	0	0	0	0.012899	0.001055	0.012899	0.001055	0.288047	0.023559
75	A	0	15258	0	nan	0	6	15258	0	19104	0	nan	0	6	19104	0	0	0	nan	0	0	0	nan	nan	nan	nan	nan	nan