Nucleotide	Sequence	Modified_mutations	Modified_read_depth	Modified_effective_depth	Modified_rate	Modified_off_target_mapped_depth	Modified_low_mapq_mapped_depth	Modified_mapped_depth	Untreated_mutations	Untreated_read_depth	Untreated_effective_depth	Untreated_rate	Untreated_off_target_mapped_depth	Untreated_low_mapq_mapped_depth	Untreated_mapped_depth	Denatured_mutations	Denatured_read_depth	Denatured_effective_depth	Denatured_rate	Denatured_off_target_mapped_depth	Denatured_low_mapq_mapped_depth	Denatured_mapped_depth	Reactivity_profile	Std_err	HQ_profile	HQ_stderr	Norm_profile	Norm_stderr
1	G	0	1533	1494	0.000000	0	9	1533	0	1366	1342	0.000000	0	6	1366	0	0	0	nan	0	0	0	0.000000	0.000000	0.000000	0.000000	0.000000	0.000000
2	C	0	1658	1579	0.000000	0	9	1658	0	1411	1358	0.000000	0	6	1411	0	0	0	nan	0	0	0	0.000000	0.000000	0.000000	0.000000	0.000000	0.000000
3	G	76	1685	1630	0.046626	0	10	1685	7	1421	1378	0.005080	0	6	1421	0	0	0	nan	0	0	0	0.041546	0.005683	0.041546	0.005683	0.847341	0.115906
4	A	27	1722	1667	0.016197	0	10	1722	8	1428	1379	0.005801	0	6	1428	0	0	0	nan	0	0	0	0.010395	0.003731	0.010395	0.003731	0.212009	0.076095
5	A	17	1741	1689	0.010065	0	10	1741	9	1428	1384	0.006503	0	6	1428	0	0	0	nan	0	0	0	0.003562	0.003265	0.003562	0.003265	0.072648	0.066591
6	G	64	1752	1649	0.038811	0	10	1752	24	1431	1351	0.017765	0	6	1431	0	0	0	nan	0	0	0	0.021047	0.006057	0.021047	0.006057	0.429259	0.123534
7	G	107	1765	1648	0.064927	0	10	1765	24	1433	1340	0.017910	0	6	1433	0	0	0	nan	0	0	0	0.047017	0.007264	0.047017	0.007264	0.958924	0.148151
8	U	24	1808	1672	0.014354	0	10	1808	41	1451	1358	0.030191	0	6	1451	0	0	0	nan	0	0	0	-0.015837	0.005551	-0.015837	0.005551	-0.323000	0.113214
9	G	30	1817	1681	0.017847	0	10	1817	16	1460	1381	0.011586	0	6	1460	0	0	0	nan	0	0	0	0.006261	0.004360	0.006261	0.004360	0.127695	0.088923
10	G	91	1849	1740	0.052299	0	11	1849	20	1493	1422	0.014065	0	6	1493	0	0	0	nan	0	0	0	0.038234	0.006320	0.038234	0.006320	0.779792	0.128898
11	C	31	1877	1789	0.017328	0	11	1877	18	1507	1447	0.012440	0	6	1507	0	0	0	nan	0	0	0	0.004889	0.004276	0.004889	0.004276	0.099712	0.087210
12	G	40	1886	1797	0.022259	0	11	1886	25	1518	1456	0.017170	0	6	1518	0	0	0	nan	0	0	0	0.005089	0.004917	0.005089	0.004917	0.103791	0.100283
13	G	31	1899	1819	0.017042	0	11	1899	18	1529	1469	0.012253	0	7	1529	0	0	0	nan	0	0	0	0.004789	0.004208	0.004789	0.004208	0.097673	0.085823
14	A	5	2031	1894	0.002640	0	11	2031	0	1700	1572	0.000000	0	10	1700	0	0	0	nan	0	0	0	0.002640	0.001181	0.002640	0.001181	0.053843	0.024087
15	A	255	2108	1969	0.129507	0	13	2108	256	1743	1611	0.158908	0	10	1743	0	0	0	nan	0	0	0	-0.029400	0.012822	nan	nan	nan	nan
16	U	106	10255	9764	0.010856	0	41	10255	128	11050	10569	0.012111	0	41	11050	0	0	0	nan	0	0	0	-0.001255	0.001503	-0.001255	0.001503	-0.025596	0.030654
17	U	26	11983	11295	0.002302	0	46	11983	18	12723	12066	0.001492	0	45	12723	0	0	0	nan	0	0	0	0.000810	0.000572	0.000810	0.000572	0.016520	0.011666
18	G	182	12492	11741	0.015501	0	47	12492	254	13484	12702	0.019997	0	49	13484	0	0	0	nan	0	0	0	-0.004496	0.001701	-0.004496	0.001701	-0.091697	0.034692
19	G	409	13002	12345	0.033131	0	47	13002	149	13763	13048	0.011419	0	51	13763	0	0	0	nan	0	0	0	0.021711	0.001887	0.021711	0.001887	0.442801	0.038486
20	U	143	13748	13224	0.010814	0	50	13748	200	13897	13338	0.014995	0	52	13897	0	0	0	nan	0	0	0	-0.004181	0.001394	-0.004181	0.001394	-0.085273	0.028431
21	A	69	13842	13401	0.005149	0	51	13842	57	13953	13516	0.004217	0	52	13953	0	0	0	nan	0	0	0	0.000932	0.000834	0.000932	0.000834	0.019008	0.017010
22	G	176	13988	13385	0.013149	0	51	13988	59	13992	13413	0.004399	0	53	13992	0	0	0	nan	0	0	0	0.008750	0.001145	0.008750	0.001145	0.178459	0.023353
23	A	2125	14055	13445	0.158051	0	51	14055	78	14055	13441	0.005803	0	53	14055	0	0	0	nan	0	0	0	0.152248	0.003491	0.152248	0.003491	3.105138	0.071200
24	C	141	14186	13562	0.010397	0	52	14186	108	14071	13488	0.008007	0	53	14071	0	0	0	nan	0	0	0	0.002390	0.001166	0.002390	0.001166	0.048745	0.023781
25	G	295	14207	13733	0.021481	0	52	14207	115	14085	13665	0.008416	0	53	14085	0	0	0	nan	0	0	0	0.013065	0.001476	0.013065	0.001476	0.266464	0.030103
26	C	129	14247	13640	0.009457	0	52	14247	98	14111	13585	0.007214	0	53	14111	0	0	0	nan	0	0	0	0.002244	0.001107	0.002244	0.001107	0.045767	0.022578
27	G	306	14255	13716	0.022310	0	52	14255	141	14127	13656	0.010325	0	53	14127	0	0	0	nan	0	0	0	0.011985	0.001544	0.011985	0.001544	0.244437	0.031490
28	C	204	14273	13672	0.014921	0	52	14273	183	14160	13658	0.013399	0	52	14160	0	0	0	nan	0	0	0	0.001522	0.001440	0.001522	0.001440	0.031042	0.029369
29	U	124	14326	13903	0.008919	0	52	14326	111	14275	13928	0.007970	0	52	14275	0	0	0	nan	0	0	0	0.000949	0.001102	0.000949	0.001102	0.019355	0.022476
30	A	90	14345	13883	0.006483	0	52	14345	31	14334	13951	0.002222	0	52	14334	0	0	0	nan	0	0	0	0.004261	0.000791	0.004261	0.000791	0.086904	0.016133
31	G	484	14356	13922	0.034765	0	52	14356	154	14342	13964	0.011028	0	52	14342	0	0	0	nan	0	0	0	0.023737	0.001813	0.023737	0.001813	0.484122	0.036977
32	C	170	14366	13809	0.012311	0	52	14366	142	14354	13861	0.010245	0	52	14354	0	0	0	nan	0	0	0	0.002066	0.001277	0.002066	0.001277	0.042137	0.026045
33	U	179	14393	13851	0.012923	0	51	14393	186	14408	13950	0.013333	0	52	14408	0	0	0	nan	0	0	0	-0.000410	0.001374	-0.000410	0.001374	-0.008362	0.028023
34	U	199	14421	13910	0.014306	0	51	14421	209	14543	14133	0.014788	0	52	14543	0	0	0	nan	0	0	0	-0.000482	0.001440	-0.000482	0.001440	-0.009831	0.029369
35	C	973	14437	14057	0.069218	0	50	14437	65	14603	14305	0.004544	0	52	14603	0	0	0	nan	0	0	0	0.064674	0.002289	0.064674	0.002289	1.319043	0.046685
36	A	377	14465	14076	0.026783	0	50	14465	335	14631	14287	0.023448	0	52	14631	0	0	0	nan	0	0	0	0.003335	0.001883	0.003335	0.001883	0.068018	0.038404
37	G	244	14474	13868	0.017594	0	48	14474	70	14642	14123	0.004956	0	51	14642	0	0	0	nan	0	0	0	0.012638	0.001273	0.012638	0.001273	0.257755	0.025963
38	G	5654	14477	13599	0.415766	0	46	14477	5827	14644	13742	0.424029	0	51	14644	0	0	0	nan	0	0	0	-0.008263	0.007838	nan	nan	nan	nan
39	U	244	14526	13688	0.017826	0	46	14526	359	14703	13957	0.025722	0	51	14703	0	0	0	nan	0	0	0	-0.007896	0.001773	-0.007896	0.001773	-0.161041	0.036161
40	G	179	14536	13747	0.013021	0	46	14536	46	14726	14017	0.003282	0	51	14726	0	0	0	nan	0	0	0	0.009739	0.001087	0.009739	0.001087	0.198629	0.022170
41	U	287	14560	13833	0.020747	0	46	14560	303	14754	14043	0.021577	0	51	14754	0	0	0	nan	0	0	0	-0.000829	0.001743	-0.000829	0.001743	-0.016908	0.035549
42	U	81	14573	13832	0.005856	0	41	14573	69	14765	14078	0.004901	0	47	14765	0	0	0	nan	0	0	0	0.000955	0.000878	0.000955	0.000878	0.019477	0.017907
43	A	134	14575	13812	0.009702	0	41	14575	43	14771	14081	0.003054	0	45	14771	0	0	0	nan	0	0	0	0.006648	0.000959	0.006648	0.000959	0.135588	0.019559
44	G	558	14576	13332	0.041854	0	38	14576	100	14771	13605	0.007350	0	40	14771	0	0	0	nan	0	0	0	0.034504	0.001918	0.034504	0.001918	0.703718	0.039118
45	U	99	14576	13327	0.007429	0	37	14576	124	14773	13552	0.009150	0	37	14773	0	0	0	nan	0	0	0	-0.001721	0.001110	-0.001721	0.001110	-0.035100	0.022639
46	G	205	14576	13262	0.015458	0	30	14576	61	14774	13450	0.004535	0	33	14774	0	0	0	nan	0	0	0	0.010922	0.001226	0.010922	0.001226	0.222757	0.025005
47	U	119	14576	13630	0.008731	0	26	14576	142	14775	13854	0.010250	0	30	14775	0	0	0	nan	0	0	0	-0.001519	0.001175	-0.001519	0.001175	-0.030980	0.023964
48	C	0	14576	13486	0.000000	0	26	14576	0	14775	13718	0.000000	0	29	14775	0	0	0	nan	0	0	0	0.000000	0.000000	0.000000	0.000000	0.000000	0.000000
49	C	85	14572	13635	0.006234	0	26	14572	36	14772	13896	0.002591	0	28	14772	0	0	0	nan	0	0	0	0.003643	0.000802	0.003643	0.000802	0.074300	0.016357
50	U	143	14570	13638	0.010485	0	26	14570	96	14771	13859	0.006927	0	27	14771	0	0	0	nan	0	0	0	0.003559	0.001126	0.003559	0.001126	0.072587	0.022965
51	U	136	14565	14030	0.009694	0	26	14565	79	14767	14229	0.005552	0	27	14767	0	0	0	nan	0	0	0	0.004141	0.001040	0.004141	0.001040	0.084457	0.021211
52	A	796	14564	14053	0.056643	0	26	14564	76	14760	14282	0.005321	0	27	14760	0	0	0	nan	0	0	0	0.051321	0.002098	0.051321	0.002098	1.046705	0.042789
53	C	955	14561	13898	0.068715	0	27	14561	105	14755	14182	0.007404	0	27	14755	0	0	0	nan	0	0	0	0.061311	0.002338	0.061311	0.002338	1.250454	0.047684
54	G	374	14555	13621	0.027458	0	27	14555	170	14747	13944	0.012192	0	27	14747	0	0	0	nan	0	0	0	0.015266	0.001700	0.015266	0.001700	0.311354	0.034672
55	G	786	14553	13299	0.059102	0	27	14553	58	14742	13525	0.004288	0	27	14742	0	0	0	nan	0	0	0	0.054814	0.002182	0.054814	0.002182	1.117946	0.044502
56	A	145	14549	13460	0.010773	0	27	14549	68	14739	13655	0.004980	0	27	14739	0	0	0	nan	0	0	0	0.005793	0.001079	0.005793	0.001079	0.118150	0.022006
57	C	102	14540	13597	0.007502	0	27	14540	129	14732	13839	0.009321	0	27	14732	0	0	0	nan	0	0	0	-0.001820	0.001107	-0.001820	0.001107	-0.037119	0.022578
58	G	409	14531	13692	0.029871	0	29	14531	118	14725	14000	0.008429	0	27	14725	0	0	0	nan	0	0	0	0.021443	0.001668	0.021443	0.001668	0.437336	0.034019
59	U	258	14520	13548	0.019043	0	30	14520	219	14716	13860	0.015801	0	27	14716	0	0	0	nan	0	0	0	0.003243	0.001596	0.003243	0.001596	0.066142	0.032551
60	G	294	14511	13453	0.021854	0	30	14511	151	14705	13752	0.010980	0	27	14705	0	0	0	nan	0	0	0	0.010874	0.001557	0.010874	0.001557	0.221778	0.031755
61	G	160	14482	13472	0.011876	0	31	14482	136	14668	13722	0.009911	0	28	14668	0	0	0	nan	0	0	0	0.001965	0.001266	0.001965	0.001266	0.040077	0.025820
62	G	171	14450	13440	0.012723	0	31	14450	127	14627	13662	0.009296	0	28	14627	0	0	0	nan	0	0	0	0.003427	0.001276	0.003427	0.001276	0.069895	0.026024
63	G	207	14345	12007	0.017240	0	31	14345	126	14498	11630	0.010834	0	28	14498	0	0	0	nan	0	0	0	0.006406	0.001539	0.006406	0.001539	0.130652	0.031388
64	G	437	12872	5701	0.076653	0	31	12872	63	12252	3138	0.020076	0	25	12252	0	0	0	nan	0	0	0	0.056577	0.004455	0.056577	0.004455	1.153903	0.090861
65	U	65	9333	5309	0.012243	0	28	9333	24	7787	2752	0.008721	0	18	7787	0	0	0	nan	0	0	0	0.003522	0.002340	0.003522	0.002340	0.071832	0.047725
66	U	78	8902	2799	0.027867	0	28	8902	45	7367	1073	0.041938	0	17	7367	0	0	0	nan	0	0	0	-0.014071	0.007003	-0.014071	0.007003	-0.286982	0.142828
67	C	135	7177	2393	0.056415	0	26	7177	11	4461	996	0.011044	0	12	4461	0	0	0	nan	0	0	0	0.045370	0.005888	0.045370	0.005888	0.925333	0.120087
68	A	20	7013	2015	0.009926	0	24	7013	16	4372	816	0.019608	0	12	4372	0	0	0	nan	0	0	0	-0.009682	0.005381	-0.009682	0.005381	-0.197467	0.109747
69	A	1665	6079	2757	0.603917	0	23	6079	10	3589	1202	0.008319	0	10	3589	0	0	0	nan	0	0	0	0.595598	0.015032	0.595598	0.015032	12.147376	0.306582
70	G	12	5759	2592	0.004630	0	21	5759	35	3314	1172	0.029863	0	10	3314	0	0	0	nan	0	0	0	-0.025234	0.005222	-0.025234	0.005222	-0.514654	0.106504
71	U	6	5592	1463	0.004101	0	21	5592	5	3267	829	0.006031	0	10	3267	0	0	0	nan	0	0	0	-0.001930	0.003175	-0.001930	0.003175	-0.039363	0.064755
72	C	38	5523	1321	0.028766	0	19	5523	22	3222	762	0.028871	0	10	3222	0	0	0	nan	0	0	0	-0.000105	0.007724	-0.000105	0.007724	-0.002142	0.157533
73	C	52	5517	1356	0.038348	0	19	5517	26	3213	789	0.032953	0	10	3213	0	0	0	nan	0	0	0	0.005395	0.008369	0.005395	0.008369	0.110032	0.170688
74	C	44	5508	2739	0.016064	0	19	5508	46	3211	1550	0.029677	0	10	3211	0	0	0	nan	0	0	0	-0.013613	0.005001	-0.013613	0.005001	-0.277641	0.101997
75	C	195	5503	3726	0.052335	0	19	5503	168	3210	2267	0.074107	0	10	3210	0	0	0	nan	0	0	0	-0.021772	0.006836	nan	nan	nan	nan
76	C	139	5468	4042	0.034389	0	19	5468	121	3193	2371	0.051033	0	10	3193	0	0	0	nan	0	0	0	-0.016644	0.005480	nan	nan	nan	nan
77	C	11	5406	3982	0.002762	0	19	5406	6	3158	2336	0.002568	0	10	3158	0	0	0	nan	0	0	0	0.000194	0.001339	0.000194	0.001339	0.003957	0.027309
78	C	17	5297	3662	0.004642	0	19	5297	3	3079	2062	0.001455	0	10	3079	0	0	0	nan	0	0	0	0.003187	0.001405	0.003187	0.001405	0.065000	0.028655
79	C	30	4926	1328	0.022590	0	18	4926	6	2734	637	0.009419	0	10	2734	0	0	0	nan	0	0	0	0.013171	0.005639	0.013171	0.005639	0.268626	0.115009
80	U	10	3918	1274	0.007849	0	14	3918	14	1871	620	0.022581	0	10	1871	0	0	0	nan	0	0	0	-0.014731	0.006525	-0.014731	0.006525	-0.300443	0.133079
81	C	11	3882	1253	0.008779	0	14	3882	15	1853	617	0.024311	0	10	1853	0	0	0	nan	0	0	0	-0.015532	0.006812	-0.015532	0.006812	-0.316779	0.138933
82	G	33	3768	1659	0.019892	0	14	3768	11	1813	841	0.013080	0	10	1813	0	0	0	nan	0	0	0	0.006812	0.005248	0.006812	0.005248	0.138933	0.107034
83	C	4	3664	458	0.008734	0	14	3664	22	1761	268	0.082090	0	10	1761	0	0	0	nan	0	0	0	-0.073356	0.018038	nan	nan	nan	nan
84	A	64	3591	459	0.139434	0	14	3591	10	1729	285	0.035088	0	10	1729	0	0	0	nan	0	0	0	0.104346	0.020661	nan	nan	nan	nan
85	C	42	3567	445	0.094382	0	14	3567	3	1723	277	0.010830	0	10	1723	0	0	0	nan	0	0	0	0.083552	0.015849	nan	nan	nan	nan
86	C	36	3529	773	0.046572	0	14	3529	0	1684	526	0.000000	0	10	1684	0	0	0	nan	0	0	0	0.046572	0.007762	0.046572	0.007762	0.949848	0.158308
87	A	0	3212	0	nan	0	14	3212	0	1578	0	nan	0	8	1578	0	0	0	nan	0	0	0	nan	nan	nan	nan	nan	nan