0.000000
0.000000
0.166165
0.405463
0.850000
0.089436
0.041781
0.000000
0.850000
0.367523
0.147608
0.121860
0.527346
0.771289
0.267391
0.848421
0.289521
0.280455
0.388514
0.045756
0.850000
0.091155
0.850000
0.058864
0.850000
0.000000
0.000000
0.226994
0.528686
0.022532
0.000000
0.000000
0.810458
0.000000
0.448406
0.000000
0.000000
0.000000
0.000000
0.000000
0.121838
0.404369
0.203949
0.044573
0.000000
0.000000
0.054443
0.135549
0.164512
0.176839
0.554098
0.413034
0.000000
0.010004
0.145955
0.000000
0.850000
0.047297
0.000000
0.000000
0.000581
0.000000
0.000000
0.850000
0.000000
0.021996
0.020344
0.002032
0.038097
0.046984
0.202207
0.727163
0.664905
0.288047
0.000000
