Nucleotide	Sequence	Modified_mutations	Modified_read_depth	Modified_effective_depth	Modified_rate	Modified_off_target_mapped_depth	Modified_low_mapq_mapped_depth	Modified_mapped_depth	Untreated_mutations	Untreated_read_depth	Untreated_effective_depth	Untreated_rate	Untreated_off_target_mapped_depth	Untreated_low_mapq_mapped_depth	Untreated_mapped_depth	Denatured_mutations	Denatured_read_depth	Denatured_effective_depth	Denatured_rate	Denatured_off_target_mapped_depth	Denatured_low_mapq_mapped_depth	Denatured_mapped_depth	Reactivity_profile	Std_err	HQ_profile	HQ_stderr	Norm_profile	Norm_stderr
1	G	0	3981	3854	0.000000	0	0	3981	0	9678	9362	0.000000	0	0	9678	0	0	0	nan	0	0	0	0.000000	0.000000	0.000000	0.000000	0.000000	0.000000
2	G	0	4126	3976	0.000000	0	0	4126	0	9852	9471	0.000000	0	0	9852	0	0	0	nan	0	0	0	0.000000	0.000000	0.000000	0.000000	0.000000	0.000000
3	C	37	4300	4153	0.008909	0	0	4300	49	9938	9525	0.005144	0	0	9938	0	0	0	nan	0	0	0	0.003765	0.001639	0.003765	0.001639	0.099255	0.043208
4	G	156	4310	4173	0.037383	0	0	4310	74	9947	9600	0.007708	0	0	9947	0	0	0	nan	0	0	0	0.029675	0.003124	0.029675	0.003124	0.782312	0.082357
5	C	36	4343	4158	0.008658	0	0	4343	73	9972	9521	0.007667	0	0	9972	0	0	0	nan	0	0	0	0.000991	0.001699	0.000991	0.001699	0.026125	0.044790
6	G	190	4355	4093	0.046421	0	0	4355	62	9981	9348	0.006632	0	0	9981	0	0	0	nan	0	0	0	0.039788	0.003471	0.039788	0.003471	1.048918	0.091505
7	U	45	4548	4230	0.010638	0	0	4548	107	10195	9442	0.011332	0	0	10195	0	0	0	nan	0	0	0	-0.000694	0.001927	-0.000694	0.001927	-0.018296	0.050801
8	U	715	4694	4408	0.162205	0	0	4694	1017	10434	9742	0.104393	0	0	10434	0	0	0	nan	0	0	0	0.057812	0.006893	nan	nan	nan	nan
9	A	69	5127	4877	0.014148	0	0	5127	20	11129	10539	0.001898	0	0	11129	0	0	0	nan	0	0	0	0.012250	0.001755	0.012250	0.001755	0.322943	0.046266
10	A	67	5273	5064	0.013231	0	0	5273	32	11306	10798	0.002964	0	0	11306	0	0	0	nan	0	0	0	0.010267	0.001699	0.010267	0.001699	0.270666	0.044790
11	C	51	5365	5188	0.009830	0	0	5365	46	11358	10928	0.004209	0	0	11358	0	0	0	nan	0	0	0	0.005621	0.001510	0.005621	0.001510	0.148185	0.039808
12	A	48	5403	5277	0.009096	0	0	5403	29	11426	11165	0.002597	0	0	11426	0	0	0	nan	0	0	0	0.006499	0.001399	0.006499	0.001399	0.171331	0.036881
13	A	45	5442	5254	0.008565	0	0	5442	28	11448	11040	0.002536	0	0	11448	0	0	0	nan	0	0	0	0.006029	0.001364	0.006029	0.001364	0.158941	0.035959
14	A	52	5470	5153	0.010091	0	0	5470	30	11477	10816	0.002774	0	0	11477	0	0	0	nan	0	0	0	0.007318	0.001488	0.007318	0.001488	0.192922	0.039228
15	G	467	5481	5142	0.090821	0	0	5481	110	11490	10787	0.010197	0	0	11490	0	0	0	nan	0	0	0	0.080623	0.004314	0.080623	0.004314	2.125437	0.113729
16	C	43	5502	5164	0.008327	0	0	5502	70	11508	10795	0.006484	0	0	11508	0	0	0	nan	0	0	0	0.001842	0.001488	0.001842	0.001488	0.048560	0.039228
17	G	115	5504	5147	0.022343	0	0	5504	84	11514	10840	0.007749	0	0	11514	0	0	0	nan	0	0	0	0.014594	0.002249	0.014594	0.002249	0.384737	0.059290
18	G	89	5509	5139	0.017319	0	0	5509	53	11520	10774	0.004919	0	0	11520	0	0	0	nan	0	0	0	0.012399	0.001956	0.012399	0.001956	0.326871	0.051565
19	U	95	5548	5239	0.018133	0	0	5548	202	11593	10962	0.018427	0	0	11593	0	0	0	nan	0	0	0	-0.000294	0.002268	-0.000294	0.002268	-0.007751	0.059791
20	U	16	5568	5311	0.003013	0	0	5568	23	11645	11134	0.002066	0	0	11645	0	0	0	nan	0	0	0	0.000947	0.000868	0.000947	0.000868	0.024965	0.022883
21	A	93	5574	5348	0.017390	0	0	5574	33	11673	11249	0.002934	0	0	11673	0	0	0	nan	0	0	0	0.014456	0.001874	0.014456	0.001874	0.381099	0.049404
22	U	46	5593	5266	0.008735	0	0	5593	116	11684	11092	0.010458	0	0	11684	0	0	0	nan	0	0	0	-0.001723	0.001613	-0.001723	0.001613	-0.045423	0.042523
23	G	249	5595	5247	0.047456	0	0	5595	96	11694	10966	0.008754	0	0	11694	0	0	0	nan	0	0	0	0.038701	0.003137	0.038701	0.003137	1.020262	0.082700
24	U	32	5619	5283	0.006057	0	0	5619	99	11714	11057	0.008954	0	0	11714	0	0	0	nan	0	0	0	-0.002896	0.001399	-0.002896	0.001399	-0.076346	0.036881
25	A	739	5619	5302	0.139381	0	0	5619	38	11712	11080	0.003430	0	0	11712	0	0	0	nan	0	0	0	0.135952	0.005157	0.135952	0.005157	3.584057	0.135952
26	G	126	5673	5365	0.023486	0	0	5673	147	11713	11106	0.013236	0	0	11713	0	0	0	nan	0	0	0	0.010249	0.002360	0.010249	0.002360	0.270191	0.062216
27	C	61	5675	5278	0.011557	0	0	5675	77	11713	10856	0.007093	0	0	11713	0	0	0	nan	0	0	0	0.004465	0.001686	0.004465	0.001686	0.117709	0.044447
28	G	112	5676	5259	0.021297	0	0	5676	153	11710	10811	0.014152	0	0	11710	0	0	0	nan	0	0	0	0.007145	0.002315	0.007145	0.002315	0.188361	0.061030
29	G	141	5675	5298	0.026614	0	0	5675	68	11709	10882	0.006249	0	0	11709	0	0	0	nan	0	0	0	0.020365	0.002366	0.020365	0.002366	0.536876	0.062374
30	A	110	5677	5383	0.020435	0	0	5677	142	11710	11028	0.012876	0	0	11710	0	0	0	nan	0	0	0	0.007558	0.002228	0.007558	0.002228	0.199249	0.058736
31	U	109	5678	5435	0.020055	0	0	5678	244	11720	11219	0.021749	0	0	11720	0	0	0	nan	0	0	0	-0.001694	0.002372	-0.001694	0.002372	-0.044658	0.062532
32	U	94	5680	5371	0.017501	0	0	5680	130	11726	11059	0.011755	0	0	11726	0	0	0	nan	0	0	0	0.005746	0.002079	0.005746	0.002079	0.151480	0.054808
33	G	250	5686	5372	0.046538	0	0	5686	156	11740	11079	0.014081	0	0	11740	0	0	0	nan	0	0	0	0.032457	0.003152	0.032457	0.003152	0.855653	0.083095
34	C	283	5691	5434	0.052079	0	0	5691	193	11746	11199	0.017234	0	0	11746	0	0	0	nan	0	0	0	0.034846	0.003335	0.034846	0.003335	0.918634	0.087919
35	A	59	5697	5512	0.010704	0	0	5697	21	11756	11384	0.001845	0	0	11756	0	0	0	nan	0	0	0	0.008859	0.001451	0.008859	0.001451	0.233547	0.038252
36	A	468	5697	5502	0.085060	0	0	5697	1295	11759	11409	0.113507	0	0	11759	0	0	0	nan	0	0	0	-0.028447	0.005041	nan	nan	nan	nan
37	A	238	5705	5449	0.043678	0	0	5705	32	11816	11328	0.002825	0	0	11816	0	0	0	nan	0	0	0	0.040853	0.002875	0.040853	0.002875	1.076994	0.075793
38	U	53	5707	5392	0.009829	0	0	5707	159	11814	11192	0.014207	0	0	11814	0	0	0	nan	0	0	0	-0.004377	0.001758	-0.004377	0.001758	-0.115389	0.046346
39	C	17	5707	5275	0.003223	0	0	5707	39	11813	10972	0.003555	0	0	11813	0	0	0	nan	0	0	0	-0.000332	0.000967	-0.000332	0.000967	-0.008752	0.025493
40	C	14	5709	5231	0.002676	0	0	5709	24	11818	10888	0.002204	0	0	11818	0	0	0	nan	0	0	0	0.000472	0.000845	0.000472	0.000845	0.012443	0.022276
41	G	191	5709	5227	0.036541	0	0	5709	79	11818	10879	0.007262	0	0	11818	0	0	0	nan	0	0	0	0.029279	0.002767	0.029279	0.002767	0.771873	0.072946
42	U	53	5713	5386	0.009840	0	0	5713	134	11820	11168	0.011999	0	0	11820	0	0	0	nan	0	0	0	-0.002158	0.001703	-0.002158	0.001703	-0.056891	0.044896
43	C	272	5712	5463	0.049789	0	0	5712	47	11819	11308	0.004156	0	0	11819	0	0	0	nan	0	0	0	0.045633	0.003079	0.045633	0.003079	1.203008	0.081171
44	U	21	5717	5567	0.003772	0	0	5717	44	11821	11509	0.003823	0	0	11821	0	0	0	nan	0	0	0	-0.000051	0.001005	-0.000051	0.001005	-0.001344	0.026494
45	A	29	5717	5490	0.005282	0	0	5717	23	11820	11359	0.002025	0	0	11820	0	0	0	nan	0	0	0	0.003258	0.001068	0.003258	0.001068	0.085890	0.028155
46	G	168	5716	5414	0.031031	0	0	5716	104	11814	11183	0.009300	0	0	11814	0	0	0	nan	0	0	0	0.021731	0.002562	0.021731	0.002562	0.572887	0.067541
47	U	95	5716	5356	0.017737	0	0	5716	216	11811	11112	0.019438	0	0	11811	0	0	0	nan	0	0	0	-0.001701	0.002250	-0.001701	0.002250	-0.044843	0.059316
48	C	63	5715	5270	0.011954	0	0	5715	112	11809	10893	0.010282	0	0	11809	0	0	0	nan	0	0	0	0.001673	0.001792	0.001673	0.001792	0.044105	0.047242
49	C	36	5708	5242	0.006868	0	0	5708	71	11799	10833	0.006554	0	0	11799	0	0	0	nan	0	0	0	0.000314	0.001384	0.000314	0.001384	0.008278	0.036486
50	G	83	5707	5154	0.016104	0	0	5707	83	11795	10626	0.007811	0	0	11795	0	0	0	nan	0	0	0	0.008293	0.001965	0.008293	0.001965	0.218626	0.051803
51	G	128	5706	5227	0.024488	0	0	5706	137	11787	10769	0.012722	0	0	11787	0	0	0	nan	0	0	0	0.011767	0.002422	0.011767	0.002422	0.310210	0.063850
52	U	112	5704	5297	0.021144	0	0	5704	268	11781	10970	0.024430	0	0	11781	0	0	0	nan	0	0	0	-0.003286	0.002494	-0.003286	0.002494	-0.086628	0.065748
53	U	114	5702	5358	0.021277	0	0	5702	198	11776	11125	0.017798	0	0	11776	0	0	0	nan	0	0	0	0.003479	0.002360	0.003479	0.002360	0.091716	0.062216
54	C	163	5696	5304	0.030732	0	0	5696	154	11769	10999	0.014001	0	0	11769	0	0	0	nan	0	0	0	0.016730	0.002658	0.016730	0.002658	0.441047	0.070072
55	G	12	5694	5180	0.002317	0	0	5694	48	11762	10572	0.004540	0	0	11762	0	0	0	nan	0	0	0	-0.002224	0.000936	-0.002224	0.000936	-0.058631	0.024675
56	A	3738	5691	5166	0.723577	0	0	5691	82	11757	10525	0.007791	0	0	11757	0	0	0	nan	0	0	0	0.715786	0.011866	0.715786	0.011866	18.870028	0.312819
57	C	30	5691	5212	0.005756	0	0	5691	109	11750	10607	0.010276	0	0	11750	0	0	0	nan	0	0	0	-0.004520	0.001440	-0.004520	0.001440	-0.119159	0.037962
58	U	44	5678	5279	0.008335	0	0	5678	155	11728	10909	0.014208	0	0	11728	0	0	0	nan	0	0	0	-0.005874	0.001697	-0.005874	0.001697	-0.154854	0.044737
59	C	20	5672	5227	0.003826	0	0	5672	148	11715	10712	0.013816	0	0	11715	0	0	0	nan	0	0	0	-0.009990	0.001422	-0.009990	0.001422	-0.263363	0.037488
60	C	30	5666	5142	0.005834	0	0	5666	61	11702	10519	0.005799	0	0	11702	0	0	0	nan	0	0	0	0.000035	0.001298	0.000035	0.001298	0.000923	0.034219
61	G	63	5660	5000	0.012600	0	0	5660	103	11693	10211	0.010087	0	0	11693	0	0	0	nan	0	0	0	0.002513	0.001873	0.002513	0.001873	0.066249	0.049377
62	G	102	5656	4966	0.020540	0	0	5656	59	11680	10234	0.005765	0	0	11680	0	0	0	nan	0	0	0	0.014775	0.002168	0.014775	0.002168	0.389508	0.057154
63	A	36	5651	4869	0.007394	0	0	5651	32	11676	10175	0.003145	0	0	11676	0	0	0	nan	0	0	0	0.004249	0.001352	0.004249	0.001352	0.112015	0.035642
64	A	45	5646	5028	0.008950	0	0	5646	44	11663	10459	0.004207	0	0	11663	0	0	0	nan	0	0	0	0.004743	0.001477	0.004743	0.001477	0.125038	0.038938
65	C	42	5645	5011	0.008382	0	0	5645	67	11654	10330	0.006486	0	0	11654	0	0	0	nan	0	0	0	0.001896	0.001517	0.001896	0.001517	0.049984	0.039992
66	G	197	5644	4669	0.042193	0	0	5644	96	11642	9354	0.010263	0	0	11642	0	0	0	nan	0	0	0	0.031930	0.003183	0.031930	0.003183	0.841760	0.083912
67	C	30	5641	4588	0.006539	0	0	5641	30	11638	9289	0.003230	0	0	11638	0	0	0	nan	0	0	0	0.003309	0.001331	0.003309	0.001331	0.087234	0.035089
68	G	288	5639	4659	0.061816	0	0	5639	186	11635	9429	0.019726	0	0	11635	0	0	0	nan	0	0	0	0.042089	0.003919	0.042089	0.003919	1.109578	0.103315
69	C	62	5638	4989	0.012427	0	0	5638	92	11632	10242	0.008983	0	0	11632	0	0	0	nan	0	0	0	0.003445	0.001835	0.003445	0.001835	0.090819	0.048375
70	C	173	5637	5021	0.034455	0	0	5637	352	11631	10304	0.034161	0	0	11631	0	0	0	nan	0	0	0	0.000294	0.003190	0.000294	0.003190	0.007751	0.084097
71	U	62	5636	5035	0.012314	0	0	5636	148	11624	10429	0.014191	0	0	11624	0	0	0	nan	0	0	0	-0.001877	0.001951	-0.001877	0.001951	-0.049483	0.051434
72	C	210	5630	5173	0.040595	0	0	5630	41	11617	10782	0.003803	0	0	11617	0	0	0	nan	0	0	0	0.036793	0.002864	0.036793	0.002864	0.969962	0.075503
73	C	73	5617	4981	0.014656	0	0	5617	7	11598	10671	0.000656	0	0	11598	0	0	0	nan	0	0	0	0.014000	0.001733	0.014000	0.001733	0.369077	0.045687
74	A	0	5369	0	nan	0	0	5369	0	11397	0	nan	0	0	11397	0	0	0	nan	0	0	0	nan	nan	nan	nan	nan	nan