0.000000
0.000000
0.000000
0.000000
0.000000
0.000000
0.000000
0.000000
0.092405
0.850000
0.126406
0.153388
0.099031
0.097869
0.000000
0.003142
0.054596
0.145669
0.784595
0.000000
0.013491
0.232711
0.850000
0.040524
0.017590
0.000000
0.850000
0.100636
0.066174
0.341305
0.634009
0.000000
0.000000
0.007036
0.000000
0.079529
0.021090
0.000000
0.850000
0.000000
0.000000
0.000000
0.018170
0.000000
0.064501
0.223233
0.496674
0.135866
0.850000
0.000000
0.105059
0.808316
0.678495
0.106237
0.850000
0.000000
0.000000
0.654518
0.049353
0.436459
0.000000
0.041429
0.064449
0.627400
0.066755
0.000000
0.542338
0.176817
0.850000
0.000000
0.000000
0.000000
0.009854
0.095581
0.580711
0.072305
0.000000
0.017675
0.000000
0.285787
0.040558
0.850000
0.000000
0.247654
0.772949
0.496742
0.000000
