Nucleotide	Sequence	Modified_mutations	Modified_read_depth	Modified_effective_depth	Modified_rate	Modified_off_target_mapped_depth	Modified_low_mapq_mapped_depth	Modified_mapped_depth	Untreated_mutations	Untreated_read_depth	Untreated_effective_depth	Untreated_rate	Untreated_off_target_mapped_depth	Untreated_low_mapq_mapped_depth	Untreated_mapped_depth	Denatured_mutations	Denatured_read_depth	Denatured_effective_depth	Denatured_rate	Denatured_off_target_mapped_depth	Denatured_low_mapq_mapped_depth	Denatured_mapped_depth	Reactivity_profile	Std_err	HQ_profile	HQ_stderr	Norm_profile	Norm_stderr
1	C	0	1531	1498	0.000000	0	0	1531	0	2385	2318	0.000000	0	0	2385	0	0	0	nan	0	0	0	0.000000	0.000000	0.000000	0.000000	0.000000	0.000000
2	G	0	1565	1495	0.000000	0	0	1565	0	2420	2305	0.000000	0	0	2420	0	0	0	nan	0	0	0	0.000000	0.000000	0.000000	0.000000	0.000000	0.000000
3	G	69	1630	1558	0.044288	0	0	1630	26	2442	2324	0.011188	0	0	2442	0	0	0	nan	0	0	0	0.033100	0.005765	0.033100	0.005765	0.942115	0.164087
4	C	14	1638	1555	0.009003	0	0	1638	9	2445	2325	0.003871	0	0	2445	0	0	0	nan	0	0	0	0.005132	0.002730	0.005132	0.002730	0.146071	0.077703
5	A	17	1647	1591	0.010685	0	0	1647	12	2455	2369	0.005065	0	0	2455	0	0	0	nan	0	0	0	0.005620	0.002976	0.005620	0.002976	0.159960	0.084705
6	C	18	1654	1582	0.011378	0	0	1654	16	2460	2356	0.006791	0	0	2460	0	0	0	nan	0	0	0	0.004587	0.003174	0.004587	0.003174	0.130558	0.090341
7	G	55	1658	1597	0.034440	0	0	1658	9	2466	2370	0.003797	0	0	2466	0	0	0	nan	0	0	0	0.030642	0.004813	0.030642	0.004813	0.872154	0.136991
8	U	114	1683	1587	0.071834	0	0	1683	127	2488	2336	0.054366	0	0	2488	0	0	0	nan	0	0	0	0.017467	0.008279	nan	nan	nan	nan
9	A	26	1698	1611	0.016139	0	0	1698	5	2505	2371	0.002109	0	0	2505	0	0	0	nan	0	0	0	0.014030	0.003303	0.014030	0.003303	0.399332	0.094012
10	G	37	1718	1634	0.022644	0	0	1718	19	2511	2390	0.007950	0	0	2511	0	0	0	nan	0	0	0	0.014694	0.004145	0.014694	0.004145	0.418231	0.117978
11	C	19	1733	1667	0.011398	0	0	1733	14	2515	2429	0.005764	0	0	2515	0	0	0	nan	0	0	0	0.005634	0.003035	0.005634	0.003035	0.160359	0.086384
12	G	36	1735	1678	0.021454	0	0	1735	27	2516	2443	0.011052	0	0	2516	0	0	0	nan	0	0	0	0.010402	0.004160	0.010402	0.004160	0.296069	0.118405
13	C	13	1743	1553	0.008371	0	0	1743	17	2522	2256	0.007535	0	0	2522	0	0	0	nan	0	0	0	0.000835	0.002955	0.000835	0.002955	0.023766	0.084107
14	A	48	1746	1550	0.030968	0	0	1746	9	2524	2258	0.003986	0	0	2524	0	0	0	nan	0	0	0	0.026982	0.004663	0.026982	0.004663	0.767980	0.132722
15	G	16	1755	1550	0.010323	0	0	1755	27	2524	2241	0.012048	0	0	2524	0	0	0	nan	0	0	0	-0.001726	0.003469	-0.001726	0.003469	-0.049127	0.098737
16	C	28	1760	1666	0.016807	0	0	1760	29	2528	2414	0.012013	0	0	2528	0	0	0	nan	0	0	0	0.004793	0.003881	0.004793	0.003881	0.136422	0.110464
17	C	187	1763	1689	0.110716	0	0	1763	23	2534	2443	0.009415	0	0	2534	0	0	0	nan	0	0	0	0.101302	0.008331	0.101302	0.008331	2.883327	0.237123
18	U	16	1779	1695	0.009440	0	0	1779	12	2544	2453	0.004892	0	0	2544	0	0	0	nan	0	0	0	0.004548	0.002750	0.004548	0.002750	0.129448	0.078272
19	G	47	1783	1699	0.027663	0	0	1783	30	2550	2450	0.012245	0	0	2550	0	0	0	nan	0	0	0	0.015418	0.004613	0.015418	0.004613	0.438838	0.131298
20	G	79	1787	1721	0.045904	0	0	1787	29	2554	2439	0.011890	0	0	2554	0	0	0	nan	0	0	0	0.034013	0.005617	0.034013	0.005617	0.968101	0.159875
21	U	18	1792	1713	0.010508	0	0	1792	46	2559	2404	0.019135	0	0	2559	0	0	0	nan	0	0	0	-0.008627	0.003754	-0.008627	0.003754	-0.245548	0.106849
22	A	2	1795	1717	0.001165	0	0	1795	2	2563	2427	0.000824	0	0	2563	0	0	0	nan	0	0	0	0.000341	0.001009	0.000341	0.001009	0.009706	0.028719
23	G	42	1799	1703	0.024662	0	0	1799	22	2567	2430	0.009053	0	0	2567	0	0	0	nan	0	0	0	0.015609	0.004267	0.015609	0.004267	0.444274	0.121450
24	C	23	1800	1707	0.013474	0	0	1800	23	2567	2459	0.009353	0	0	2567	0	0	0	nan	0	0	0	0.004121	0.003420	0.004121	0.003420	0.117295	0.097342
25	G	75	1799	1705	0.043988	0	0	1799	30	2567	2452	0.012235	0	0	2567	0	0	0	nan	0	0	0	0.031753	0.005549	0.031753	0.005549	0.903776	0.157939
26	C	6	1799	1542	0.003891	0	0	1799	10	2567	2123	0.004710	0	0	2567	0	0	0	nan	0	0	0	-0.000819	0.002178	-0.000819	0.002178	-0.023311	0.061992
27	A	59	1800	1529	0.038587	0	0	1800	20	2566	2092	0.009560	0	0	2566	0	0	0	nan	0	0	0	0.029027	0.005460	0.029027	0.005460	0.826186	0.155406
28	C	32	1801	1492	0.021448	0	0	1801	27	2565	2062	0.013094	0	0	2565	0	0	0	nan	0	0	0	0.008354	0.004553	0.008354	0.004553	0.237777	0.129591
29	C	15	1801	1637	0.009163	0	0	1801	16	2565	2346	0.006820	0	0	2565	0	0	0	nan	0	0	0	0.002343	0.002916	0.002343	0.002916	0.066688	0.082997
30	G	75	1799	1621	0.046268	0	0	1799	31	2564	2338	0.013259	0	0	2564	0	0	0	nan	0	0	0	0.033009	0.005849	0.033009	0.005849	0.939525	0.166478
31	U	47	1803	1654	0.028416	0	0	1803	64	2576	2386	0.026823	0	0	2576	0	0	0	nan	0	0	0	0.001593	0.005331	0.001593	0.005331	0.045341	0.151735
32	C	8	1803	1661	0.004816	0	0	1803	10	2578	2402	0.004163	0	0	2578	0	0	0	nan	0	0	0	0.000653	0.002152	0.000653	0.002152	0.018586	0.061252
33	A	252	1801	1687	0.149378	0	0	1801	349	2581	2428	0.143740	0	0	2581	0	0	0	nan	0	0	0	0.005638	0.012155	nan	nan	nan	nan
34	U	27	1802	1678	0.016091	0	0	1802	41	2582	2409	0.017020	0	0	2582	0	0	0	nan	0	0	0	-0.000929	0.004081	-0.000929	0.004081	-0.026442	0.116156
35	G	295	1800	1635	0.180428	0	0	1800	363	2582	2405	0.150936	0	0	2582	0	0	0	nan	0	0	0	0.029493	0.013157	nan	nan	nan	nan
36	G	73	1801	1645	0.044377	0	0	1801	67	2575	2418	0.027709	0	0	2575	0	0	0	nan	0	0	0	0.016668	0.006200	0.016668	0.006200	0.474416	0.176469
37	G	34	1800	1637	0.020770	0	0	1800	5	2573	2397	0.002086	0	0	2573	0	0	0	nan	0	0	0	0.018684	0.003682	0.018684	0.003682	0.531797	0.104800
38	G	808	1799	1623	0.497843	0	0	1799	1044	2573	2369	0.440692	0	0	2573	0	0	0	nan	0	0	0	0.057151	0.022198	nan	nan	nan	nan
39	U	32	1804	1667	0.019196	0	0	1804	25	2575	2402	0.010408	0	0	2575	0	0	0	nan	0	0	0	0.008788	0.003981	0.008788	0.003981	0.250130	0.113310
40	G	41	1804	1650	0.024848	0	0	1804	11	2574	2399	0.004585	0	0	2574	0	0	0	nan	0	0	0	0.020263	0.004120	0.020263	0.004120	0.576739	0.117266
41	U	53	1807	1689	0.031380	0	0	1807	75	2576	2435	0.030801	0	0	2576	0	0	0	nan	0	0	0	0.000579	0.005588	0.000579	0.005588	0.016480	0.159050
42	C	31	1806	1697	0.018268	0	0	1806	37	2574	2448	0.015114	0	0	2574	0	0	0	nan	0	0	0	0.003153	0.004116	0.003153	0.004116	0.089743	0.117152
43	G	62	1806	1699	0.036492	0	0	1806	39	2574	2456	0.015879	0	0	2574	0	0	0	nan	0	0	0	0.020613	0.005286	0.020613	0.005286	0.586701	0.150454
44	G	93	1805	1698	0.054770	0	0	1805	70	2574	2437	0.028724	0	0	2574	0	0	0	nan	0	0	0	0.026046	0.006636	0.026046	0.006636	0.741339	0.188878
45	G	34	1805	1705	0.019941	0	0	1805	17	2575	2412	0.007048	0	0	2575	0	0	0	nan	0	0	0	0.012893	0.003823	0.012893	0.003823	0.366969	0.108813
46	G	46	1805	1682	0.027348	0	0	1805	20	2575	2391	0.008365	0	0	2575	0	0	0	nan	0	0	0	0.018984	0.004445	0.018984	0.004445	0.540336	0.126517
47	G	496	1802	1679	0.295414	0	0	1802	776	2575	2374	0.326874	0	0	2575	0	0	0	nan	0	0	0	-0.031461	0.017710	nan	nan	nan	nan
48	U	28	1804	1683	0.016637	0	0	1804	44	2576	2393	0.018387	0	0	2576	0	0	0	nan	0	0	0	-0.001750	0.004192	-0.001750	0.004192	-0.049810	0.119316
49	C	16	1805	1680	0.009524	0	0	1805	15	2575	2397	0.006258	0	0	2575	0	0	0	nan	0	0	0	0.003266	0.002877	0.003266	0.002877	0.092959	0.081887
50	G	30	1803	1667	0.017996	0	0	1803	28	2575	2425	0.011546	0	0	2575	0	0	0	nan	0	0	0	0.006450	0.003944	0.006450	0.003944	0.183584	0.112257
51	G	17	1803	1675	0.010149	0	0	1803	15	2574	2429	0.006175	0	0	2574	0	0	0	nan	0	0	0	0.003974	0.002933	0.003974	0.002933	0.113111	0.083481
52	A	16	1802	1695	0.009440	0	0	1802	15	2572	2457	0.006105	0	0	2572	0	0	0	nan	0	0	0	0.003335	0.002838	0.003335	0.002838	0.094923	0.080777
53	G	41	1802	1719	0.023851	0	0	1802	32	2572	2465	0.012982	0	0	2572	0	0	0	nan	0	0	0	0.010869	0.004375	0.010869	0.004375	0.309361	0.124524
54	G	66	1802	1698	0.038869	0	0	1802	27	2571	2431	0.011107	0	0	2571	0	0	0	nan	0	0	0	0.027763	0.005240	0.027763	0.005240	0.790210	0.149144
55	U	21	1802	1687	0.012448	0	0	1802	49	2571	2414	0.020298	0	0	2571	0	0	0	nan	0	0	0	-0.007850	0.003973	-0.007850	0.003973	-0.223432	0.113082
56	U	22	1801	1681	0.013087	0	0	1801	39	2570	2413	0.016162	0	0	2570	0	0	0	nan	0	0	0	-0.003075	0.003806	-0.003075	0.003806	-0.087523	0.108329
57	C	20	1801	1667	0.011998	0	0	1801	23	2570	2418	0.009512	0	0	2570	0	0	0	nan	0	0	0	0.002486	0.003336	0.002486	0.003336	0.070758	0.094952
58	A	29	1801	1658	0.017491	0	0	1801	22	2570	2414	0.009114	0	0	2570	0	0	0	nan	0	0	0	0.008377	0.003785	0.008377	0.003785	0.238432	0.107731
59	A	145	1801	1618	0.089617	0	0	1801	3	2569	2320	0.001293	0	0	2569	0	0	0	nan	0	0	0	0.088324	0.007480	0.088324	0.007480	2.513939	0.212901
60	A	19	1799	1610	0.011801	0	0	1799	28	2566	2305	0.012148	0	0	2566	0	0	0	nan	0	0	0	-0.000346	0.003550	-0.000346	0.003550	-0.009848	0.101043
61	U	21	1799	1578	0.013308	0	0	1799	25	2565	2297	0.010884	0	0	2565	0	0	0	nan	0	0	0	0.002424	0.003629	0.002424	0.003629	0.068994	0.103291
62	C	6	1798	1612	0.003722	0	0	1798	13	2563	2340	0.005556	0	0	2563	0	0	0	nan	0	0	0	-0.001833	0.002164	-0.001833	0.002164	-0.052172	0.061593
63	C	2	1796	1605	0.001246	0	0	1796	6	2563	2335	0.002570	0	0	2563	0	0	0	nan	0	0	0	-0.001323	0.001370	-0.001323	0.001370	-0.037656	0.038994
64	U	13	1796	1657	0.007846	0	0	1796	21	2560	2382	0.008816	0	0	2560	0	0	0	nan	0	0	0	-0.000971	0.002904	-0.000971	0.002904	-0.027637	0.082656
65	C	14	1796	1642	0.008526	0	0	1796	12	2558	2366	0.005072	0	0	2558	0	0	0	nan	0	0	0	0.003454	0.002709	0.003454	0.002709	0.098310	0.077105
66	U	14	1793	1611	0.008690	0	0	1793	25	2554	2308	0.010832	0	0	2554	0	0	0	nan	0	0	0	-0.002142	0.003176	-0.002142	0.003176	-0.060967	0.090398
67	C	8	1791	1559	0.005131	0	0	1791	7	2553	2232	0.003136	0	0	2553	0	0	0	nan	0	0	0	0.001995	0.002167	0.001995	0.002167	0.056783	0.061679
68	G	86	1790	1520	0.056579	0	0	1790	15	2550	2161	0.006941	0	0	2550	0	0	0	nan	0	0	0	0.049638	0.006359	0.049638	0.006359	1.412831	0.180994
69	U	28	1787	1527	0.018337	0	0	1787	40	2550	2195	0.018223	0	0	2550	0	0	0	nan	0	0	0	0.000113	0.004507	0.000113	0.004507	0.003216	0.128281
70	G	75	1784	1526	0.049148	0	0	1784	54	2549	2160	0.025000	0	0	2549	0	0	0	nan	0	0	0	0.024148	0.006617	0.024148	0.006617	0.687317	0.188338
71	C	36	1783	1496	0.024064	0	0	1783	26	2547	2149	0.012099	0	0	2547	0	0	0	nan	0	0	0	0.011966	0.004660	0.011966	0.004660	0.340585	0.132636
72	C	23	1782	1515	0.015182	0	0	1782	17	2546	2164	0.007856	0	0	2546	0	0	0	nan	0	0	0	0.007326	0.003695	0.007326	0.003695	0.208518	0.105170
73	G	58	1782	1337	0.043381	0	0	1782	18	2545	1875	0.009600	0	0	2545	0	0	0	nan	0	0	0	0.033781	0.006129	0.033781	0.006129	0.961498	0.174448
74	A	92	1780	1367	0.067301	0	0	1780	9	2543	1930	0.004663	0	0	2543	0	0	0	nan	0	0	0	0.062637	0.007187	0.062637	0.007187	1.782817	0.204561
75	C	79	1778	1362	0.058003	0	0	1778	10	2543	1905	0.005249	0	0	2543	0	0	0	nan	0	0	0	0.052754	0.006734	0.052754	0.006734	1.501521	0.191668
76	C	37	1762	1484	0.024933	0	0	1762	3	2536	2219	0.001352	0	0	2536	0	0	0	nan	0	0	0	0.023581	0.004173	0.023581	0.004173	0.671179	0.118775
77	A	0	1673	0	nan	0	0	1673	0	2486	0	nan	0	0	2486	0	0	0	nan	0	0	0	nan	nan	nan	nan	nan	nan