Nucleotide	Sequence	Modified_mutations	Modified_read_depth	Modified_effective_depth	Modified_rate	Modified_off_target_mapped_depth	Modified_low_mapq_mapped_depth	Modified_mapped_depth	Untreated_mutations	Untreated_read_depth	Untreated_effective_depth	Untreated_rate	Untreated_off_target_mapped_depth	Untreated_low_mapq_mapped_depth	Untreated_mapped_depth	Denatured_mutations	Denatured_read_depth	Denatured_effective_depth	Denatured_rate	Denatured_off_target_mapped_depth	Denatured_low_mapq_mapped_depth	Denatured_mapped_depth	Reactivity_profile	Std_err	HQ_profile	HQ_stderr	Norm_profile	Norm_stderr
1	G	0	4973	4795	0.000000	0	0	4973	0	5872	5680	0.000000	0	0	5872	0	0	0	nan	0	0	0	0.000000	0.000000	0.000000	0.000000	0.000000	0.000000
2	U	0	5153	4861	0.000000	0	0	5153	0	5927	5617	0.000000	0	0	5927	0	0	0	nan	0	0	0	0.000000	0.000000	0.000000	0.000000	0.000000	0.000000
3	G	62	5233	4930	0.012576	0	0	5233	43	5992	5685	0.007564	0	0	5992	0	0	0	nan	0	0	0	0.005012	0.001970	0.005012	0.001970	0.169711	0.066706
4	G	220	5262	4950	0.044444	0	0	5262	43	6004	5676	0.007576	0	0	6004	0	0	0	nan	0	0	0	0.036869	0.003211	0.036869	0.003211	1.248418	0.108727
5	C	61	5310	5041	0.012101	0	0	5310	41	6027	5720	0.007168	0	0	6027	0	0	0	nan	0	0	0	0.004933	0.001911	0.004933	0.001911	0.167036	0.064708
6	U	29	5494	5294	0.005478	0	0	5494	29	6159	5937	0.004885	0	0	6159	0	0	0	nan	0	0	0	0.000593	0.001363	0.000593	0.001363	0.020080	0.046152
7	A	30	5689	5492	0.005462	0	0	5689	5	6334	6132	0.000815	0	0	6334	0	0	0	nan	0	0	0	0.004647	0.001062	0.004647	0.001062	0.157352	0.035960
8	U	1094	6032	5859	0.186721	0	0	6032	975	6550	6389	0.152606	0	0	6550	0	0	0	nan	0	0	0	0.034115	0.007467	nan	nan	nan	nan
9	A	147	6442	6197	0.023721	0	0	6442	13	6990	6735	0.001930	0	0	6990	0	0	0	nan	0	0	0	0.021791	0.002028	0.021791	0.002028	0.737863	0.068670
10	G	245	6935	6660	0.036787	0	0	6935	98	7028	6744	0.014531	0	0	7028	0	0	0	nan	0	0	0	0.022255	0.002771	0.022255	0.002771	0.753575	0.093829
11	C	55	7077	6767	0.008128	0	0	7077	38	7079	6775	0.005609	0	0	7079	0	0	0	nan	0	0	0	0.002519	0.001424	0.002519	0.001424	0.085296	0.048218
12	U	86	7222	6901	0.012462	0	0	7222	77	7340	7003	0.010995	0	0	7340	0	0	0	nan	0	0	0	0.001467	0.001837	0.001467	0.001837	0.049674	0.062203
13	C	34	7285	6992	0.004863	0	0	7285	17	7403	7115	0.002389	0	0	7403	0	0	0	nan	0	0	0	0.002473	0.001016	0.002473	0.001016	0.083738	0.034403
14	A	72	7369	7020	0.010256	0	0	7369	4	7522	7179	0.000557	0	0	7522	0	0	0	nan	0	0	0	0.009699	0.001240	0.009699	0.001240	0.328417	0.041988
15	G	65	7456	7042	0.009230	0	0	7456	42	7535	7146	0.005877	0	0	7535	0	0	0	nan	0	0	0	0.003353	0.001461	0.003353	0.001461	0.113536	0.049471
16	U	210	7992	7465	0.028131	0	0	7992	206	8045	7570	0.027213	0	0	8045	0	0	0	nan	0	0	0	0.000919	0.002714	0.000919	0.002714	0.031118	0.091899
17	U	22	8170	7631	0.002883	0	0	8170	10	8242	7755	0.001289	0	0	8242	0	0	0	nan	0	0	0	0.001593	0.000738	0.001593	0.000738	0.053940	0.024989
18	G	112	8233	7726	0.014497	0	0	8233	68	8310	7835	0.008679	0	0	8310	0	0	0	nan	0	0	0	0.005818	0.001727	0.005818	0.001727	0.197003	0.058478
19	G	182	8341	7847	0.023194	0	0	8341	65	8350	7883	0.008246	0	0	8350	0	0	0	nan	0	0	0	0.014948	0.002000	0.014948	0.002000	0.506153	0.067722
20	U	116	8397	8013	0.014476	0	0	8397	105	8392	8030	0.013076	0	0	8392	0	0	0	nan	0	0	0	0.001401	0.001853	0.001401	0.001853	0.047439	0.062744
21	A	45	8409	8078	0.005571	0	0	8409	26	8407	8105	0.003208	0	0	8407	0	0	0	nan	0	0	0	0.002363	0.001042	0.002363	0.001042	0.080013	0.035283
22	G	86	8431	7881	0.010912	0	0	8431	34	8417	7937	0.004284	0	0	8417	0	0	0	nan	0	0	0	0.006629	0.001387	0.006629	0.001387	0.224464	0.046965
23	A	53	8439	7729	0.006857	0	0	8439	18	8423	7815	0.002303	0	0	8423	0	0	0	nan	0	0	0	0.004554	0.001087	0.004554	0.001087	0.154203	0.036807
24	G	1021	8440	7695	0.132684	0	0	8440	99	8418	7770	0.012741	0	0	8418	0	0	0	nan	0	0	0	0.119942	0.004345	0.119942	0.004345	4.061346	0.147126
25	C	60	8449	7840	0.007653	0	0	8449	66	8419	7874	0.008382	0	0	8419	0	0	0	nan	0	0	0	-0.000729	0.001429	-0.000729	0.001429	-0.024685	0.048387
26	C	1331	8451	7813	0.170357	0	0	8451	92	8417	7760	0.011856	0	0	8417	0	0	0	nan	0	0	0	0.158501	0.004830	0.158501	0.004830	5.366989	0.163548
27	C	65	8468	7804	0.008329	0	0	8468	85	8437	7732	0.010993	0	0	8437	0	0	0	nan	0	0	0	-0.002664	0.001578	-0.002664	0.001578	-0.090205	0.053433
28	U	65	8474	7778	0.008357	0	0	8474	71	8450	7712	0.009206	0	0	8450	0	0	0	nan	0	0	0	-0.000850	0.001506	-0.000850	0.001506	-0.028782	0.050995
29	G	125	8473	7850	0.015924	0	0	8473	95	8452	7829	0.012134	0	0	8452	0	0	0	nan	0	0	0	0.003789	0.001892	0.003789	0.001892	0.128299	0.064065
30	G	273	8471	7948	0.034348	0	0	8471	36	8455	7934	0.004537	0	0	8455	0	0	0	nan	0	0	0	0.029811	0.002212	0.029811	0.002212	1.009428	0.074900
31	A	139	8475	7951	0.017482	0	0	8475	92	8457	7983	0.011524	0	0	8457	0	0	0	nan	0	0	0	0.005958	0.001908	0.005958	0.001908	0.201743	0.064607
32	U	108	8480	7997	0.013505	0	0	8480	104	8455	8042	0.012932	0	0	8455	0	0	0	nan	0	0	0	0.000573	0.001816	0.000573	0.001816	0.019402	0.061491
33	U	83	8481	7869	0.010548	0	0	8481	55	8455	7875	0.006984	0	0	8455	0	0	0	nan	0	0	0	0.003564	0.001492	0.003564	0.001492	0.120680	0.050520
34	G	154	8481	7900	0.019494	0	0	8481	183	8448	7917	0.023115	0	1	8448	0	0	0	nan	0	0	0	-0.003621	0.002321	-0.003621	0.002321	-0.122610	0.078591
35	U	226	8481	7850	0.028790	0	0	8481	230	8451	7861	0.029258	0	1	8451	0	0	0	nan	0	0	0	-0.000469	0.002718	-0.000469	0.002718	-0.015881	0.092034
36	G	385	8478	7943	0.048470	0	0	8478	95	8445	7914	0.012004	0	1	8445	0	0	0	nan	0	0	0	0.036466	0.002760	0.036466	0.002760	1.234772	0.093456
37	A	205	8478	7873	0.026038	0	0	8478	175	8446	7811	0.022404	0	1	8446	0	0	0	nan	0	0	0	0.003634	0.002485	0.003634	0.002485	0.123051	0.084144
38	U	155	8477	7891	0.019643	0	0	8477	209	8450	7839	0.026662	0	1	8450	0	0	0	nan	0	0	0	-0.007019	0.002427	-0.007019	0.002427	-0.237670	0.082180
39	U	96	8475	7692	0.012480	0	0	8475	149	8453	7658	0.019457	0	1	8453	0	0	0	nan	0	0	0	-0.006976	0.002040	-0.006976	0.002040	-0.236214	0.069076
40	C	76	8476	7659	0.009923	0	0	8476	82	8459	7659	0.010706	0	1	8459	0	0	0	nan	0	0	0	-0.000783	0.001641	-0.000783	0.001641	-0.026513	0.055566
41	C	40	8484	7768	0.005149	0	0	8484	42	8483	7800	0.005385	0	1	8483	0	0	0	nan	0	0	0	-0.000235	0.001163	-0.000235	0.001163	-0.007957	0.039380
42	A	54	8483	7938	0.006803	0	0	8483	12	8487	7959	0.001508	0	1	8487	0	0	0	nan	0	0	0	0.005295	0.001023	0.005295	0.001023	0.179294	0.034640
43	G	289	8476	7982	0.036206	0	0	8476	90	8480	8006	0.011242	0	1	8480	0	0	0	nan	0	0	0	0.024965	0.002437	0.024965	0.002437	0.845338	0.082519
44	U	142	8478	7877	0.018027	0	0	8478	158	8482	7908	0.019980	0	1	8482	0	0	0	nan	0	0	0	-0.001953	0.002194	-0.001953	0.002194	-0.066130	0.074291
45	U	93	8475	7661	0.012139	0	0	8475	81	8480	7729	0.010480	0	1	8480	0	0	0	nan	0	0	0	0.001659	0.001715	0.001659	0.001715	0.056175	0.058071
46	G	1330	8471	7751	0.171591	0	0	8471	1535	8476	7818	0.196342	0	1	8476	0	0	0	nan	0	0	0	-0.024751	0.006874	nan	nan	nan	nan
47	U	84	8488	7821	0.010740	0	0	8488	76	8489	7863	0.009666	0	1	8489	0	0	0	nan	0	0	0	0.001075	0.001613	0.001075	0.001613	0.036400	0.054618
48	C	73	8485	7766	0.009400	0	0	8485	59	8490	7736	0.007627	0	1	8490	0	0	0	nan	0	0	0	0.001773	0.001482	0.001773	0.001482	0.060035	0.050182
49	G	333	8474	7798	0.042703	0	0	8474	78	8482	7773	0.010035	0	1	8482	0	0	0	nan	0	0	0	0.032669	0.002601	0.032669	0.002601	1.106202	0.088072
50	U	131	8465	7735	0.016936	0	0	8465	114	8478	7715	0.014776	0	1	8478	0	0	0	nan	0	0	0	0.002160	0.002026	0.002160	0.002026	0.073140	0.068602
51	G	132	8458	7794	0.016936	0	0	8458	102	8472	7877	0.012949	0	1	8472	0	0	0	nan	0	0	0	0.003987	0.001954	0.003987	0.001954	0.135003	0.066164
52	G	144	8451	7719	0.018655	0	0	8451	105	8465	7750	0.013548	0	1	8465	0	0	0	nan	0	0	0	0.005107	0.002041	0.005107	0.002041	0.172928	0.069110
53	G	233	8445	7617	0.030589	0	0	8445	92	8440	7621	0.012072	0	1	8440	0	0	0	nan	0	0	0	0.018518	0.002366	0.018518	0.002366	0.627036	0.080115
54	U	136	8427	7667	0.017738	0	0	8427	180	8428	7653	0.023520	0	1	8428	0	0	0	nan	0	0	0	-0.005782	0.002321	-0.005782	0.002321	-0.195784	0.078591
55	U	149	8427	7536	0.019772	0	0	8427	129	8423	7543	0.017102	0	1	8423	0	0	0	nan	0	0	0	0.002670	0.002212	0.002670	0.002212	0.090409	0.074900
56	C	120	8417	7553	0.015888	0	0	8417	107	8407	7585	0.014107	0	1	8407	0	0	0	nan	0	0	0	0.001781	0.001991	0.001781	0.001991	0.060306	0.067417
57	G	22	8406	7388	0.002978	0	0	8406	38	8404	7454	0.005098	0	1	8404	0	0	0	nan	0	0	0	-0.002120	0.001043	-0.002120	0.001043	-0.071785	0.035317
58	A	3915	8400	7382	0.530344	0	0	8400	18	8402	7398	0.002433	0	1	8402	0	0	0	nan	0	0	0	0.527911	0.008495	0.527911	0.008495	17.875551	0.287649
59	A	80	8395	7461	0.010722	0	0	8395	68	8395	7440	0.009140	0	1	8395	0	0	0	nan	0	0	0	0.001583	0.001633	0.001583	0.001633	0.053602	0.055295
60	U	55	8394	7337	0.007496	0	0	8394	88	8392	7307	0.012043	0	1	8392	0	0	0	nan	0	0	0	-0.004547	0.001634	-0.004547	0.001634	-0.153966	0.055329
61	C	25	8386	7337	0.003407	0	0	8386	37	8387	7322	0.005053	0	1	8387	0	0	0	nan	0	0	0	-0.001646	0.001075	-0.001646	0.001075	-0.055735	0.036400
62	C	31	8379	7297	0.004248	0	0	8379	32	8381	7306	0.004380	0	1	8381	0	0	0	nan	0	0	0	-0.000132	0.001087	-0.000132	0.001087	-0.004470	0.036807
63	C	19	8375	7541	0.002520	0	0	8375	14	8367	7508	0.001865	0	1	8367	0	0	0	nan	0	0	0	0.000655	0.000763	0.000655	0.000763	0.022179	0.025836
64	A	61	8368	7469	0.008167	0	0	8368	68	8361	7407	0.009181	0	1	8361	0	0	0	nan	0	0	0	-0.001013	0.001527	-0.001013	0.001527	-0.034301	0.051706
65	U	106	8356	7381	0.014361	0	0	8356	107	8345	7323	0.014611	0	1	8345	0	0	0	nan	0	0	0	-0.000250	0.001985	-0.000250	0.001985	-0.008465	0.067214
66	U	41	8343	7347	0.005581	0	0	8343	49	8336	7301	0.006711	0	1	8336	0	0	0	nan	0	0	0	-0.001131	0.001296	-0.001131	0.001296	-0.038297	0.043884
67	A	31	8331	7229	0.004288	0	0	8331	29	8322	7226	0.004013	0	1	8322	0	0	0	nan	0	0	0	0.000275	0.001072	0.000275	0.001072	0.009312	0.036299
68	G	264	8321	7045	0.037473	0	0	8321	97	8311	7039	0.013780	0	1	8311	0	0	0	nan	0	0	0	0.023693	0.002698	0.023693	0.002698	0.802267	0.091357
69	C	73	8316	6746	0.010821	0	0	8316	61	8301	6711	0.009090	0	1	8301	0	0	0	nan	0	0	0	0.001732	0.001720	0.001732	0.001720	0.058647	0.058241
70	C	39	8307	6301	0.006189	0	0	8307	49	8297	6288	0.007793	0	1	8297	0	0	0	nan	0	0	0	-0.001603	0.001490	-0.001603	0.001490	-0.054279	0.050453
71	A	67	8301	6536	0.010251	0	0	8301	36	8292	6542	0.005503	0	1	8292	0	0	0	nan	0	0	0	0.004748	0.001552	0.004748	0.001552	0.160772	0.052552
72	C	103	8299	6433	0.016011	0	0	8299	105	8292	6389	0.016434	0	1	8292	0	0	0	nan	0	0	0	-0.000423	0.002250	-0.000423	0.002250	-0.014323	0.076187
73	C	243	8294	6983	0.034799	0	0	8294	268	8290	6876	0.038976	0	1	8290	0	0	0	nan	0	0	0	-0.004177	0.003264	-0.004177	0.003264	-0.141437	0.110522
74	C	485	8281	6872	0.070576	0	0	8281	166	8281	6798	0.024419	0	1	8281	0	0	0	nan	0	0	0	0.046157	0.003723	0.046157	0.003723	1.562918	0.126064
75	C	118	8255	6754	0.017471	0	0	8255	6	8263	6847	0.000876	0	1	8263	0	0	0	nan	0	0	0	0.016595	0.001648	0.016595	0.001648	0.561922	0.055803
76	A	0	7952	0	nan	0	0	7952	0	8041	0	nan	0	1	8041	0	0	0	nan	0	0	0	nan	nan	nan	nan	nan	nan