0.000000
0.000000
0.079686
0.752014
0.197883
0.831006
0.850000
0.000000
0.130677
0.850000
0.167221
0.057925
0.208395
0.000000
0.000000
0.000000
0.000000
0.000000
0.419853
0.000000
0.055733
0.327084
0.850000
0.047100
0.245744
0.036969
0.115939
0.000000
0.000000
0.032496
0.000000
0.088341
0.014269
0.062308
0.850000
0.000000
0.322969
0.000000
0.000000
0.043455
0.798309
0.000000
0.049762
0.850000
0.057097
0.384629
0.019189
0.000000
0.055487
0.850000
0.850000
0.000000
0.597429
0.524140
0.565828
0.850000
0.000000
0.000000
0.000000
0.129469
0.060519
0.018160
0.162390
0.611251
0.028001
0.122715
0.850000
0.270792
0.850000
0.000000
0.000000
0.000000
0.026077
0.060966
0.571173
0.000000
0.041017
0.015946
0.003623
0.039876
0.223178
0.850000
0.000000
0.435464
0.850000
0.491778
0.000000
