0.000000
0.000000
0.000000
0.368181
0.378110
0.011391
0.271750
0.000000
0.021898
0.449006
0.099900
0.100614
0.023972
0.314049
0.058009
0.000000
0.000000
0.060015
0.391813
0.000000
0.064401
0.183683
0.227682
0.196366
0.004080
0.307554
0.060763
0.109659
0.000000
0.023666
0.066849
0.000000
0.143151
0.850000
0.000000
0.046448
0.000000
0.013941
0.139751
0.193883
0.782878
0.165797
0.720449
0.071066
0.489367
0.000000
0.060559
0.000000
0.022442
0.064095
0.067665
0.221630
0.751222
0.000000
0.053486
0.000000
0.000000
0.850000
0.850000
0.000000
0.000000
0.000000
0.049066
0.153148
0.850000
0.000000
0.000000
0.128768
0.130604
0.395451
0.850000
0.051956
0.850000
0.850000
0.850000
0.000000
