Nucleotide	Sequence	Modified_mutations	Modified_read_depth	Modified_effective_depth	Modified_rate	Modified_off_target_mapped_depth	Modified_low_mapq_mapped_depth	Modified_mapped_depth	Untreated_mutations	Untreated_read_depth	Untreated_effective_depth	Untreated_rate	Untreated_off_target_mapped_depth	Untreated_low_mapq_mapped_depth	Untreated_mapped_depth	Denatured_mutations	Denatured_read_depth	Denatured_effective_depth	Denatured_rate	Denatured_off_target_mapped_depth	Denatured_low_mapq_mapped_depth	Denatured_mapped_depth	Reactivity_profile	Std_err	HQ_profile	HQ_stderr	Norm_profile	Norm_stderr
1	G	0	713	698	0.000000	0	0	713	0	1381	1353	0.000000	0	0	1381	0	0	0	nan	0	0	0	0.000000	0.000000	0.000000	0.000000	0.000000	0.000000
2	C	0	751	725	0.000000	0	0	751	0	1428	1369	0.000000	0	0	1428	0	0	0	nan	0	0	0	0.000000	0.000000	0.000000	0.000000	0.000000	0.000000
3	G	27	757	734	0.036785	0	0	757	15	1439	1395	0.010753	0	0	1439	0	0	0	nan	0	0	0	0.026032	0.007604	0.026032	0.007604	0.812803	0.237421
4	C	5	770	733	0.006821	0	0	770	15	1441	1384	0.010838	0	0	1441	0	0	0	nan	0	0	0	-0.004017	0.004140	-0.004017	0.004140	-0.125424	0.129264
5	C	11	773	740	0.014865	0	0	773	20	1446	1397	0.014316	0	0	1446	0	0	0	nan	0	0	0	0.000548	0.005508	0.000548	0.005508	0.017110	0.171978
6	C	3	776	736	0.004076	0	0	776	10	1452	1392	0.007184	0	0	1452	0	0	0	nan	0	0	0	-0.003108	0.003271	-0.003108	0.003271	-0.097042	0.102131
7	G	14	777	744	0.018817	0	0	777	7	1454	1392	0.005029	0	0	1454	0	0	0	nan	0	0	0	0.013788	0.005376	0.013788	0.005376	0.430506	0.167856
8	U	134	814	755	0.177483	0	0	814	199	1518	1428	0.139356	0	0	1518	0	0	0	nan	0	0	0	0.038128	0.018239	nan	nan	nan	nan
9	A	23	838	790	0.029114	0	0	838	0	1545	1459	0.000000	0	0	1545	0	0	0	nan	0	0	0	0.029114	0.006071	0.029114	0.006071	0.909033	0.189556
10	G	12	873	823	0.014581	0	0	873	25	1548	1464	0.017077	0	0	1548	0	0	0	nan	0	0	0	-0.002496	0.005420	-0.002496	0.005420	-0.077933	0.169230
11	C	16	885	853	0.018757	0	0	885	12	1564	1503	0.007984	0	0	1564	0	0	0	nan	0	0	0	0.010773	0.005225	0.010773	0.005225	0.336368	0.163141
12	U	8	915	871	0.009185	0	0	915	23	1655	1569	0.014659	0	0	1655	0	0	0	nan	0	0	0	-0.005474	0.004460	-0.005474	0.004460	-0.170916	0.139256
13	C	2	920	843	0.002372	0	0	920	5	1667	1526	0.003277	0	0	1667	0	0	0	nan	0	0	0	-0.000904	0.002227	-0.000904	0.002227	-0.028226	0.069534
14	A	17	927	852	0.019953	0	0	927	5	1706	1562	0.003201	0	0	1706	0	0	0	nan	0	0	0	0.016752	0.005047	0.016752	0.005047	0.523052	0.157584
15	G	9	930	856	0.010514	0	0	930	17	1708	1578	0.010773	0	0	1708	0	0	0	nan	0	0	0	-0.000259	0.004371	-0.000259	0.004371	-0.008087	0.136477
16	C	23	934	888	0.025901	0	0	934	19	1722	1633	0.011635	0	0	1722	0	0	0	nan	0	0	0	0.014266	0.006024	0.014266	0.006024	0.445431	0.188089
17	U	4	940	890	0.004494	0	0	940	23	1728	1619	0.014206	0	0	1728	0	0	0	nan	0	0	0	-0.009712	0.003718	-0.009712	0.003718	-0.303240	0.116088
18	G	14	941	890	0.015730	0	0	941	17	1735	1623	0.010474	0	0	1735	0	0	0	nan	0	0	0	0.005256	0.004912	0.005256	0.004912	0.164109	0.153369
19	G	10	953	912	0.010965	0	0	953	4	1741	1653	0.002420	0	0	1741	0	0	0	nan	0	0	0	0.008545	0.003672	0.008545	0.003672	0.266803	0.114652
20	A	34	955	926	0.036717	0	0	955	28	1747	1690	0.016568	0	0	1747	0	0	0	nan	0	0	0	0.020149	0.007032	0.020149	0.007032	0.629117	0.219562
21	U	8	964	935	0.008556	0	0	964	18	1751	1702	0.010576	0	0	1751	0	0	0	nan	0	0	0	-0.002020	0.003920	-0.002020	0.003920	-0.063071	0.122395
22	A	2	964	936	0.002137	0	0	964	9	1752	1685	0.005341	0	0	1752	0	0	0	nan	0	0	0	-0.003204	0.002335	-0.003204	0.002335	-0.100039	0.072906
23	G	5	965	891	0.005612	0	0	965	7	1753	1554	0.004505	0	0	1753	0	0	0	nan	0	0	0	0.001107	0.003033	0.001107	0.003033	0.034564	0.094700
24	A	1	965	876	0.001142	0	0	965	4	1754	1548	0.002584	0	0	1754	0	0	0	nan	0	0	0	-0.001442	0.001724	-0.001442	0.001724	-0.045024	0.053829
25	G	46	965	864	0.053241	0	0	965	18	1754	1533	0.011742	0	0	1754	0	0	0	nan	0	0	0	0.041499	0.008323	0.041499	0.008323	1.295733	0.259871
26	C	8	964	892	0.008969	0	0	964	11	1755	1642	0.006699	0	0	1755	0	0	0	nan	0	0	0	0.002269	0.003760	0.002269	0.003760	0.070846	0.117399
27	G	31	963	900	0.034444	0	0	963	19	1755	1657	0.011467	0	0	1755	0	0	0	nan	0	0	0	0.022978	0.006722	0.022978	0.006722	0.717448	0.209883
28	C	10	963	900	0.011111	0	0	963	9	1755	1651	0.005451	0	0	1755	0	0	0	nan	0	0	0	0.005660	0.003956	0.005660	0.003956	0.176724	0.123519
29	U	5	963	902	0.005543	0	0	963	14	1755	1651	0.008480	0	0	1755	0	0	0	nan	0	0	0	-0.002936	0.003359	-0.002936	0.003359	-0.091671	0.104879
30	G	15	961	891	0.016835	0	0	961	25	1755	1636	0.015281	0	0	1755	0	0	0	nan	0	0	0	0.001554	0.005314	0.001554	0.005314	0.048521	0.165920
31	C	19	961	902	0.021064	0	0	961	40	1754	1649	0.024257	0	0	1754	0	0	0	nan	0	0	0	-0.003193	0.006170	-0.003193	0.006170	-0.099696	0.192647
32	C	0	961	885	0.000000	0	0	961	22	1755	1645	0.013374	0	0	1755	0	0	0	nan	0	0	0	-0.013374	0.002851	-0.013374	0.002851	-0.417580	0.089017
33	C	680	960	892	0.762332	0	0	960	44	1754	1628	0.027027	0	0	1754	0	0	0	nan	0	0	0	0.735305	0.029517	0.735305	0.029517	22.958602	0.921616
34	U	20	961	900	0.022222	0	0	961	22	1754	1638	0.013431	0	0	1754	0	0	0	nan	0	0	0	0.008791	0.005735	0.008791	0.005735	0.274483	0.179065
35	C	17	961	903	0.018826	0	0	961	9	1755	1662	0.005415	0	0	1755	0	0	0	nan	0	0	0	0.013411	0.004910	0.013411	0.004910	0.418735	0.153306
36	C	21	963	895	0.023464	0	0	963	44	1755	1632	0.026961	0	0	1755	0	0	0	nan	0	0	0	-0.003497	0.006537	-0.003497	0.006537	-0.109188	0.204106
37	G	20	962	880	0.022727	0	0	962	2	1755	1585	0.001262	0	0	1755	0	0	0	nan	0	0	0	0.021465	0.005160	0.021465	0.005160	0.670207	0.161112
38	G	383	963	888	0.431306	0	0	963	720	1755	1583	0.454833	0	0	1755	0	0	0	nan	0	0	0	-0.023526	0.027803	nan	nan	nan	nan
39	A	3	966	900	0.003333	0	0	966	2	1755	1612	0.001241	0	0	1755	0	0	0	nan	0	0	0	0.002093	0.002115	0.002093	0.002115	0.065350	0.066037
40	G	24	965	913	0.026287	0	0	965	6	1755	1637	0.003665	0	0	1755	0	0	0	nan	0	0	0	0.022622	0.005571	0.022622	0.005571	0.706332	0.173945
41	G	40	965	916	0.043668	0	0	965	16	1757	1652	0.009685	0	0	1757	0	0	0	nan	0	0	0	0.033983	0.007317	0.033983	0.007317	1.061059	0.228460
42	C	9	964	924	0.009740	0	0	964	7	1757	1661	0.004214	0	0	1757	0	0	0	nan	0	0	0	0.005526	0.003616	0.005526	0.003616	0.172540	0.112903
43	A	8	964	932	0.008584	0	0	964	6	1756	1677	0.003578	0	0	1756	0	0	0	nan	0	0	0	0.005006	0.003368	0.005006	0.003368	0.156304	0.105160
44	G	50	963	925	0.054054	0	0	963	17	1756	1672	0.010167	0	0	1756	0	0	0	nan	0	0	0	0.043887	0.008032	0.043887	0.008032	1.370294	0.250785
45	A	12	964	917	0.013086	0	0	964	5	1756	1657	0.003018	0	0	1756	0	0	0	nan	0	0	0	0.010069	0.004011	0.010069	0.004011	0.314387	0.125236
46	G	17	962	901	0.018868	0	0	962	7	1756	1630	0.004294	0	0	1756	0	0	0	nan	0	0	0	0.014573	0.004855	0.014573	0.004855	0.455016	0.151589
47	G	177	962	883	0.200453	0	0	962	346	1755	1572	0.220102	0	0	1755	0	0	0	nan	0	0	0	-0.019649	0.019158	nan	nan	nan	nan
48	U	18	963	882	0.020408	0	0	963	42	1761	1556	0.026992	0	0	1761	0	0	0	nan	0	0	0	-0.006584	0.006363	-0.006584	0.006363	-0.205574	0.198673
49	C	5	963	878	0.005695	0	0	963	10	1759	1575	0.006349	0	0	1759	0	0	0	nan	0	0	0	-0.000654	0.003243	-0.000654	0.003243	-0.020420	0.101257
50	U	4	964	907	0.004410	0	0	964	11	1762	1637	0.006720	0	0	1762	0	0	0	nan	0	0	0	-0.002309	0.002995	-0.002309	0.002995	-0.072094	0.093514
51	C	6	965	911	0.006586	0	0	965	13	1762	1676	0.007757	0	0	1762	0	0	0	nan	0	0	0	-0.001170	0.003443	-0.001170	0.003443	-0.036531	0.107502
52	A	4	964	910	0.004396	0	0	964	5	1762	1675	0.002985	0	0	1762	0	0	0	nan	0	0	0	0.001411	0.002571	0.001411	0.002571	0.044056	0.080275
53	G	26	963	888	0.029279	0	0	963	20	1760	1648	0.012136	0	0	1760	0	0	0	nan	0	0	0	0.017143	0.006351	0.017143	0.006351	0.535260	0.198299
54	G	34	962	877	0.038769	0	0	962	15	1759	1607	0.009334	0	0	1759	0	0	0	nan	0	0	0	0.029434	0.007072	0.029434	0.007072	0.919025	0.220811
55	U	21	962	875	0.024000	0	0	962	47	1759	1601	0.029357	0	0	1759	0	0	0	nan	0	0	0	-0.005357	0.006765	-0.005357	0.006765	-0.167263	0.211225
56	U	6	962	894	0.006711	0	0	962	26	1757	1611	0.016139	0	0	1757	0	0	0	nan	0	0	0	-0.009428	0.004186	-0.009428	0.004186	-0.294373	0.130700
57	C	15	962	900	0.016667	0	0	962	16	1757	1627	0.009834	0	0	1757	0	0	0	nan	0	0	0	0.006833	0.004956	0.006833	0.004956	0.213348	0.154742
58	G	4	962	893	0.004479	0	0	962	5	1754	1627	0.003073	0	0	1754	0	0	0	nan	0	0	0	0.001406	0.002628	0.001406	0.002628	0.043900	0.082055
59	A	451	961	876	0.514840	0	0	961	5	1754	1579	0.003167	0	0	1754	0	0	0	nan	0	0	0	0.511674	0.024284	0.511674	0.024284	15.976119	0.758225
60	A	10	961	883	0.011325	0	0	961	13	1753	1579	0.008233	0	0	1753	0	0	0	nan	0	0	0	0.003092	0.004247	0.003092	0.004247	0.096542	0.132605
61	U	9	961	880	0.010227	0	0	961	18	1751	1570	0.011465	0	0	1751	0	0	0	nan	0	0	0	-0.001238	0.004350	-0.001238	0.004350	-0.038654	0.135821
62	C	5	960	899	0.005562	0	0	960	10	1751	1611	0.006207	0	0	1751	0	0	0	nan	0	0	0	-0.000646	0.003169	-0.000646	0.003169	-0.020170	0.098946
63	C	7	959	889	0.007874	0	0	959	13	1748	1588	0.008186	0	0	1748	0	0	0	nan	0	0	0	-0.000312	0.003743	-0.000312	0.003743	-0.009742	0.116869
64	U	15	959	869	0.017261	0	0	959	13	1746	1544	0.008420	0	0	1746	0	0	0	nan	0	0	0	0.008842	0.005032	0.008842	0.005032	0.276076	0.157115
65	G	32	956	860	0.037209	0	0	956	28	1745	1547	0.018100	0	0	1745	0	0	0	nan	0	0	0	0.019110	0.007414	0.019110	0.007414	0.596676	0.231489
66	U	21	955	874	0.024027	0	0	955	45	1744	1575	0.028571	0	0	1744	0	0	0	nan	0	0	0	-0.004544	0.006755	-0.004544	0.006755	-0.141878	0.210913
67	C	14	955	874	0.016018	0	0	955	21	1742	1586	0.013241	0	0	1742	0	0	0	nan	0	0	0	0.002777	0.005165	0.002777	0.005165	0.086707	0.161268
68	G	20	954	868	0.023041	0	0	954	12	1739	1560	0.007692	0	0	1739	0	0	0	nan	0	0	0	0.015349	0.005610	0.015349	0.005610	0.479245	0.175162
69	G	13	952	848	0.015330	0	0	952	10	1739	1551	0.006447	0	0	1739	0	0	0	nan	0	0	0	0.008883	0.004715	0.008883	0.004715	0.277356	0.147218
70	G	45	952	861	0.052265	0	0	952	21	1738	1578	0.013308	0	0	1738	0	0	0	nan	0	0	0	0.038957	0.008315	0.038957	0.008315	1.216364	0.259621
71	C	6	951	873	0.006873	0	0	951	15	1738	1587	0.009452	0	0	1738	0	0	0	nan	0	0	0	-0.002579	0.003719	-0.002579	0.003719	-0.080525	0.116119
72	G	40	951	889	0.044994	0	0	951	15	1738	1610	0.009317	0	0	1738	0	0	0	nan	0	0	0	0.035678	0.007510	0.035678	0.007510	1.113983	0.234487
73	C	10	951	867	0.011534	0	0	951	14	1738	1593	0.008788	0	0	1738	0	0	0	nan	0	0	0	0.002746	0.004338	0.002746	0.004338	0.085739	0.135446
74	G	34	949	868	0.039171	0	0	949	13	1737	1590	0.008176	0	0	1737	0	0	0	nan	0	0	0	0.030994	0.007090	0.030994	0.007090	0.967733	0.221373
75	C	13	948	851	0.015276	0	0	948	6	1737	1556	0.003856	0	0	1737	0	0	0	nan	0	0	0	0.011420	0.004520	0.011420	0.004520	0.356569	0.141129
76	C	13	947	801	0.016230	0	0	947	2	1737	1489	0.001343	0	0	1737	0	0	0	nan	0	0	0	0.014887	0.004600	0.014887	0.004600	0.464820	0.143627
77	A	0	916	0	nan	0	0	916	0	1725	0	nan	0	0	1725	0	0	0	nan	0	0	0	nan	nan	nan	nan	nan	nan