0.000000
0.000000
0.850000
0.000000
0.000000
0.850000
0.000000
0.689578
0.759237
0.159313
0.050599
0.000000
0.049880
0.850000
0.112634
0.000000
0.000000
0.128170
0.228649
0.029561
0.060668
0.000000
0.315390
0.850000
0.040206
0.850000
0.315030
0.000000
0.052217
0.850000
0.082498
0.567558
0.000000
0.850000
0.006617
0.000000
0.000000
0.850000
0.000000
0.005502
0.134140
0.044485
0.015248
0.003344
0.146798
0.000000
0.000000
0.107815
0.217752
0.000000
0.041537
0.111699
0.459203
0.000000
0.021038
0.069623
0.000000
0.850000
0.000000
0.000000
0.000000
0.014529
0.000000
0.323194
0.000000
0.000000
0.058834
0.755713
0.078758
0.000000
0.086453
0.114324
0.696447
0.850000
0.372678
0.000000
