0.000000
0.000000
0.850000
0.000000
0.000000
0.194348
0.484030
0.000000
0.850000
0.533053
0.000000
0.000000
0.001694
0.850000
0.008662
0.634679
0.000000
0.124274
0.002226
0.728804
0.000000
0.195364
0.136421
0.273422
0.850000
0.000000
0.226287
0.132259
0.000000
0.458914
0.850000
0.000000
0.000000
0.190912
0.671990
0.038134
0.850000
0.000000
0.202187
0.363821
0.678184
0.000000
0.377613
0.850000
0.148084
0.084204
0.000000
0.000000
0.195219
0.302700
0.103659
0.353755
0.322638
0.101868
0.000000
0.164344
0.000000
0.000000
0.850000
0.000000
0.000000
0.000000
0.083140
0.000000
0.850000
0.153552
0.000000
0.310734
0.608353
0.850000
0.186169
0.850000
0.253726
0.000000
0.708382
0.400310
0.000000
