Nucleotide	Sequence	Modified_mutations	Modified_read_depth	Modified_effective_depth	Modified_rate	Modified_off_target_mapped_depth	Modified_low_mapq_mapped_depth	Modified_mapped_depth	Untreated_mutations	Untreated_read_depth	Untreated_effective_depth	Untreated_rate	Untreated_off_target_mapped_depth	Untreated_low_mapq_mapped_depth	Untreated_mapped_depth	Denatured_mutations	Denatured_read_depth	Denatured_effective_depth	Denatured_rate	Denatured_off_target_mapped_depth	Denatured_low_mapq_mapped_depth	Denatured_mapped_depth	Reactivity_profile	Std_err	HQ_profile	HQ_stderr	Norm_profile	Norm_stderr
1	G	0	1207	1166	0.000000	0	40	1207	0	1431	1373	0.000000	0	16	1431	0	0	0	nan	0	0	0	0.000000	0.000000	0.000000	0.000000	0.000000	0.000000
2	G	0	1243	1186	0.000000	0	41	1243	0	1454	1381	0.000000	0	17	1454	0	0	0	nan	0	0	0	0.000000	0.000000	0.000000	0.000000	0.000000	0.000000
3	U	17	1290	1218	0.013957	0	42	1290	19	1475	1396	0.013610	0	17	1475	0	0	0	nan	0	0	0	0.000347	0.004605	0.000347	0.004605	0.009784	0.129844
4	G	16	1298	1224	0.013072	0	43	1298	8	1480	1390	0.005755	0	17	1480	0	0	0	nan	0	0	0	0.007316	0.003850	0.007316	0.003850	0.206284	0.108556
5	G	35	1307	1226	0.028548	0	44	1307	24	1483	1371	0.017505	0	17	1483	0	0	0	nan	0	0	0	0.011043	0.006004	0.011043	0.006004	0.311372	0.169291
6	G	25	1315	1242	0.020129	0	44	1315	12	1487	1380	0.008696	0	17	1487	0	0	0	nan	0	0	0	0.011433	0.004744	0.011433	0.004744	0.322368	0.133763
7	G	46	1320	1232	0.037338	0	45	1320	27	1498	1361	0.019838	0	17	1498	0	0	0	nan	0	0	0	0.017499	0.006699	0.017499	0.006699	0.493407	0.188887
8	U	251	1395	1283	0.195635	0	47	1395	581	1594	1393	0.417085	0	19	1594	0	0	0	nan	0	0	0	-0.221450	0.021258	nan	nan	nan	nan
9	U	156	1520	1452	0.107438	0	53	1520	323	1881	1743	0.185313	0	19	1881	0	0	0	nan	0	0	0	-0.077875	0.013428	nan	nan	nan	nan
10	C	16	1694	1634	0.009792	0	59	1694	9	2490	2384	0.003775	0	30	2490	0	0	0	nan	0	0	0	0.006017	0.002752	0.006017	0.002752	0.169657	0.077596
11	C	18	1742	1679	0.010721	0	62	1742	7	2527	2443	0.002865	0	32	2527	0	0	0	nan	0	0	0	0.007855	0.002749	0.007855	0.002749	0.221482	0.077512
12	C	30	1791	1714	0.017503	0	63	1791	20	2586	2476	0.008078	0	32	2586	0	0	0	nan	0	0	0	0.009425	0.003671	0.009425	0.003671	0.265750	0.103509
13	G	30	1808	1612	0.018610	0	64	1808	13	2605	2316	0.005613	0	32	2605	0	0	0	nan	0	0	0	0.012997	0.003737	0.012997	0.003737	0.366468	0.105370
14	A	50	1825	1621	0.030845	0	65	1825	11	2615	2298	0.004787	0	32	2615	0	0	0	nan	0	0	0	0.026058	0.004595	0.026058	0.004595	0.734740	0.129562
15	G	61	1842	1644	0.037105	0	66	1842	33	2632	2326	0.014187	0	32	2632	0	0	0	nan	0	0	0	0.022917	0.005354	0.022917	0.005354	0.646175	0.150963
16	C	107	1896	1796	0.059577	0	69	1896	41	2657	2493	0.016446	0	32	2657	0	0	0	nan	0	0	0	0.043131	0.006306	0.043131	0.006306	1.216135	0.177806
17	G	83	1914	1827	0.045430	0	71	1914	76	2662	2515	0.030219	0	32	2662	0	0	0	nan	0	0	0	0.015211	0.006073	0.015211	0.006073	0.428894	0.171236
18	G	61	1930	1853	0.032920	0	72	1930	42	2673	2529	0.016607	0	32	2673	0	0	0	nan	0	0	0	0.016312	0.004933	0.016312	0.004933	0.459938	0.139092
19	C	125	1970	1900	0.065789	0	73	1970	14	2690	2560	0.005469	0	32	2690	0	0	0	nan	0	0	0	0.060321	0.006063	0.060321	0.006063	1.700830	0.170954
20	C	17	2014	1967	0.008643	0	76	2014	12	2732	2639	0.004547	0	32	2732	0	0	0	nan	0	0	0	0.004095	0.002473	0.004095	0.002473	0.115464	0.069729
21	A	75	2074	2009	0.037332	0	77	2074	11	2771	2666	0.004126	0	32	2771	0	0	0	nan	0	0	0	0.033206	0.004487	0.033206	0.004487	0.936287	0.126517
22	A	16	2126	2061	0.007763	0	78	2126	6	2783	2678	0.002240	0	32	2783	0	0	0	nan	0	0	0	0.005523	0.002146	0.005523	0.002146	0.155728	0.060509
23	A	236	2154	2056	0.114786	0	79	2154	14	2791	2650	0.005283	0	32	2791	0	0	0	nan	0	0	0	0.109503	0.007604	0.109503	0.007604	3.087581	0.214405
24	G	65	2225	2088	0.031130	0	80	2225	54	2795	2603	0.020745	0	31	2795	0	0	0	nan	0	0	0	0.010385	0.004783	0.010385	0.004783	0.292819	0.134863
25	G	66	2238	2067	0.031930	0	80	2238	52	2803	2591	0.020069	0	30	2803	0	0	0	nan	0	0	0	0.011861	0.004816	0.011861	0.004816	0.334437	0.135793
26	G	89	2248	2067	0.043058	0	81	2248	19	2807	2578	0.007370	0	30	2807	0	0	0	nan	0	0	0	0.035688	0.004867	0.035688	0.004867	1.006270	0.137231
27	A	322	2260	2111	0.152534	0	81	2260	11	2815	2634	0.004176	0	30	2815	0	0	0	nan	0	0	0	0.148358	0.008593	0.148358	0.008593	4.183149	0.242291
28	G	51	2268	2135	0.023888	0	81	2268	28	2824	2665	0.010507	0	30	2824	0	0	0	nan	0	0	0	0.013381	0.003890	0.013381	0.003890	0.377295	0.109684
29	C	12	2275	2167	0.005538	0	81	2275	11	2827	2694	0.004083	0	30	2827	0	0	0	nan	0	0	0	0.001454	0.002018	0.001454	0.002018	0.040997	0.056900
30	A	22	2279	2186	0.010064	0	81	2279	15	2829	2705	0.005545	0	30	2829	0	0	0	nan	0	0	0	0.004519	0.002580	0.004519	0.002580	0.127419	0.072746
31	G	95	2280	2132	0.044559	0	81	2280	14	2830	2632	0.005319	0	30	2830	0	0	0	nan	0	0	0	0.039240	0.004788	0.039240	0.004788	1.106423	0.135004
32	A	33	2285	2125	0.015529	0	81	2285	21	2837	2623	0.008006	0	30	2837	0	0	0	nan	0	0	0	0.007523	0.003219	0.007523	0.003219	0.212121	0.090764
33	C	49	2289	2122	0.023091	0	81	2289	32	2840	2615	0.012237	0	30	2840	0	0	0	nan	0	0	0	0.010854	0.003945	0.010854	0.003945	0.306043	0.111234
34	U	18	2293	2159	0.008337	0	81	2293	29	2847	2674	0.010845	0	30	2847	0	0	0	nan	0	0	0	-0.002508	0.002814	-0.002508	0.002814	-0.070716	0.079344
35	G	92	2296	2134	0.043112	0	81	2296	91	2858	2647	0.034379	0	30	2858	0	0	0	nan	0	0	0	0.008733	0.005761	0.008733	0.005761	0.246238	0.162439
36	U	29	2373	2229	0.013010	0	82	2373	23	2931	2740	0.008394	0	30	2931	0	0	0	nan	0	0	0	0.004616	0.002983	0.004616	0.002983	0.130154	0.084110
37	A	29	2384	2273	0.012758	0	82	2384	8	2947	2805	0.002852	0	30	2947	0	0	0	nan	0	0	0	0.009906	0.002575	0.009906	0.002575	0.279313	0.072606
38	A	313	2397	2306	0.135733	0	82	2397	404	2951	2857	0.141407	0	30	2951	0	0	0	nan	0	0	0	-0.005674	0.010409	nan	nan	nan	nan
39	A	138	2521	2418	0.057072	0	83	2521	8	3068	2942	0.002719	0	30	3068	0	0	0	nan	0	0	0	0.054353	0.004952	0.054353	0.004952	1.532554	0.139628
40	U	25	2549	2425	0.010309	0	83	2549	30	3088	2958	0.010142	0	28	3088	0	0	0	nan	0	0	0	0.000167	0.002771	0.000167	0.002771	0.004709	0.078132
41	C	23	2558	2443	0.009415	0	84	2558	26	3099	2971	0.008751	0	27	3099	0	0	0	nan	0	0	0	0.000663	0.002608	0.000663	0.002608	0.018694	0.073536
42	U	15	2595	2466	0.006083	0	85	2595	18	3127	2977	0.006046	0	26	3127	0	0	0	nan	0	0	0	0.000036	0.002121	0.000036	0.002121	0.001015	0.059804
43	G	75	2608	2479	0.030254	0	84	2608	28	3132	2972	0.009421	0	23	3132	0	0	0	nan	0	0	0	0.020833	0.003921	0.020833	0.003921	0.587414	0.110558
44	C	17	2611	2477	0.006863	0	83	2611	36	3132	2962	0.012154	0	23	3132	0	0	0	nan	0	0	0	-0.005291	0.002622	-0.005291	0.002622	-0.149187	0.073931
45	C	23	2614	2476	0.009289	0	83	2614	17	3132	2949	0.005765	0	22	3132	0	0	0	nan	0	0	0	0.003525	0.002389	0.003525	0.002389	0.099392	0.067361
46	G	48	2618	2417	0.019859	0	81	2618	26	3132	2890	0.008997	0	20	3132	0	0	0	nan	0	0	0	0.010863	0.003366	0.010863	0.003366	0.306297	0.094909
47	U	27	2637	2439	0.011070	0	81	2637	42	3145	2901	0.014478	0	20	3145	0	0	0	nan	0	0	0	-0.003408	0.003087	-0.003408	0.003087	-0.096093	0.087042
48	C	24	2643	2458	0.009764	0	81	2643	8	3147	2944	0.002717	0	20	3147	0	0	0	nan	0	0	0	0.007047	0.002213	0.007047	0.002213	0.198699	0.062398
49	A	120	2653	2502	0.047962	0	81	2653	28	3156	2986	0.009377	0	19	3156	0	0	0	nan	0	0	0	0.038585	0.004723	0.038585	0.004723	1.087955	0.133171
50	U	13	2666	2516	0.005167	0	81	2666	25	3168	3003	0.008325	0	19	3168	0	0	0	nan	0	0	0	-0.003158	0.002197	-0.003158	0.002197	-0.089044	0.061947
51	C	68	2668	2491	0.027298	0	81	2668	18	3170	2960	0.006081	0	20	3170	0	0	0	nan	0	0	0	0.021217	0.003607	0.021217	0.003607	0.598241	0.101704
52	G	45	2668	2398	0.018766	0	86	2668	12	3170	2828	0.004243	0	20	3170	0	0	0	nan	0	0	0	0.014522	0.003054	0.014522	0.003054	0.409467	0.086112
53	A	46	2668	2402	0.019151	0	89	2668	18	3170	2839	0.006340	0	24	3170	0	0	0	nan	0	0	0	0.012810	0.003195	0.012810	0.003195	0.361195	0.090087
54	C	31	2668	2413	0.012847	0	89	2668	34	3169	2865	0.011867	0	24	3169	0	0	0	nan	0	0	0	0.000980	0.003077	0.000980	0.003077	0.027632	0.086760
55	U	30	2667	2510	0.011952	0	100	2667	47	3167	2995	0.015693	0	36	3167	0	0	0	nan	0	0	0	-0.003741	0.003163	-0.003741	0.003163	-0.105482	0.089185
56	U	37	2667	2486	0.014883	0	145	2667	33	3167	2975	0.011092	0	62	3167	0	0	0	nan	0	0	0	0.003791	0.003117	0.003791	0.003117	0.106892	0.087888
57	C	61	2666	2475	0.024646	0	159	2666	41	3166	2928	0.014003	0	70	3166	0	0	0	nan	0	0	0	0.010644	0.003839	0.010644	0.003839	0.300122	0.108246
58	G	48	2666	2485	0.019316	0	168	2666	5	3165	2937	0.001702	0	71	3165	0	0	0	nan	0	0	0	0.017613	0.002890	0.017613	0.002890	0.496622	0.081487
59	A	29	2666	2488	0.011656	0	169	2666	11	3164	2918	0.003770	0	73	3164	0	0	0	nan	0	0	0	0.007886	0.002445	0.007886	0.002445	0.222356	0.068940
60	A	15	2666	2487	0.006031	0	169	2666	8	3161	2950	0.002712	0	76	3161	0	0	0	nan	0	0	0	0.003319	0.001829	0.003319	0.001829	0.093584	0.051571
61	G	41	2665	2431	0.016865	0	170	2665	39	3160	2878	0.013551	0	76	3160	0	0	0	nan	0	0	0	0.003314	0.003413	0.003314	0.003413	0.093443	0.096234
62	G	69	2663	2385	0.028931	0	170	2663	37	3157	2853	0.012969	0	76	3157	0	0	0	nan	0	0	0	0.015962	0.004084	0.015962	0.004084	0.450070	0.115154
63	U	45	2663	2398	0.018766	0	174	2663	88	3156	2875	0.030609	0	76	3156	0	0	0	nan	0	0	0	-0.011843	0.004298	-0.011843	0.004298	-0.333929	0.121188
64	U	46	2664	2406	0.019119	0	174	2664	54	3155	2862	0.018868	0	76	3155	0	0	0	nan	0	0	0	0.000251	0.003813	0.000251	0.003813	0.007077	0.107513
65	C	47	2663	2391	0.019657	0	174	2663	48	3149	2853	0.016824	0	76	3149	0	0	0	nan	0	0	0	0.002833	0.003757	0.002833	0.003757	0.079880	0.105934
66	G	25	2662	2333	0.010716	0	174	2662	12	3146	2774	0.004326	0	76	3146	0	0	0	nan	0	0	0	0.006390	0.002480	0.006390	0.002480	0.180174	0.069927
67	A	1211	2657	2223	0.544759	0	174	2657	5	3140	2547	0.001963	0	76	3140	0	0	0	nan	0	0	0	0.542796	0.015679	0.542796	0.015679	15.304848	0.442090
68	A	36	2654	2250	0.016000	0	174	2654	29	3139	2575	0.011262	0	76	3139	0	0	0	nan	0	0	0	0.004738	0.003389	0.004738	0.003389	0.133594	0.095557
69	U	12	2651	2250	0.005333	0	174	2651	23	3137	2567	0.008960	0	76	3137	0	0	0	nan	0	0	0	-0.003627	0.002421	-0.003627	0.002421	-0.102268	0.068263
70	C	7	2646	2263	0.003093	0	174	2646	14	3134	2709	0.005168	0	76	3134	0	0	0	nan	0	0	0	-0.002075	0.001810	-0.002075	0.001810	-0.058507	0.051035
71	C	33	2645	2251	0.014660	0	174	2645	39	3133	2692	0.014487	0	76	3133	0	0	0	nan	0	0	0	0.000173	0.003449	0.000173	0.003449	0.004878	0.097249
72	U	24	2642	2279	0.010531	0	174	2642	32	3127	2697	0.011865	0	76	3127	0	0	0	nan	0	0	0	-0.001334	0.003003	-0.001334	0.003003	-0.037614	0.084674
73	U	38	2638	2339	0.016246	0	174	2638	51	3121	2739	0.018620	0	76	3121	0	0	0	nan	0	0	0	-0.002374	0.003707	-0.002374	0.003707	-0.066938	0.104524
74	C	43	2635	2290	0.018777	0	174	2635	29	3119	2667	0.010874	0	76	3119	0	0	0	nan	0	0	0	0.007904	0.003504	0.007904	0.003504	0.222864	0.098800
75	C	17	2631	2215	0.007675	0	174	2631	31	3114	2577	0.012029	0	76	3114	0	0	0	nan	0	0	0	-0.004355	0.002852	-0.004355	0.002852	-0.122795	0.080416
76	C	21	2627	2202	0.009537	0	174	2627	31	3110	2547	0.012171	0	76	3110	0	0	0	nan	0	0	0	-0.002634	0.003018	-0.002634	0.003018	-0.074269	0.085096
77	C	22	2624	2197	0.010014	0	173	2624	29	3106	2560	0.011328	0	76	3106	0	0	0	nan	0	0	0	-0.001314	0.002997	-0.001314	0.002997	-0.037050	0.084504
78	C	12	2610	1785	0.006723	0	173	2610	11	3100	2165	0.005081	0	76	3100	0	0	0	nan	0	0	0	0.001642	0.002472	0.001642	0.002472	0.046298	0.069701
79	A	20	2609	1853	0.010793	0	173	2609	25	3097	2260	0.011062	0	76	3097	0	0	0	nan	0	0	0	-0.000269	0.003274	-0.000269	0.003274	-0.007585	0.092315
80	C	20	2609	1819	0.010995	0	173	2609	28	3096	2201	0.012721	0	76	3096	0	0	0	nan	0	0	0	-0.001726	0.003439	-0.001726	0.003439	-0.048667	0.096967
81	C	101	2608	1853	0.054506	0	173	2608	127	3092	2203	0.057649	0	76	3092	0	0	0	nan	0	0	0	-0.003142	0.007455	nan	nan	nan	nan
82	A	39	2600	1846	0.021127	0	173	2600	18	3090	2204	0.008167	0	75	3090	0	0	0	nan	0	0	0	0.012960	0.003892	0.012960	0.003892	0.365424	0.109740
83	C	76	2594	1906	0.039874	0	173	2594	15	3082	2296	0.006533	0	75	3082	0	0	0	nan	0	0	0	0.033341	0.004875	0.033341	0.004875	0.940093	0.137457
84	C	77	2588	2163	0.035599	0	173	2588	3	3075	2673	0.001122	0	75	3075	0	0	0	nan	0	0	0	0.034476	0.004108	0.034476	0.004108	0.972096	0.115830
85	A	0	2488	0	nan	0	168	2488	0	3012	0	nan	0	73	3012	0	0	0	nan	0	0	0	nan	nan	nan	nan	nan	nan