0.000000
0.000000
0.000000
0.000000
0.000000
0.000000
0.000000
0.000000
0.000000
0.000000
0.000000
0.000000
0.000000
0.000000
0.000000
0.000000
0.000000
0.000000
0.671527
0.000000
0.176729
0.220137
0.850000
0.126188
0.314972
0.081729
0.850000
0.000000
0.000000
0.009069
0.626073
0.183586
0.000000
0.038183
0.000000
0.175457
0.401014
0.000000
0.000000
0.018442
0.096880
0.087010
0.215492
0.557338
0.131745
0.272393
0.060301
0.025464
0.399106
0.850000
0.627897
0.258845
0.414119
0.850000
0.000000
0.399770
0.000000
0.451389
0.000000
0.299323
0.122898
0.821713
0.060495
0.000000
0.850000
0.325699
0.850000
0.124169
0.000000
0.052836
0.000000
0.044956
0.491701
0.000000
0.003843
0.000000
0.086789
0.000000
0.085655
0.850000
0.000000
0.268937
0.850000
0.641058
0.000000
