Nucleotide	Sequence	Modified_mutations	Modified_read_depth	Modified_effective_depth	Modified_rate	Modified_off_target_mapped_depth	Modified_low_mapq_mapped_depth	Modified_mapped_depth	Untreated_mutations	Untreated_read_depth	Untreated_effective_depth	Untreated_rate	Untreated_off_target_mapped_depth	Untreated_low_mapq_mapped_depth	Untreated_mapped_depth	Denatured_mutations	Denatured_read_depth	Denatured_effective_depth	Denatured_rate	Denatured_off_target_mapped_depth	Denatured_low_mapq_mapped_depth	Denatured_mapped_depth	Reactivity_profile	Std_err	HQ_profile	HQ_stderr	Norm_profile	Norm_stderr
1	G	0	956	930	0.000000	0	0	956	0	2326	2288	0.000000	0	0	2326	0	0	0	nan	0	0	0	0.000000	0.000000	0.000000	0.000000	0.000000	0.000000
2	C	0	1014	965	0.000000	0	0	1014	0	2392	2320	0.000000	0	0	2392	0	0	0	nan	0	0	0	0.000000	0.000000	0.000000	0.000000	0.000000	0.000000
3	G	38	1020	983	0.038657	0	0	1020	19	2406	2344	0.008106	0	0	2406	0	0	0	nan	0	0	0	0.030551	0.006541	0.030551	0.006541	0.828576	0.177399
4	C	11	1035	987	0.011145	0	0	1035	15	2413	2323	0.006457	0	0	2413	0	0	0	nan	0	0	0	0.004688	0.003751	0.004688	0.003751	0.127144	0.101731
5	C	5	1040	994	0.005030	0	0	1040	10	2419	2322	0.004307	0	0	2419	0	0	0	nan	0	0	0	0.000724	0.002630	0.000724	0.002630	0.019636	0.071328
6	C	13	1043	988	0.013158	0	0	1043	8	2429	2310	0.003463	0	0	2429	0	0	0	nan	0	0	0	0.009695	0.003849	0.009695	0.003849	0.262939	0.104389
7	U	10	1111	1049	0.009533	0	0	1111	31	2528	2397	0.012933	0	0	2528	0	0	0	nan	0	0	0	-0.003400	0.003806	-0.003400	0.003806	-0.092212	0.103223
8	U	175	1177	1118	0.156530	0	0	1177	269	2632	2519	0.106788	0	0	2632	0	0	0	nan	0	0	0	0.049741	0.013506	nan	nan	nan	nan
9	A	38	1321	1268	0.029968	0	0	1321	5	2788	2687	0.001861	0	0	2788	0	0	0	nan	0	0	0	0.028108	0.004932	0.028108	0.004932	0.762319	0.133761
10	G	43	1358	1310	0.032824	0	0	1358	40	2802	2691	0.014864	0	0	2802	0	0	0	nan	0	0	0	0.017960	0.005530	0.017960	0.005530	0.487094	0.149979
11	C	20	1374	1325	0.015094	0	0	1374	17	2829	2700	0.006296	0	0	2829	0	0	0	nan	0	0	0	0.008798	0.003705	0.008798	0.003705	0.238611	0.100484
12	U	15	1438	1375	0.010909	0	0	1438	26	2925	2782	0.009346	0	0	2925	0	0	0	nan	0	0	0	0.001563	0.003361	0.001563	0.003361	0.042390	0.091154
13	C	7	1446	1389	0.005040	0	0	1446	11	2955	2833	0.003883	0	0	2955	0	0	0	nan	0	0	0	0.001157	0.002236	0.001157	0.002236	0.031379	0.060643
14	A	20	1457	1394	0.014347	0	0	1457	5	2995	2865	0.001745	0	0	2995	0	0	0	nan	0	0	0	0.012602	0.003302	0.012602	0.003302	0.341780	0.089554
15	G	25	1463	1373	0.018208	0	0	1463	25	2997	2830	0.008834	0	0	2997	0	0	0	nan	0	0	0	0.009374	0.004048	0.009374	0.004048	0.254233	0.109786
16	U	20	1491	1388	0.014409	0	0	1491	52	3067	2847	0.018265	0	0	3067	0	0	0	nan	0	0	0	-0.003856	0.004098	-0.003856	0.004098	-0.104579	0.111142
17	U	13	1496	1397	0.009306	0	0	1496	37	3084	2855	0.012960	0	0	3084	0	0	0	nan	0	0	0	-0.003654	0.003347	-0.003654	0.003347	-0.099100	0.090774
18	G	20	1513	1439	0.013899	0	0	1513	26	3111	2916	0.008916	0	0	3111	0	0	0	nan	0	0	0	0.004982	0.003566	0.004982	0.003566	0.135117	0.096714
19	G	15	1526	1461	0.010267	0	0	1526	18	3124	2960	0.006081	0	0	3124	0	0	0	nan	0	0	0	0.004186	0.003014	0.004186	0.003014	0.113529	0.081743
20	A	62	1532	1482	0.041835	0	0	1532	37	3135	2984	0.012399	0	0	3135	0	0	0	nan	0	0	0	0.029436	0.005691	0.029436	0.005691	0.798336	0.154346
21	U	10	1540	1492	0.006702	0	0	1540	29	3142	3025	0.009587	0	0	3142	0	0	0	nan	0	0	0	-0.002884	0.002768	-0.002884	0.002768	-0.078217	0.075071
22	A	3	1547	1480	0.002027	0	0	1547	8	3149	3006	0.002661	0	0	3149	0	0	0	nan	0	0	0	-0.000634	0.001502	-0.000634	0.001502	-0.017195	0.040736
23	G	11	1548	1467	0.007498	0	0	1548	8	3153	2987	0.002678	0	0	3153	0	0	0	nan	0	0	0	0.004820	0.002451	0.004820	0.002451	0.130724	0.066474
24	A	19	1548	1454	0.013067	0	0	1548	12	3155	2948	0.004071	0	0	3155	0	0	0	nan	0	0	0	0.008997	0.003220	0.008997	0.003220	0.244008	0.087330
25	G	67	1549	1447	0.046303	0	0	1549	22	3154	2916	0.007545	0	0	3154	0	0	0	nan	0	0	0	0.038758	0.005881	0.038758	0.005881	1.051158	0.159499
26	C	8	1549	1474	0.005427	0	0	1549	20	3154	2980	0.006711	0	0	3154	0	0	0	nan	0	0	0	-0.001284	0.002436	-0.001284	0.002436	-0.034823	0.066067
27	A	91	1549	1471	0.061863	0	0	1549	6	3156	3003	0.001998	0	0	3156	0	0	0	nan	0	0	0	0.059865	0.006536	0.059865	0.006536	1.623602	0.177263
28	A	19	1555	1496	0.012701	0	0	1555	12	3163	3054	0.003929	0	0	3163	0	0	0	nan	0	0	0	0.008771	0.003127	0.008771	0.003127	0.237879	0.084808
29	C	22	1555	1462	0.015048	0	0	1555	34	3163	2956	0.011502	0	0	3163	0	0	0	nan	0	0	0	0.003546	0.003766	0.003546	0.003766	0.096171	0.102138
30	G	29	1555	1344	0.021577	0	0	1555	18	3163	2624	0.006860	0	0	3163	0	0	0	nan	0	0	0	0.014718	0.004321	0.014718	0.004321	0.399168	0.117190
31	A	21	1556	1349	0.015567	0	0	1556	64	3165	2634	0.024298	0	0	3165	0	0	0	nan	0	0	0	-0.008731	0.004557	-0.008731	0.004557	-0.236794	0.123591
32	C	9	1559	1358	0.006627	0	0	1559	26	3170	2674	0.009723	0	0	3170	0	0	0	nan	0	0	0	-0.003096	0.002918	-0.003096	0.002918	-0.083967	0.079139
33	C	987	1560	1453	0.679284	0	0	1560	326	3169	2983	0.109286	0	0	3169	0	0	0	nan	0	0	0	0.569998	0.022453	nan	nan	nan	nan
34	U	20	1577	1473	0.013578	0	0	1577	28	3197	2990	0.009365	0	0	3197	0	0	0	nan	0	0	0	0.004213	0.003514	0.004213	0.003514	0.114261	0.095303
35	U	23	1594	1485	0.015488	0	0	1594	113	3208	3026	0.037343	0	0	3208	0	0	0	nan	0	0	0	-0.021855	0.004772	-0.021855	0.004772	-0.592731	0.129422
36	C	21	1611	1523	0.013789	0	0	1611	18	3222	3030	0.005941	0	0	3222	0	0	0	nan	0	0	0	0.007848	0.003319	0.007848	0.003319	0.212846	0.090015
37	U	9	1633	1555	0.005788	0	0	1633	19	3233	3076	0.006177	0	0	3233	0	0	0	nan	0	0	0	-0.000389	0.002394	-0.000389	0.002394	-0.010550	0.064928
38	A	58	1637	1565	0.037061	0	0	1637	96	3238	3088	0.031088	0	0	3238	0	0	0	nan	0	0	0	0.005973	0.005809	0.005973	0.005809	0.161994	0.157546
39	A	63	1661	1589	0.039648	0	0	1661	9	3246	3127	0.002878	0	0	3246	0	0	0	nan	0	0	0	0.036769	0.005086	0.036769	0.005086	0.997214	0.137938
40	G	69	1664	1565	0.044089	0	0	1664	13	3246	3069	0.004236	0	0	3246	0	0	0	nan	0	0	0	0.039854	0.005436	0.039854	0.005436	1.080883	0.147430
41	U	35	1669	1569	0.022307	0	0	1669	57	3250	3071	0.018561	0	0	3250	0	0	0	nan	0	0	0	0.003746	0.004501	0.003746	0.004501	0.101595	0.122072
42	C	12	1671	1559	0.007697	0	0	1671	22	3250	3069	0.007168	0	0	3250	0	0	0	nan	0	0	0	0.000529	0.002697	0.000529	0.002697	0.014347	0.073146
43	G	68	1674	1565	0.043450	0	1	1674	31	3249	3082	0.010058	0	0	3249	0	0	0	nan	0	0	0	0.033392	0.005570	0.033392	0.005570	0.905626	0.151064
44	U	19	1674	1548	0.012274	0	1	1674	42	3249	3063	0.013712	0	0	3249	0	0	0	nan	0	0	0	-0.001438	0.003522	-0.001438	0.003522	-0.039000	0.095520
45	G	37	1674	1550	0.023871	0	1	1674	33	3251	3034	0.010877	0	0	3251	0	0	0	nan	0	0	0	0.012994	0.004357	0.012994	0.004357	0.352411	0.118166
46	G	39	1673	1535	0.025407	0	1	1673	41	3250	2999	0.013671	0	0	3250	0	0	0	nan	0	0	0	0.011736	0.004595	0.011736	0.004595	0.318293	0.124621
47	G	81	1673	1548	0.052326	0	1	1673	42	3250	3004	0.013981	0	0	3250	0	0	0	nan	0	0	0	0.038344	0.006201	0.038344	0.006201	1.039930	0.168178
48	C	77	1673	1571	0.049013	0	1	1673	64	3250	3059	0.020922	0	0	3250	0	0	0	nan	0	0	0	0.028091	0.006168	0.028091	0.006168	0.761858	0.167283
49	C	12	1674	1554	0.007722	0	1	1674	29	3248	3015	0.009619	0	0	3248	0	0	0	nan	0	0	0	-0.001897	0.002856	-0.001897	0.002856	-0.051449	0.077458
50	G	33	1674	1557	0.021195	0	1	1674	22	3247	3013	0.007302	0	0	3247	0	0	0	nan	0	0	0	0.013893	0.004004	0.013893	0.004004	0.376793	0.108593
51	C	8	1677	1557	0.005138	0	1	1677	15	3245	3004	0.004993	0	0	3245	0	0	0	nan	0	0	0	0.000145	0.002228	0.000145	0.002228	0.003933	0.060426
52	A	2	1675	1578	0.001267	0	1	1675	5	3244	3053	0.001638	0	0	3244	0	0	0	nan	0	0	0	-0.000370	0.001157	-0.000370	0.001157	-0.010035	0.031379
53	G	26	1674	1531	0.016982	0	1	1674	38	3239	2984	0.012735	0	0	3239	0	0	0	nan	0	0	0	0.004248	0.003919	0.004248	0.003919	0.115210	0.106287
54	G	38	1673	1511	0.025149	0	1	1673	37	3237	2931	0.012624	0	0	3237	0	0	0	nan	0	0	0	0.012525	0.004577	0.012525	0.004577	0.339691	0.124133
55	U	39	1672	1513	0.025777	0	1	1672	92	3235	2934	0.031357	0	0	3235	0	0	0	nan	0	0	0	-0.005580	0.005265	-0.005580	0.005265	-0.151336	0.142792
56	U	44	1672	1528	0.028796	0	1	1672	71	3236	2949	0.024076	0	0	3236	0	0	0	nan	0	0	0	0.004720	0.005197	0.004720	0.005197	0.128011	0.140948
57	C	18	1672	1534	0.011734	0	1	1672	24	3235	2970	0.008081	0	0	3235	0	0	0	nan	0	0	0	0.003653	0.003220	0.003653	0.003220	0.099073	0.087330
58	G	11	1672	1509	0.007290	0	1	1672	9	3234	2965	0.003035	0	0	3234	0	0	0	nan	0	0	0	0.004254	0.002420	0.004254	0.002420	0.115373	0.065633
59	A	677	1672	1494	0.453146	0	1	1672	11	3234	2956	0.003721	0	0	3234	0	0	0	nan	0	0	0	0.449425	0.017452	0.449425	0.017452	12.188883	0.473317
60	A	33	1672	1513	0.021811	0	1	1672	42	3234	2956	0.014208	0	0	3234	0	0	0	nan	0	0	0	0.007603	0.004384	0.007603	0.004384	0.206201	0.118899
61	U	15	1669	1510	0.009934	0	1	1669	49	3227	2943	0.016650	0	0	3227	0	0	0	nan	0	0	0	-0.006716	0.003498	-0.006716	0.003498	-0.182145	0.094869
62	C	4	1668	1524	0.002625	0	1	1668	14	3224	2923	0.004790	0	0	3224	0	0	0	nan	0	0	0	-0.002165	0.001833	-0.002165	0.001833	-0.058717	0.049713
63	C	5	1667	1505	0.003322	0	1	1667	9	3223	2890	0.003114	0	0	3223	0	0	0	nan	0	0	0	0.000208	0.001812	0.000208	0.001812	0.005641	0.049143
64	U	8	1664	1483	0.005394	0	1	1664	27	3209	2813	0.009598	0	0	3209	0	0	0	nan	0	0	0	-0.004204	0.002655	-0.004204	0.002655	-0.114017	0.072006
65	G	28	1655	1477	0.018957	0	1	1655	25	3188	2814	0.008884	0	0	3188	0	0	0	nan	0	0	0	0.010073	0.003999	0.010073	0.003999	0.273190	0.108457
66	C	13	1653	1369	0.009496	0	1	1653	44	3184	2505	0.017565	0	0	3184	0	0	0	nan	0	0	0	-0.008069	0.003735	-0.008069	0.003735	-0.218840	0.101297
67	A	18	1652	1373	0.013110	0	1	1652	17	3177	2516	0.006757	0	0	3177	0	0	0	nan	0	0	0	0.006353	0.003498	0.006353	0.003498	0.172300	0.094869
68	G	22	1651	1356	0.016224	0	1	1651	51	3172	2459	0.020740	0	0	3172	0	0	0	nan	0	0	0	-0.004516	0.004517	-0.004516	0.004517	-0.122479	0.122506
69	G	35	1651	1462	0.023940	0	1	1651	23	3172	2761	0.008330	0	0	3172	0	0	0	nan	0	0	0	0.015609	0.004404	0.015609	0.004404	0.423333	0.119441
70	G	81	1650	1486	0.054509	0	1	1650	40	3170	2842	0.014075	0	0	3170	0	0	0	nan	0	0	0	0.040434	0.006452	0.040434	0.006452	1.096613	0.174985
71	C	18	1648	1505	0.011960	0	1	1648	21	3170	2870	0.007317	0	0	3170	0	0	0	nan	0	0	0	0.004643	0.003240	0.004643	0.003240	0.125923	0.087872
72	G	97	1648	1506	0.064409	0	1	1648	60	3169	2902	0.020675	0	0	3169	0	0	0	nan	0	0	0	0.043734	0.007063	0.043734	0.007063	1.186112	0.191556
73	C	67	1648	1468	0.045640	0	1	1648	109	3168	2842	0.038353	0	0	3168	0	0	0	nan	0	0	0	0.007287	0.006677	0.007287	0.006677	0.197631	0.181087
74	G	111	1648	1484	0.074798	0	1	1648	45	3165	2857	0.015751	0	0	3165	0	0	0	nan	0	0	0	0.059047	0.007478	0.059047	0.007478	1.601417	0.202811
75	C	37	1647	1493	0.024782	0	1	1647	20	3165	2864	0.006983	0	0	3165	0	0	0	nan	0	0	0	0.017799	0.004363	0.017799	0.004363	0.482728	0.118329
76	C	16	1646	1475	0.010847	0	1	1646	4	3163	2817	0.001420	0	0	3163	0	0	0	nan	0	0	0	0.009428	0.002803	0.009428	0.002803	0.255697	0.076020
77	A	0	1610	0	nan	0	1	1610	0	3119	0	nan	0	0	3119	0	0	0	nan	0	0	0	nan	nan	nan	nan	nan	nan