Nucleotide	Sequence	Modified_mutations	Modified_read_depth	Modified_effective_depth	Modified_rate	Modified_off_target_mapped_depth	Modified_low_mapq_mapped_depth	Modified_mapped_depth	Untreated_mutations	Untreated_read_depth	Untreated_effective_depth	Untreated_rate	Untreated_off_target_mapped_depth	Untreated_low_mapq_mapped_depth	Untreated_mapped_depth	Denatured_mutations	Denatured_read_depth	Denatured_effective_depth	Denatured_rate	Denatured_off_target_mapped_depth	Denatured_low_mapq_mapped_depth	Denatured_mapped_depth	Reactivity_profile	Std_err	HQ_profile	HQ_stderr	Norm_profile	Norm_stderr
1	G	0	701	682	0.000000	0	0	701	0	921	890	0.000000	0	0	921	0	0	0	nan	0	0	0	0.000000	0.000000	0.000000	0.000000	0.000000	0.000000
2	C	0	762	726	0.000000	0	0	762	0	931	884	0.000000	0	0	931	0	0	0	nan	0	0	0	0.000000	0.000000	0.000000	0.000000	0.000000	0.000000
3	C	1	770	736	0.001359	0	0	770	4	938	889	0.004499	0	0	938	0	0	0	nan	0	0	0	-0.003141	0.002628	-0.003141	0.002628	-0.076617	0.064104
4	C	2	773	731	0.002736	0	0	773	4	941	888	0.004505	0	0	941	0	0	0	nan	0	0	0	-0.001769	0.002969	-0.001769	0.002969	-0.043151	0.072422
5	G	25	773	731	0.034200	0	0	773	9	941	884	0.010181	0	0	941	0	0	0	nan	0	0	0	0.024019	0.007636	0.024019	0.007636	0.585888	0.186263
6	G	21	775	729	0.028807	0	0	775	6	941	878	0.006834	0	0	941	0	0	0	nan	0	0	0	0.021973	0.006877	0.021973	0.006877	0.535981	0.167749
7	A	17	796	752	0.022606	0	0	796	5	951	892	0.005605	0	0	951	0	0	0	nan	0	0	0	0.017001	0.006029	0.017001	0.006029	0.414700	0.147064
8	U	43	832	794	0.054156	0	0	832	49	975	921	0.053203	0	0	975	0	0	0	nan	0	0	0	0.000953	0.011224	nan	nan	nan	nan
9	A	41	857	816	0.050245	0	0	857	5	997	953	0.005247	0	0	997	0	0	0	nan	0	0	0	0.044999	0.008190	0.044999	0.008190	1.097647	0.199776
10	G	35	907	867	0.040369	0	0	907	11	1000	957	0.011494	0	0	1000	0	0	0	nan	0	0	0	0.028875	0.007653	0.028875	0.007653	0.704339	0.186677
11	C	11	919	875	0.012571	0	0	919	10	1008	966	0.010352	0	0	1008	0	0	0	nan	0	0	0	0.002219	0.005008	0.002219	0.005008	0.054127	0.122159
12	U	12	993	944	0.012712	0	0	993	11	1046	992	0.011089	0	0	1046	0	0	0	nan	0	0	0	0.001623	0.004964	0.001623	0.004964	0.039589	0.121085
13	C	6	1003	963	0.006231	0	0	1003	1	1057	1006	0.000994	0	0	1057	0	0	0	nan	0	0	0	0.005236	0.002731	0.005236	0.002731	0.127720	0.066616
14	A	40	1040	993	0.040282	0	0	1040	1	1083	1034	0.000967	0	0	1083	0	0	0	nan	0	0	0	0.039315	0.006442	0.039315	0.006442	0.958999	0.157138
15	G	41	1049	1019	0.040236	0	0	1049	2	1083	1039	0.001925	0	0	1083	0	0	0	nan	0	0	0	0.038311	0.006429	0.038311	0.006429	0.934509	0.156821
16	U	18	1066	1038	0.017341	0	0	1066	30	1093	1045	0.028708	0	0	1093	0	0	0	nan	0	0	0	-0.011367	0.006647	-0.011367	0.006647	-0.277272	0.162138
17	C	26	1072	1042	0.024952	0	0	1072	2	1100	1052	0.001901	0	0	1100	0	0	0	nan	0	0	0	0.023051	0.005075	0.023051	0.005075	0.562276	0.123793
18	G	15	1078	1028	0.014591	0	0	1078	9	1107	1053	0.008547	0	0	1107	0	0	0	nan	0	0	0	0.006044	0.004723	0.006044	0.004723	0.147430	0.115207
19	G	59	1084	1027	0.057449	0	0	1084	6	1109	1056	0.005682	0	0	1109	0	0	0	nan	0	0	0	0.051767	0.007831	0.051767	0.007831	1.262737	0.191019
20	U	10	1095	1034	0.009671	0	0	1095	11	1115	1070	0.010280	0	0	1115	0	0	0	nan	0	0	0	-0.000609	0.004354	-0.000609	0.004354	-0.014855	0.106206
21	A	21	1096	1054	0.019924	0	0	1096	6	1117	1088	0.005515	0	0	1117	0	0	0	nan	0	0	0	0.014409	0.004896	0.014409	0.004896	0.351475	0.119427
22	G	18	1097	1027	0.017527	0	0	1097	5	1117	1060	0.004717	0	0	1117	0	0	0	nan	0	0	0	0.012810	0.004639	0.012810	0.004639	0.312471	0.113158
23	A	9	1098	1024	0.008789	0	0	1098	4	1117	1049	0.003813	0	0	1117	0	0	0	nan	0	0	0	0.004976	0.003495	0.004976	0.003495	0.121378	0.085253
24	G	80	1098	1027	0.077897	0	0	1098	15	1116	1040	0.014423	0	0	1116	0	0	0	nan	0	0	0	0.063474	0.009472	0.063474	0.009472	1.548303	0.231048
25	C	11	1099	1052	0.010456	0	0	1099	5	1117	1057	0.004730	0	0	1117	0	0	0	nan	0	0	0	0.005726	0.003797	0.005726	0.003797	0.139673	0.092619
26	A	57	1099	1050	0.054286	0	0	1099	4	1115	1055	0.003791	0	0	1115	0	0	0	nan	0	0	0	0.050494	0.007436	0.050494	0.007436	1.231685	0.181384
27	G	30	1098	1030	0.029126	0	0	1098	24	1115	1040	0.023077	0	0	1115	0	0	0	nan	0	0	0	0.006049	0.007104	0.006049	0.007104	0.147551	0.173286
28	G	35	1099	1019	0.034347	0	0	1099	11	1115	1027	0.010711	0	0	1115	0	0	0	nan	0	0	0	0.023637	0.006644	0.023637	0.006644	0.576570	0.162065
29	G	39	1099	1021	0.038198	0	0	1099	8	1115	1024	0.007812	0	0	1115	0	0	0	nan	0	0	0	0.030385	0.006711	0.030385	0.006711	0.741172	0.163699
30	G	58	1099	1043	0.055609	0	0	1099	3	1115	1045	0.002871	0	0	1115	0	0	0	nan	0	0	0	0.052738	0.007488	0.052738	0.007488	1.286423	0.182653
31	A	25	1099	1062	0.023540	0	0	1099	7	1117	1075	0.006512	0	0	1117	0	0	0	nan	0	0	0	0.017029	0.005313	0.017029	0.005313	0.415383	0.129598
32	U	21	1099	1070	0.019626	0	0	1099	26	1119	1086	0.023941	0	0	1119	0	0	0	nan	0	0	0	-0.004315	0.006355	-0.004315	0.006355	-0.105255	0.155016
33	U	20	1100	1062	0.018832	0	0	1100	21	1119	1072	0.019590	0	0	1119	0	0	0	nan	0	0	0	-0.000757	0.006001	-0.000757	0.006001	-0.018465	0.146381
34	G	35	1101	1065	0.032864	0	0	1101	10	1124	1076	0.009294	0	0	1124	0	0	0	nan	0	0	0	0.023570	0.006285	0.023570	0.006285	0.574936	0.153308
35	A	26	1106	1065	0.024413	0	0	1106	6	1127	1081	0.005550	0	0	1127	0	0	0	nan	0	0	0	0.018863	0.005297	0.018863	0.005297	0.460120	0.129208
36	A	7	1109	1055	0.006635	0	0	1109	2	1132	1096	0.001825	0	0	1132	0	0	0	nan	0	0	0	0.004810	0.002820	0.004810	0.002820	0.117329	0.068787
37	A	170	1111	1020	0.166667	0	0	1111	228	1133	1059	0.215297	0	0	1133	0	0	0	nan	0	0	0	-0.048631	0.019149	nan	nan	nan	nan
38	A	90	1170	1084	0.083026	0	0	1170	1	1153	1081	0.000925	0	0	1153	0	0	0	nan	0	0	0	0.082101	0.008800	0.082101	0.008800	2.002666	0.214656
39	U	4	1170	1099	0.003640	0	0	1170	4	1154	1079	0.003707	0	0	1154	0	0	0	nan	0	0	0	-0.000067	0.002598	-0.000067	0.002598	-0.001634	0.063372
40	C	5	1171	1100	0.004545	0	0	1171	9	1154	1083	0.008310	0	0	1154	0	0	0	nan	0	0	0	-0.003765	0.003436	-0.003765	0.003436	-0.091839	0.083813
41	C	7	1170	1097	0.006381	0	0	1170	6	1153	1081	0.005550	0	0	1153	0	0	0	nan	0	0	0	0.000831	0.003309	0.000831	0.003309	0.020270	0.080715
42	C	2	1169	1092	0.001832	0	0	1169	6	1153	1077	0.005571	0	0	1153	0	0	0	nan	0	0	0	-0.003740	0.002617	-0.003740	0.002617	-0.091229	0.063836
43	C	5	1170	1112	0.004496	0	0	1170	3	1152	1087	0.002760	0	0	1152	0	0	0	nan	0	0	0	0.001737	0.002566	0.001737	0.002566	0.042370	0.062592
44	G	43	1170	1085	0.039631	0	0	1170	10	1152	1064	0.009398	0	0	1152	0	0	0	nan	0	0	0	0.030233	0.006735	0.030233	0.006735	0.737465	0.164285
45	U	7	1180	1070	0.006542	0	0	1180	8	1161	1062	0.007533	0	0	1161	0	0	0	nan	0	0	0	-0.000991	0.003634	-0.000991	0.003634	-0.024173	0.088643
46	G	83	1188	1089	0.076217	0	0	1188	54	1168	1063	0.050800	0	0	1168	0	0	0	nan	0	0	0	0.025417	0.010852	nan	nan	nan	nan
47	U	31	1512	1418	0.021862	0	0	1512	51	1378	1284	0.039720	0	0	1378	0	0	0	nan	0	0	0	-0.017858	0.006808	-0.017858	0.006808	-0.435605	0.166066
48	C	28	1577	1423	0.019677	0	0	1577	6	1459	1320	0.004545	0	0	1459	0	0	0	nan	0	0	0	0.015131	0.004156	0.015131	0.004156	0.369086	0.101376
49	C	24	1583	1437	0.016701	0	0	1583	14	1467	1347	0.010393	0	0	1467	0	0	0	nan	0	0	0	0.006308	0.004398	0.006308	0.004398	0.153869	0.107279
50	U	13	1600	1439	0.009034	0	0	1600	20	1481	1355	0.014760	0	0	1481	0	0	0	nan	0	0	0	-0.005726	0.004144	-0.005726	0.004144	-0.139673	0.101083
51	U	19	1604	1483	0.012812	0	0	1604	19	1489	1382	0.013748	0	0	1489	0	0	0	nan	0	0	0	-0.000936	0.004311	-0.000936	0.004311	-0.022832	0.105157
52	G	39	1606	1467	0.026585	0	0	1606	22	1490	1356	0.016224	0	0	1490	0	0	0	nan	0	0	0	0.010361	0.005485	0.010361	0.005485	0.252733	0.133794
53	G	63	1606	1473	0.042770	0	0	1606	15	1489	1355	0.011070	0	0	1489	0	0	0	nan	0	0	0	0.031700	0.006100	0.031700	0.006100	0.773249	0.148796
54	U	40	1608	1496	0.026738	0	0	1608	26	1490	1382	0.018813	0	0	1490	0	0	0	nan	0	0	0	0.007925	0.005611	0.007925	0.005611	0.193312	0.136867
55	U	10	1610	1483	0.006743	0	0	1610	12	1493	1373	0.008740	0	0	1493	0	0	0	nan	0	0	0	-0.001997	0.003303	-0.001997	0.003303	-0.048712	0.080569
56	C	845	1610	1495	0.565217	0	0	1610	806	1492	1388	0.580692	0	0	1492	0	0	0	nan	0	0	0	-0.015474	0.028221	nan	nan	nan	nan
57	G	17	1610	1503	0.011311	0	0	1610	1	1492	1386	0.000722	0	0	1492	0	0	0	nan	0	0	0	0.010589	0.002837	0.010589	0.002837	0.258294	0.069202
58	A	206	1610	1529	0.134729	0	0	1610	14	1492	1416	0.009887	0	0	1492	0	0	0	nan	0	0	0	0.124842	0.009752	0.124842	0.009752	3.045235	0.237878
59	U	13	1610	1528	0.008508	0	0	1610	27	1491	1409	0.019163	0	0	1491	0	0	0	nan	0	0	0	-0.010655	0.004378	-0.010655	0.004378	-0.259904	0.106791
60	U	27	1610	1520	0.017763	0	0	1610	19	1490	1399	0.013581	0	0	1490	0	0	0	nan	0	0	0	0.004182	0.004625	0.004182	0.004625	0.102010	0.112816
61	C	19	1609	1470	0.012925	0	0	1609	19	1489	1350	0.014074	0	0	1489	0	0	0	nan	0	0	0	-0.001149	0.004384	-0.001149	0.004384	-0.028027	0.106938
62	C	20	1608	1445	0.013841	0	0	1608	7	1489	1330	0.005263	0	0	1489	0	0	0	nan	0	0	0	0.008578	0.003679	0.008578	0.003679	0.209241	0.089741
63	G	34	1608	1438	0.023644	0	0	1608	5	1488	1339	0.003734	0	0	1488	0	0	0	nan	0	0	0	0.019910	0.004385	0.019910	0.004385	0.485659	0.106962
64	A	29	1608	1473	0.019688	0	0	1608	4	1486	1373	0.002913	0	0	1486	0	0	0	nan	0	0	0	0.016774	0.003935	0.016774	0.003935	0.409163	0.095985
65	G	53	1607	1497	0.035404	0	0	1607	14	1485	1394	0.010043	0	0	1485	0	0	0	nan	0	0	0	0.025361	0.005555	0.025361	0.005555	0.618623	0.135501
66	U	25	1607	1509	0.016567	0	0	1607	21	1483	1402	0.014979	0	0	1483	0	0	0	nan	0	0	0	0.001589	0.004654	0.001589	0.004654	0.038760	0.113524
67	C	6	1605	1475	0.004068	0	0	1605	10	1483	1367	0.007315	0	0	1483	0	0	0	nan	0	0	0	-0.003247	0.002848	-0.003247	0.002848	-0.079203	0.069470
68	C	15	1604	1474	0.010176	0	0	1604	10	1481	1359	0.007358	0	0	1481	0	0	0	nan	0	0	0	0.002818	0.003510	0.002818	0.003510	0.068739	0.085618
69	G	26	1602	1417	0.018349	0	0	1602	17	1481	1311	0.012967	0	0	1481	0	0	0	nan	0	0	0	0.005381	0.004779	0.005381	0.004779	0.131257	0.116573
70	G	26	1602	1419	0.018323	0	0	1602	14	1481	1305	0.010728	0	0	1481	0	0	0	nan	0	0	0	0.007595	0.004597	0.007595	0.004597	0.185263	0.112133
71	G	58	1602	1431	0.040531	0	0	1602	15	1481	1310	0.011450	0	0	1481	0	0	0	nan	0	0	0	0.029081	0.006088	0.029081	0.006088	0.709364	0.148503
72	C	20	1602	1322	0.015129	0	0	1602	9	1480	1176	0.007653	0	0	1480	0	0	0	nan	0	0	0	0.007476	0.004237	0.007476	0.004237	0.182360	0.103352
73	A	7	1601	1346	0.005201	0	0	1601	3	1479	1200	0.002500	0	0	1479	0	0	0	nan	0	0	0	0.002701	0.002439	0.002701	0.002439	0.065885	0.059494
74	C	26	1599	1324	0.019637	0	0	1599	1	1477	1166	0.000858	0	0	1477	0	0	0	nan	0	0	0	0.018780	0.003946	0.018780	0.003946	0.458095	0.096254
75	C	23	1598	1370	0.016788	0	0	1598	1	1477	1268	0.000789	0	0	1477	0	0	0	nan	0	0	0	0.016000	0.003588	0.016000	0.003588	0.390283	0.087521
76	A	0	1560	0	nan	0	0	1560	0	1457	0	nan	0	0	1457	0	0	0	nan	0	0	0	nan	nan	nan	nan	nan	nan