Nucleotide	Sequence	Modified_mutations	Modified_read_depth	Modified_effective_depth	Modified_rate	Modified_off_target_mapped_depth	Modified_low_mapq_mapped_depth	Modified_mapped_depth	Untreated_mutations	Untreated_read_depth	Untreated_effective_depth	Untreated_rate	Untreated_off_target_mapped_depth	Untreated_low_mapq_mapped_depth	Untreated_mapped_depth	Denatured_mutations	Denatured_read_depth	Denatured_effective_depth	Denatured_rate	Denatured_off_target_mapped_depth	Denatured_low_mapq_mapped_depth	Denatured_mapped_depth	Reactivity_profile	Std_err	HQ_profile	HQ_stderr	Norm_profile	Norm_stderr
1	G	0	2956	2887	0.000000	0	0	2956	0	4415	4324	0.000000	0	0	4415	0	0	0	nan	0	0	0	0.000000	0.000000	0.000000	0.000000	0.000000	0.000000
2	C	0	3219	3086	0.000000	0	0	3219	0	4533	4345	0.000000	0	0	4533	0	0	0	nan	0	0	0	0.000000	0.000000	0.000000	0.000000	0.000000	0.000000
3	G	91	3270	3118	0.029185	0	0	3270	39	4563	4340	0.008986	0	0	4563	0	0	0	nan	0	0	0	0.020199	0.003381	0.020199	0.003381	0.514495	0.086118
4	G	77	3322	3118	0.024695	0	0	3322	33	4575	4312	0.007653	0	0	4575	0	0	0	nan	0	0	0	0.017042	0.003114	0.017042	0.003114	0.434082	0.079318
5	G	320	3337	3154	0.101458	0	0	3337	34	4587	4334	0.007845	0	0	4587	0	0	0	nan	0	0	0	0.093614	0.005829	0.093614	0.005829	2.384471	0.148472
6	C	17	3382	3186	0.005336	0	0	3382	16	4597	4295	0.003725	0	0	4597	0	0	0	nan	0	0	0	0.001611	0.001594	0.001611	0.001594	0.041034	0.040601
7	A	73	3415	3222	0.022657	0	0	3415	20	4637	4298	0.004653	0	0	4637	0	0	0	nan	0	0	0	0.018003	0.002849	0.018003	0.002849	0.458560	0.072568
8	U	34	3537	3352	0.010143	0	0	3537	45	4704	4391	0.010248	0	0	4704	0	0	0	nan	0	0	0	-0.000105	0.002315	-0.000105	0.002315	-0.002674	0.058966
9	C	55	3562	3392	0.016215	0	0	3562	41	4737	4500	0.009111	0	0	4737	0	0	0	nan	0	0	0	0.007104	0.002609	0.007104	0.002609	0.180948	0.066455
10	G	65	3617	3445	0.018868	0	0	3617	29	4808	4563	0.006355	0	0	4808	0	0	0	nan	0	0	0	0.012512	0.002621	0.012512	0.002621	0.318697	0.066760
11	U	30	3667	3496	0.008581	0	0	3667	39	4877	4650	0.008387	0	0	4877	0	0	0	nan	0	0	0	0.000194	0.002064	0.000194	0.002064	0.004941	0.052573
12	A	18	3683	3531	0.005098	0	0	3683	19	4939	4728	0.004019	0	0	4939	0	0	0	nan	0	0	0	0.001079	0.001514	0.001079	0.001514	0.027484	0.038564
13	U	21	3730	3593	0.005845	0	0	3730	39	5030	4841	0.008056	0	0	5030	0	0	0	nan	0	0	0	-0.002211	0.001814	-0.002211	0.001814	-0.056317	0.046205
14	A	16	3746	3595	0.004451	0	0	3746	12	5099	4868	0.002465	0	0	5099	0	0	0	nan	0	0	0	0.001986	0.001321	0.001986	0.001321	0.050586	0.033648
15	A	40	3760	3619	0.011053	0	0	3760	45	5125	4903	0.009178	0	0	5125	0	0	0	nan	0	0	0	0.001875	0.002219	0.001875	0.002219	0.047759	0.056521
16	U	37	3765	3595	0.010292	0	0	3765	71	5139	4857	0.014618	0	0	5139	0	0	0	nan	0	0	0	-0.004326	0.002423	-0.004326	0.002423	-0.110189	0.061717
17	G	98	3769	3602	0.027207	0	0	3769	44	5149	4858	0.009057	0	0	5149	0	0	0	nan	0	0	0	0.018150	0.003069	0.018150	0.003069	0.462304	0.078171
18	G	66	3773	3603	0.018318	0	0	3773	42	5158	4881	0.008605	0	0	5158	0	0	0	nan	0	0	0	0.009713	0.002617	0.009713	0.002617	0.247403	0.066658
19	C	184	3778	3642	0.050522	0	0	3778	38	5170	4948	0.007680	0	0	5170	0	0	0	nan	0	0	0	0.042842	0.003927	0.042842	0.003927	1.091242	0.100026
20	U	17	3787	3675	0.004626	0	0	3787	25	5186	5012	0.004988	0	0	5186	0	0	0	nan	0	0	0	-0.000362	0.001501	-0.000362	0.001501	-0.009221	0.038232
21	A	17	3791	3692	0.004605	0	0	3791	29	5201	5036	0.005759	0	0	5201	0	0	0	nan	0	0	0	-0.001154	0.001546	-0.001154	0.001546	-0.029394	0.039379
22	U	44	3804	3669	0.011992	0	0	3804	78	5225	5025	0.015522	0	0	5225	0	0	0	nan	0	0	0	-0.003530	0.002521	-0.003530	0.002521	-0.089914	0.064213
23	U	15	3817	3652	0.004107	0	0	3817	39	5255	5028	0.007757	0	0	5255	0	0	0	nan	0	0	0	-0.003649	0.001633	-0.003649	0.001633	-0.092945	0.041595
24	A	33	3832	3657	0.009024	0	0	3832	34	5280	5064	0.006714	0	0	5280	0	0	0	nan	0	0	0	0.002310	0.001948	0.002310	0.001948	0.058839	0.049618
25	C	33	3835	3537	0.009330	0	0	3835	44	5281	4930	0.008925	0	0	5281	0	0	0	nan	0	0	0	0.000405	0.002109	0.000405	0.002109	0.010316	0.053719
26	C	176	3838	3543	0.049675	0	0	3838	45	5290	4921	0.009144	0	0	5290	0	0	0	nan	0	0	0	0.040531	0.003985	0.040531	0.003985	1.032378	0.101503
27	U	44	3857	3551	0.012391	0	0	3857	61	5335	4948	0.012328	0	0	5335	0	0	0	nan	0	0	0	0.000063	0.002446	0.000063	0.002446	0.001605	0.062303
28	C	35	3855	3592	0.009744	0	0	3855	28	5346	4935	0.005674	0	0	5346	0	0	0	nan	0	0	0	0.004070	0.001965	0.004070	0.001965	0.103668	0.050051
29	A	31	3864	3568	0.008688	0	0	3864	9	5358	4926	0.001827	0	0	5358	0	0	0	nan	0	0	0	0.006861	0.001675	0.006861	0.001675	0.174759	0.042664
30	G	162	3863	3531	0.045879	0	0	3863	62	5361	4884	0.012695	0	0	5361	0	0	0	nan	0	0	0	0.033185	0.003949	0.033185	0.003949	0.845265	0.100586
31	C	41	3863	3587	0.011430	0	0	3863	36	5361	5005	0.007193	0	0	5361	0	0	0	nan	0	0	0	0.004237	0.002150	0.004237	0.002150	0.107922	0.054763
32	C	92	3862	3619	0.025421	0	0	3862	64	5364	5024	0.012739	0	0	5364	0	0	0	nan	0	0	0	0.012683	0.003092	0.012683	0.003092	0.323053	0.078757
33	U	66	3885	3660	0.018033	0	0	3885	90	5385	5056	0.017801	0	0	5385	0	0	0	nan	0	0	0	0.000232	0.002906	0.000232	0.002906	0.005909	0.074020
34	U	232	3930	3715	0.062450	0	0	3930	396	5418	5115	0.077419	0	1	5418	0	0	0	nan	0	0	0	-0.014970	0.005652	nan	nan	nan	nan
35	C	160	3956	3742	0.042758	0	0	3956	30	5440	5108	0.005873	0	1	5440	0	0	0	nan	0	0	0	0.036885	0.003546	0.036885	0.003546	0.939509	0.090321
36	C	189	3974	3737	0.050575	0	0	3974	17	5450	5100	0.003333	0	1	5450	0	0	0	nan	0	0	0	0.047242	0.003767	0.047242	0.003767	1.203316	0.095950
37	A	252	3989	3683	0.068422	0	0	3989	11	5457	4959	0.002218	0	1	5457	0	0	0	nan	0	0	0	0.066204	0.004362	0.066204	0.004362	1.686303	0.111106
38	A	164	3988	3709	0.044217	0	0	3988	23	5457	4986	0.004613	0	1	5457	0	0	0	nan	0	0	0	0.039604	0.003584	0.039604	0.003584	1.008766	0.091289
39	G	97	3986	3733	0.025984	0	0	3986	52	5457	5005	0.010390	0	1	5457	0	0	0	nan	0	0	0	0.015595	0.003006	0.015595	0.003006	0.397225	0.076567
40	C	70	3984	3775	0.018543	0	0	3984	70	5458	5136	0.013629	0	1	5458	0	0	0	nan	0	0	0	0.004914	0.002751	0.004914	0.002751	0.125166	0.070072
41	U	51	3986	3764	0.013549	0	0	3986	60	5458	5149	0.011653	0	1	5458	0	0	0	nan	0	0	0	0.001897	0.002421	0.001897	0.002421	0.048319	0.061666
42	G	74	3991	3796	0.019494	0	0	3991	13	5458	5185	0.002507	0	1	5458	0	0	0	nan	0	0	0	0.016987	0.002370	0.016987	0.002370	0.432681	0.060367
43	A	61	3991	3826	0.015944	0	0	3991	31	5461	5228	0.005930	0	1	5461	0	0	0	nan	0	0	0	0.010014	0.002302	0.010014	0.002302	0.255070	0.058635
44	U	48	3994	3834	0.012520	0	0	3994	82	5459	5224	0.015697	0	1	5459	0	0	0	nan	0	0	0	-0.003177	0.002504	-0.003177	0.002504	-0.080922	0.063780
45	G	75	3993	3817	0.019649	0	0	3993	17	5455	5203	0.003267	0	1	5455	0	0	0	nan	0	0	0	0.016382	0.002403	0.016382	0.002403	0.417271	0.061208
46	A	68	3993	3769	0.018042	0	0	3993	52	5455	5147	0.010103	0	1	5455	0	0	0	nan	0	0	0	0.007939	0.002598	0.007939	0.002598	0.202217	0.066174
47	U	47	3991	3711	0.012665	0	0	3991	77	5449	5069	0.015190	0	1	5449	0	0	0	nan	0	0	0	-0.002525	0.002532	-0.002525	0.002532	-0.064315	0.064493
48	G	169	3989	3683	0.045887	0	0	3989	57	5436	5019	0.011357	0	1	5436	0	0	0	nan	0	0	0	0.034530	0.003837	0.034530	0.003837	0.879524	0.097733
49	C	35	3987	3658	0.009568	0	0	3987	70	5433	4981	0.014053	0	1	5433	0	0	0	nan	0	0	0	-0.004485	0.002332	-0.004485	0.002332	-0.114239	0.059399
50	G	52	3984	3667	0.014181	0	0	3984	47	5428	5011	0.009379	0	1	5428	0	0	0	nan	0	0	0	0.004801	0.002396	0.004801	0.002396	0.122288	0.061029
51	G	66	3984	3682	0.017925	0	0	3984	80	5427	5021	0.015933	0	1	5427	0	0	0	nan	0	0	0	0.001992	0.002836	0.001992	0.002836	0.050739	0.072237
52	G	97	3982	3727	0.026026	0	0	3982	56	5426	5070	0.011045	0	1	5426	0	0	0	nan	0	0	0	0.014981	0.003027	0.014981	0.003027	0.381586	0.077102
53	U	78	3980	3773	0.020673	0	0	3980	96	5426	5143	0.018666	0	1	5426	0	0	0	nan	0	0	0	0.002007	0.003018	0.002007	0.003018	0.051121	0.076872
54	U	77	3979	3792	0.020306	0	0	3979	126	5425	5167	0.024386	0	1	5425	0	0	0	nan	0	0	0	-0.004080	0.003174	-0.004080	0.003174	-0.103923	0.080846
55	C	93	3979	3766	0.024695	0	0	3979	44	5423	5143	0.008555	0	1	5423	0	0	0	nan	0	0	0	0.016139	0.002867	0.016139	0.002867	0.411081	0.073026
56	G	6	3979	3719	0.001613	0	0	3979	21	5420	5145	0.004082	0	1	5420	0	0	0	nan	0	0	0	-0.002468	0.001108	-0.002468	0.001108	-0.062863	0.028222
57	A	2660	3976	3672	0.724401	0	0	3976	64	5420	5100	0.012549	0	1	5420	0	0	0	nan	0	0	0	0.711852	0.014133	0.711852	0.014133	18.131803	0.359986
58	U	45	3975	3709	0.012133	0	0	3975	137	5417	5065	0.027048	0	1	5417	0	0	0	nan	0	0	0	-0.014916	0.002935	-0.014916	0.002935	-0.379930	0.074758
59	U	33	3973	3695	0.008931	0	0	3973	69	5414	4990	0.013828	0	1	5414	0	0	0	nan	0	0	0	-0.004897	0.002278	-0.004897	0.002278	-0.124733	0.058024
60	C	21	3973	3655	0.005746	0	0	3973	34	5412	4903	0.006935	0	1	5412	0	0	0	nan	0	0	0	-0.001189	0.001728	-0.001189	0.001728	-0.030285	0.044014
61	C	20	3972	3575	0.005594	0	0	3972	27	5411	4841	0.005577	0	1	5411	0	0	0	nan	0	0	0	0.000017	0.001648	0.000017	0.001648	0.000433	0.041977
62	C	21	3970	3533	0.005944	0	0	3970	26	5410	4818	0.005396	0	1	5410	0	0	0	nan	0	0	0	0.000548	0.001674	0.000548	0.001674	0.013958	0.042639
63	G	157	3968	3555	0.044163	0	0	3968	67	5405	4877	0.013738	0	1	5405	0	0	0	nan	0	0	0	0.030425	0.003904	0.030425	0.003904	0.774965	0.099440
64	C	51	3968	3654	0.013957	0	0	3968	94	5402	4974	0.018898	0	1	5402	0	0	0	nan	0	0	0	-0.004941	0.002760	-0.004941	0.002760	-0.125854	0.070301
65	U	42	3967	3650	0.011507	0	0	3967	54	5398	4995	0.010811	0	0	5398	0	0	0	nan	0	0	0	0.000696	0.002306	0.000696	0.002306	0.017728	0.058737
66	G	142	3966	3631	0.039108	0	0	3966	44	5395	4952	0.008885	0	0	5395	0	0	0	nan	0	0	0	0.030222	0.003545	0.030222	0.003545	0.769794	0.090296
67	C	36	3964	3563	0.010104	0	0	3964	44	5392	4890	0.008998	0	0	5392	0	0	0	nan	0	0	0	0.001106	0.002162	0.001106	0.002162	0.028171	0.055069
68	C	34	3962	3547	0.009586	0	0	3962	39	5386	4809	0.008110	0	0	5386	0	0	0	nan	0	0	0	0.001476	0.002095	0.001476	0.002095	0.037596	0.053362
69	C	27	3961	3551	0.007603	0	0	3961	13	5385	4794	0.002712	0	0	5385	0	0	0	nan	0	0	0	0.004892	0.001645	0.004892	0.001645	0.124606	0.041900
70	G	257	3960	3535	0.072702	0	0	3960	70	5385	4804	0.014571	0	0	5385	0	0	0	nan	0	0	0	0.058130	0.004858	0.058130	0.004858	1.480647	0.123740
71	C	113	3957	3609	0.031311	0	0	3957	133	5383	4949	0.026874	0	0	5383	0	0	0	nan	0	0	0	0.004436	0.003756	0.004436	0.003756	0.112991	0.095670
72	U	42	3954	3642	0.011532	0	0	3954	80	5381	5012	0.015962	0	0	5381	0	0	0	nan	0	0	0	-0.004430	0.002520	-0.004430	0.002520	-0.112838	0.064188
73	C	96	3948	3622	0.026505	0	0	3948	11	5379	4978	0.002210	0	0	5379	0	0	0	nan	0	0	0	0.024295	0.002786	0.024295	0.002786	0.618825	0.070963
74	C	50	3927	3457	0.014463	0	0	3927	2	5361	4852	0.000412	0	0	5361	0	0	0	nan	0	0	0	0.014051	0.002066	0.014051	0.002066	0.357897	0.052624
75	A	0	3782	0	nan	0	0	3782	0	5282	0	nan	0	0	5282	0	0	0	nan	0	0	0	nan	nan	nan	nan	nan	nan