Nucleotide	Sequence	Modified_mutations	Modified_read_depth	Modified_effective_depth	Modified_rate	Modified_off_target_mapped_depth	Modified_low_mapq_mapped_depth	Modified_mapped_depth	Untreated_mutations	Untreated_read_depth	Untreated_effective_depth	Untreated_rate	Untreated_off_target_mapped_depth	Untreated_low_mapq_mapped_depth	Untreated_mapped_depth	Denatured_mutations	Denatured_read_depth	Denatured_effective_depth	Denatured_rate	Denatured_off_target_mapped_depth	Denatured_low_mapq_mapped_depth	Denatured_mapped_depth	Reactivity_profile	Std_err	HQ_profile	HQ_stderr	Norm_profile	Norm_stderr
1	G	0	968	938	0.000000	0	4	968	0	1575	1533	0.000000	0	8	1575	0	0	0	nan	0	0	0	0.000000	0.000000	0.000000	0.000000	0.000000	0.000000
2	C	0	1083	1021	0.000000	0	5	1083	0	1609	1543	0.000000	0	10	1609	0	0	0	nan	0	0	0	0.000000	0.000000	0.000000	0.000000	0.000000	0.000000
3	G	65	1091	1046	0.062141	0	5	1091	10	1621	1582	0.006321	0	10	1621	0	0	0	nan	0	0	0	0.055820	0.007963	0.055820	0.007963	1.177744	0.168011
4	A	11	1115	1068	0.010300	0	6	1115	4	1625	1584	0.002525	0	10	1625	0	0	0	nan	0	0	0	0.007774	0.003352	0.007774	0.003352	0.164023	0.070724
5	A	14	1128	1098	0.012750	0	6	1128	1	1627	1594	0.000627	0	10	1627	0	0	0	nan	0	0	0	0.012123	0.003465	0.012123	0.003465	0.255783	0.073108
6	G	63	1139	1091	0.057745	0	6	1139	24	1629	1564	0.015345	0	10	1629	0	0	0	nan	0	0	0	0.042400	0.007921	0.042400	0.007921	0.894596	0.167125
7	G	62	1156	1085	0.057143	0	6	1156	22	1635	1539	0.014295	0	10	1635	0	0	0	nan	0	0	0	0.042848	0.007871	0.042848	0.007871	0.904048	0.166070
8	U	27	1205	1119	0.024129	0	7	1205	37	1659	1546	0.023933	0	10	1659	0	0	0	nan	0	0	0	0.000196	0.006086	0.000196	0.006086	0.004135	0.128408
9	G	27	1223	1133	0.023831	0	7	1223	26	1671	1561	0.016656	0	10	1671	0	0	0	nan	0	0	0	0.007175	0.005631	0.007175	0.005631	0.151385	0.118808
10	G	62	1249	1182	0.052453	0	8	1249	30	1685	1596	0.018797	0	11	1685	0	0	0	nan	0	0	0	0.033656	0.007494	0.033656	0.007494	0.710106	0.158116
11	C	23	1275	1219	0.018868	0	8	1275	22	1704	1615	0.013622	0	11	1704	0	0	0	nan	0	0	0	0.005246	0.004890	0.005246	0.004890	0.110685	0.103174
12	G	28	1288	1230	0.022764	0	8	1288	26	1713	1619	0.016059	0	11	1713	0	0	0	nan	0	0	0	0.006705	0.005332	0.006705	0.005332	0.141468	0.112500
13	G	22	1306	1254	0.017544	0	8	1306	15	1723	1638	0.009158	0	11	1723	0	0	0	nan	0	0	0	0.008386	0.004425	0.008386	0.004425	0.176936	0.093363
14	A	2	1384	1298	0.001541	0	8	1384	3	1907	1775	0.001690	0	11	1907	0	0	0	nan	0	0	0	-0.000149	0.001463	-0.000149	0.001463	-0.003144	0.030868
15	A	156	1430	1341	0.116331	0	8	1430	311	1977	1844	0.168655	0	11	1977	0	0	0	nan	0	0	0	-0.052324	0.013350	nan	nan	nan	nan
16	U	63	9394	8942	0.007045	0	35	9394	115	11724	11229	0.010241	0	35	11724	0	0	0	nan	0	0	0	-0.003196	0.001304	-0.003196	0.001304	-0.067432	0.027513
17	U	15	10864	10205	0.001470	0	39	10864	26	13473	12755	0.002038	0	41	13473	0	0	0	nan	0	0	0	-0.000569	0.000551	-0.000569	0.000551	-0.012005	0.011626
18	G	174	11484	10823	0.016077	0	42	11484	268	14151	13342	0.020087	0	44	14151	0	0	0	nan	0	0	0	-0.004010	0.001729	-0.004010	0.001729	-0.084607	0.036480
19	G	274	11949	11377	0.024084	0	44	11949	161	14424	13733	0.011724	0	44	14424	0	0	0	nan	0	0	0	0.012360	0.001724	0.012360	0.001724	0.260783	0.036375
20	U	122	12475	12046	0.010128	0	47	12475	219	14576	14065	0.015571	0	44	14576	0	0	0	nan	0	0	0	-0.005443	0.001396	-0.005443	0.001396	-0.114842	0.029454
21	A	64	12552	12148	0.005268	0	47	12552	54	14635	14201	0.003803	0	44	14635	0	0	0	nan	0	0	0	0.001466	0.000838	0.001466	0.000838	0.030931	0.017681
22	G	119	12655	12118	0.009820	0	47	12655	53	14683	14069	0.003767	0	44	14683	0	0	0	nan	0	0	0	0.006053	0.001038	0.006053	0.001038	0.127712	0.021901
23	A	1824	12705	12158	0.150025	0	48	12705	94	14759	14102	0.006666	0	44	14759	0	0	0	nan	0	0	0	0.143359	0.003579	0.143359	0.003579	3.024725	0.075513
24	C	101	12759	12235	0.008255	0	48	12759	97	14779	14122	0.006869	0	44	14779	0	0	0	nan	0	0	0	0.001386	0.001078	0.001386	0.001078	0.029243	0.022745
25	G	205	12771	12354	0.016594	0	48	12771	138	14793	14290	0.009657	0	43	14793	0	0	0	nan	0	0	0	0.006937	0.001421	0.006937	0.001421	0.146363	0.029982
26	C	88	12789	12221	0.007201	0	48	12789	108	14816	14209	0.007601	0	42	14816	0	0	0	nan	0	0	0	-0.000400	0.001060	-0.000400	0.001060	-0.008440	0.022365
27	G	182	12792	12278	0.014823	0	48	12792	185	14826	14305	0.012933	0	42	14826	0	0	0	nan	0	0	0	0.001891	0.001453	0.001891	0.001453	0.039898	0.030657
28	C	157	12800	12247	0.012819	0	47	12800	165	14851	14318	0.011524	0	42	14851	0	0	0	nan	0	0	0	0.001296	0.001361	0.001296	0.001361	0.027344	0.028716
29	U	81	12825	12457	0.006502	0	47	12825	96	14954	14560	0.006593	0	42	14954	0	0	0	nan	0	0	0	-0.000091	0.000987	-0.000091	0.000987	-0.001920	0.020825
30	A	78	12851	12485	0.006247	0	47	12851	34	14988	14559	0.002335	0	42	14988	0	0	0	nan	0	0	0	0.003912	0.000813	0.003912	0.000813	0.082539	0.017153
31	G	381	12857	12500	0.030480	0	47	12857	171	14994	14601	0.011712	0	42	14994	0	0	0	nan	0	0	0	0.018768	0.001800	0.018768	0.001800	0.395985	0.037978
32	C	147	12864	12370	0.011884	0	47	12864	150	15014	14508	0.010339	0	42	15014	0	0	0	nan	0	0	0	0.001544	0.001294	0.001544	0.001294	0.032577	0.027302
33	U	121	12892	12399	0.009759	0	47	12892	172	15076	14579	0.011798	0	42	15076	0	0	0	nan	0	0	0	-0.002039	0.001263	-0.002039	0.001263	-0.043021	0.026648
34	U	168	12992	12543	0.013394	0	46	12992	234	15182	14747	0.015868	0	42	15182	0	0	0	nan	0	0	0	-0.002474	0.001464	-0.002474	0.001464	-0.052199	0.030889
35	C	798	13038	12736	0.062657	0	46	13038	76	15224	14913	0.005096	0	42	15224	0	0	0	nan	0	0	0	0.057561	0.002294	0.057561	0.002294	1.214477	0.048401
36	A	446	13075	12767	0.034934	0	46	13075	360	15269	14932	0.024109	0	42	15269	0	0	0	nan	0	0	0	0.010825	0.002086	0.010825	0.002086	0.228396	0.044012
37	G	202	13077	12594	0.016039	0	46	13077	57	15279	14725	0.003871	0	39	15279	0	0	0	nan	0	0	0	0.012168	0.001240	0.012168	0.001240	0.256732	0.026163
38	G	5115	13082	12329	0.414875	0	45	13082	6201	15283	14350	0.432125	0	38	15283	0	0	0	nan	0	0	0	-0.017250	0.007985	nan	nan	nan	nan
39	U	239	13143	12493	0.019131	0	45	13143	353	15386	14583	0.024206	0	39	15386	0	0	0	nan	0	0	0	-0.005076	0.001786	-0.005076	0.001786	-0.107098	0.037683
40	G	154	13163	12541	0.012280	0	45	13163	47	15403	14657	0.003207	0	39	15403	0	0	0	nan	0	0	0	0.009073	0.001095	0.009073	0.001095	0.191431	0.023103
41	U	238	13203	12618	0.018862	0	45	13203	340	15445	14710	0.023114	0	39	15445	0	0	0	nan	0	0	0	-0.004252	0.001751	-0.004252	0.001751	-0.089713	0.036944
42	U	69	13227	12593	0.005479	0	43	13227	71	15472	14744	0.004816	0	35	15472	0	0	0	nan	0	0	0	0.000664	0.000873	0.000664	0.000873	0.014010	0.018419
43	A	92	13233	12557	0.007327	0	40	13233	38	15478	14708	0.002584	0	33	15478	0	0	0	nan	0	0	0	0.004743	0.000871	0.004743	0.000871	0.100072	0.018377
44	G	409	13233	12173	0.033599	0	38	13233	131	15478	14197	0.009227	0	32	15478	0	0	0	nan	0	0	0	0.024372	0.001847	0.024372	0.001847	0.514224	0.038970
45	U	107	13233	12141	0.008813	0	35	13233	130	15478	14166	0.009177	0	31	15478	0	0	0	nan	0	0	0	-0.000364	0.001172	-0.000364	0.001172	-0.007680	0.024728
46	G	174	13233	12106	0.014373	0	32	13233	77	15478	14047	0.005482	0	29	15478	0	0	0	nan	0	0	0	0.008891	0.001256	0.008891	0.001256	0.187591	0.026500
47	U	110	13235	12412	0.008862	0	31	13235	137	15482	14502	0.009447	0	28	15482	0	0	0	nan	0	0	0	-0.000585	0.001169	-0.000585	0.001169	-0.012343	0.024665
48	C	0	13236	12247	0.000000	0	30	13236	2	15482	14324	0.000140	0	27	15482	0	0	0	nan	0	0	0	-0.000140	0.000099	-0.000140	0.000099	-0.002954	0.002089
49	C	65	13236	12353	0.005262	0	31	13236	44	15479	14537	0.003027	0	27	15479	0	0	0	nan	0	0	0	0.002235	0.000796	0.002235	0.000796	0.047156	0.016795
50	U	134	13235	12353	0.010848	0	34	13235	129	15477	14523	0.008882	0	28	15477	0	0	0	nan	0	0	0	0.001965	0.001221	0.001965	0.001221	0.041459	0.025762
51	U	144	13234	12734	0.011308	0	36	13234	87	15472	14947	0.005821	0	30	15472	0	0	0	nan	0	0	0	0.005488	0.001130	0.005488	0.001130	0.115791	0.023842
52	A	714	13229	12740	0.056044	0	37	13229	72	15467	14974	0.004808	0	31	15467	0	0	0	nan	0	0	0	0.051236	0.002173	0.051236	0.002173	1.081026	0.045848
53	C	846	13226	12642	0.066920	0	38	13226	122	15466	14843	0.008219	0	31	15466	0	0	0	nan	0	0	0	0.058700	0.002418	0.058700	0.002418	1.238509	0.051017
54	G	363	13217	12383	0.029314	0	38	13217	151	15460	14614	0.010333	0	33	15460	0	0	0	nan	0	0	0	0.018982	0.001753	0.018982	0.001753	0.400500	0.036986
55	G	774	13214	12095	0.063993	0	38	13214	58	15457	14192	0.004087	0	34	15457	0	0	0	nan	0	0	0	0.059907	0.002362	0.059907	0.002362	1.263975	0.049836
56	A	181	13210	12207	0.014828	0	39	13210	78	15455	14313	0.005450	0	34	15455	0	0	0	nan	0	0	0	0.009378	0.001263	0.009378	0.001263	0.197866	0.026648
57	C	130	13205	12367	0.010512	0	39	13205	112	15453	14486	0.007732	0	34	15453	0	0	0	nan	0	0	0	0.002780	0.001176	0.002780	0.001176	0.058655	0.024812
58	G	306	13193	12475	0.024529	0	39	13193	132	15441	14639	0.009017	0	37	15441	0	0	0	nan	0	0	0	0.015512	0.001607	0.015512	0.001607	0.327287	0.033906
59	U	202	13183	12346	0.016362	0	43	13183	195	15431	14532	0.013419	0	39	15431	0	0	0	nan	0	0	0	0.002943	0.001500	0.002943	0.001500	0.062094	0.031648
60	G	258	13177	12241	0.021077	0	43	13177	154	15420	14387	0.010704	0	42	15420	0	0	0	nan	0	0	0	0.010373	0.001570	0.010373	0.001570	0.218859	0.033125
61	G	121	13155	12236	0.009889	0	43	13155	123	15387	14389	0.008548	0	42	15387	0	0	0	nan	0	0	0	0.001341	0.001184	0.001341	0.001184	0.028294	0.024981
62	G	152	13133	12183	0.012476	0	43	13133	142	15355	14326	0.009912	0	42	15355	0	0	0	nan	0	0	0	0.002564	0.001310	0.002564	0.001310	0.054098	0.027640
63	G	192	13035	10902	0.017611	0	43	13035	147	15217	12227	0.012023	0	41	15217	0	0	0	nan	0	0	0	0.005589	0.001612	0.005589	0.001612	0.117922	0.034012
64	G	300	11655	5119	0.058605	0	43	11655	73	12875	3332	0.021909	0	41	12875	0	0	0	nan	0	0	0	0.036696	0.004245	0.036696	0.004245	0.774247	0.089565
65	U	67	8373	4806	0.013941	0	42	8373	38	8131	2894	0.013131	0	34	8131	0	0	0	nan	0	0	0	0.000810	0.002727	0.000810	0.002727	0.017090	0.057537
66	U	58	8004	2402	0.024147	0	41	8004	45	7653	1091	0.041247	0	34	7653	0	0	0	nan	0	0	0	-0.017100	0.006918	-0.017100	0.006918	-0.360792	0.145963
67	C	110	6477	2090	0.052632	0	36	6477	17	4616	1001	0.016983	0	26	4616	0	0	0	nan	0	0	0	0.035649	0.006492	0.035649	0.006492	0.752157	0.136974
68	A	15	6349	1780	0.008427	0	35	6349	12	4539	823	0.014581	0	26	4539	0	0	0	nan	0	0	0	-0.006154	0.004738	-0.006154	0.004738	-0.129843	0.099967
69	A	1525	5477	2545	0.599214	0	31	5477	12	3693	1272	0.009434	0	26	3693	0	0	0	nan	0	0	0	0.589780	0.015584	0.589780	0.015584	12.443741	0.328806
70	G	17	5198	2363	0.007194	0	28	5198	27	3406	1237	0.021827	0	25	3406	0	0	0	nan	0	0	0	-0.014633	0.004549	-0.014633	0.004549	-0.308741	0.095979
71	U	11	5053	1322	0.008321	0	28	5053	5	3365	838	0.005967	0	25	3365	0	0	0	nan	0	0	0	0.002354	0.003663	0.002354	0.003663	0.049667	0.077285
72	C	25	4994	1167	0.021422	0	28	4994	25	3323	776	0.032216	0	25	3323	0	0	0	nan	0	0	0	-0.010794	0.007738	-0.010794	0.007738	-0.227742	0.163264
73	C	35	4986	1185	0.029536	0	28	4986	29	3321	803	0.036115	0	25	3321	0	0	0	nan	0	0	0	-0.006579	0.008361	-0.006579	0.008361	-0.138810	0.176408
74	C	44	4976	2518	0.017474	0	27	4976	54	3320	1621	0.033313	0	25	3320	0	0	0	nan	0	0	0	-0.015839	0.005243	-0.015839	0.005243	-0.334186	0.110622
75	C	153	4969	3378	0.045293	0	27	4969	164	3309	2255	0.072727	0	25	3309	0	0	0	nan	0	0	0	-0.027434	0.006757	nan	nan	nan	nan
76	C	144	4940	3675	0.039184	0	27	4940	131	3295	2426	0.053998	0	25	3295	0	0	0	nan	0	0	0	-0.014815	0.005738	nan	nan	nan	nan
77	C	11	4886	3543	0.003105	0	25	4886	17	3256	2427	0.007005	0	25	3256	0	0	0	nan	0	0	0	-0.003900	0.001940	-0.003900	0.001940	-0.082286	0.040932
78	C	15	4796	3292	0.004557	0	24	4796	9	3183	2214	0.004065	0	25	3183	0	0	0	nan	0	0	0	0.000491	0.001794	0.000491	0.001794	0.010360	0.037852
79	C	26	4492	1181	0.022015	0	24	4492	9	2854	679	0.013255	0	23	2854	0	0	0	nan	0	0	0	0.008760	0.006178	0.008760	0.006178	0.184827	0.130349
80	U	12	3451	1121	0.010705	0	22	3451	13	2000	647	0.020093	0	20	2000	0	0	0	nan	0	0	0	-0.009388	0.006372	-0.009388	0.006372	-0.198077	0.134443
81	C	7	3408	1096	0.006387	0	22	3408	23	1985	670	0.034328	0	20	1985	0	0	0	nan	0	0	0	-0.027941	0.007554	-0.027941	0.007554	-0.589526	0.159381
82	G	28	3282	1486	0.018843	0	21	3282	12	1938	881	0.013621	0	20	1938	0	0	0	nan	0	0	0	0.005222	0.005305	0.005222	0.005305	0.110179	0.111930
83	C	3	3195	366	0.008197	0	21	3195	30	1861	307	0.097720	0	19	1861	0	0	0	nan	0	0	0	-0.089523	0.018458	nan	nan	nan	nan
84	A	64	3143	357	0.179272	0	21	3143	14	1814	322	0.043478	0	19	1814	0	0	0	nan	0	0	0	0.135793	0.025243	nan	nan	nan	nan
85	C	35	3117	357	0.098039	0	21	3117	2	1812	315	0.006349	0	19	1812	0	0	0	nan	0	0	0	0.091690	0.017169	nan	nan	nan	nan
86	C	31	3078	660	0.046970	0	20	3078	1	1790	568	0.001761	0	18	1790	0	0	0	nan	0	0	0	0.045209	0.008618	0.045209	0.008618	0.953863	0.181831
87	A	0	2805	0	nan	0	18	2805	0	1691	0	nan	0	18	1691	0	0	0	nan	0	0	0	nan	nan	nan	nan	nan	nan