Nucleotide	Sequence	Modified_mutations	Modified_read_depth	Modified_effective_depth	Modified_rate	Modified_off_target_mapped_depth	Modified_low_mapq_mapped_depth	Modified_mapped_depth	Untreated_mutations	Untreated_read_depth	Untreated_effective_depth	Untreated_rate	Untreated_off_target_mapped_depth	Untreated_low_mapq_mapped_depth	Untreated_mapped_depth	Denatured_mutations	Denatured_read_depth	Denatured_effective_depth	Denatured_rate	Denatured_off_target_mapped_depth	Denatured_low_mapq_mapped_depth	Denatured_mapped_depth	Reactivity_profile	Std_err	HQ_profile	HQ_stderr	Norm_profile	Norm_stderr
1	G	0	5525	5310	0.000000	0	0	5525	0	5213	5015	0.000000	0	0	5213	0	0	0	nan	0	0	0	0.000000	0.000000	0.000000	0.000000	0.000000	0.000000
2	U	0	5712	5367	0.000000	0	0	5712	0	5272	4958	0.000000	0	0	5272	0	0	0	nan	0	0	0	0.000000	0.000000	0.000000	0.000000	0.000000	0.000000
3	G	71	5792	5446	0.013037	0	0	5792	32	5335	5054	0.006332	0	0	5335	0	0	0	nan	0	0	0	0.006705	0.001910	0.006705	0.001910	0.250508	0.071360
4	G	211	5827	5480	0.038504	0	0	5827	50	5349	5058	0.009885	0	0	5349	0	0	0	nan	0	0	0	0.028618	0.002997	0.028618	0.002997	1.069209	0.111972
5	C	74	5875	5550	0.013333	0	0	5875	38	5382	5124	0.007416	0	0	5382	0	0	0	nan	0	0	0	0.005917	0.001962	0.005917	0.001962	0.221068	0.073303
6	U	39	6027	5795	0.006730	0	0	6027	29	5516	5326	0.005445	0	0	5516	0	0	0	nan	0	0	0	0.001285	0.001478	0.001285	0.001478	0.048009	0.055220
7	A	28	6238	5999	0.004667	0	0	6238	7	5670	5474	0.001279	0	0	5670	0	0	0	nan	0	0	0	0.003389	0.001006	0.003389	0.001006	0.126618	0.037586
8	U	1149	6532	6334	0.181402	0	0	6532	945	5872	5713	0.165412	0	0	5872	0	0	0	nan	0	0	0	0.015990	0.007589	nan	nan	nan	nan
9	A	185	7044	6762	0.027359	0	0	7044	6	6271	6012	0.000998	0	0	6271	0	0	0	nan	0	0	0	0.026361	0.002052	0.026361	0.002052	0.984885	0.076666
10	G	250	7429	7137	0.035029	0	0	7429	76	6301	6032	0.012599	0	0	6301	0	0	0	nan	0	0	0	0.022429	0.002645	0.022429	0.002645	0.837979	0.098821
11	C	45	7521	7199	0.006251	0	0	7521	36	6346	6052	0.005948	0	0	6346	0	0	0	nan	0	0	0	0.000302	0.001361	0.000302	0.001361	0.011283	0.050849
12	U	65	7856	7535	0.008626	0	0	7856	65	6566	6272	0.010364	0	0	6566	0	0	0	nan	0	0	0	-0.001737	0.001672	-0.001737	0.001672	-0.064897	0.062468
13	C	28	7895	7624	0.003673	0	0	7895	21	6611	6371	0.003296	0	0	6611	0	0	0	nan	0	0	0	0.000376	0.001000	0.000376	0.001000	0.014048	0.037361
14	A	80	7962	7641	0.010470	0	0	7962	4	6740	6447	0.000620	0	0	6740	0	0	0	nan	0	0	0	0.009849	0.001211	0.009849	0.001211	0.367973	0.045245
15	G	85	7999	7578	0.011217	0	0	7999	41	6748	6400	0.006406	0	0	6748	0	0	0	nan	0	0	0	0.004810	0.001575	0.004810	0.001575	0.179708	0.058844
16	U	230	8332	7793	0.029514	0	0	8332	191	7147	6713	0.028452	0	0	7147	0	0	0	nan	0	0	0	0.001061	0.002833	0.001061	0.002833	0.039640	0.105845
17	U	17	8433	7883	0.002157	0	0	8433	6	7330	6881	0.000872	0	0	7330	0	0	0	nan	0	0	0	0.001285	0.000633	0.001285	0.000633	0.048009	0.023650
18	G	99	8475	7972	0.012418	0	0	8475	45	7390	6973	0.006453	0	0	7390	0	0	0	nan	0	0	0	0.005965	0.001576	0.005965	0.001576	0.222861	0.058882
19	G	170	8530	8063	0.021084	0	0	8530	65	7437	7035	0.009240	0	0	7437	0	0	0	nan	0	0	0	0.011844	0.001982	0.011844	0.001982	0.442509	0.074050
20	U	114	8574	8204	0.013896	0	0	8574	90	7475	7157	0.012575	0	0	7475	0	0	0	nan	0	0	0	0.001321	0.001858	0.001321	0.001858	0.049354	0.069418
21	A	44	8588	8244	0.005337	0	0	8588	17	7483	7208	0.002358	0	0	7483	0	0	0	nan	0	0	0	0.002979	0.000987	0.002979	0.000987	0.111300	0.036876
22	G	85	8613	8092	0.010504	0	0	8613	34	7495	7069	0.004810	0	0	7495	0	0	0	nan	0	0	0	0.005694	0.001407	0.005694	0.001407	0.212736	0.052568
23	A	53	8620	7936	0.006678	0	0	8620	10	7499	6959	0.001437	0	0	7499	0	0	0	nan	0	0	0	0.005241	0.001024	0.005241	0.001024	0.195811	0.038258
24	G	926	8617	7899	0.117230	0	0	8617	80	7495	6878	0.011631	0	0	7495	0	0	0	nan	0	0	0	0.105599	0.004066	0.105599	0.004066	3.945330	0.151912
25	C	58	8621	7989	0.007260	0	0	8621	61	7494	6989	0.008728	0	0	7494	0	0	0	nan	0	0	0	-0.001468	0.001469	-0.001468	0.001469	-0.054847	0.054884
26	C	1309	8619	7988	0.163871	0	0	8619	52	7500	6908	0.007528	0	0	7500	0	0	0	nan	0	0	0	0.156343	0.004648	0.156343	0.004648	5.841198	0.173656
27	C	65	8628	7921	0.008206	0	0	8628	69	7518	6885	0.010022	0	0	7518	0	0	0	nan	0	0	0	-0.001816	0.001578	-0.001816	0.001578	-0.067848	0.058956
28	U	69	8643	7915	0.008718	0	0	8643	69	7543	6881	0.010028	0	0	7543	0	0	0	nan	0	0	0	-0.001310	0.001600	-0.001310	0.001600	-0.048943	0.059778
29	G	117	8644	7974	0.014673	0	0	8644	86	7551	6985	0.012312	0	0	7551	0	0	0	nan	0	0	0	0.002361	0.001898	0.002361	0.001898	0.088210	0.070912
30	G	256	8646	8101	0.031601	0	0	8646	34	7551	7086	0.004798	0	0	7551	0	0	0	nan	0	0	0	0.026803	0.002140	0.026803	0.002140	1.001398	0.079953
31	A	143	8647	8162	0.017520	0	0	8647	71	7552	7148	0.009933	0	0	7552	0	0	0	nan	0	0	0	0.007587	0.001880	0.007587	0.001880	0.283461	0.070239
32	U	106	8659	8217	0.012900	0	0	8659	99	7555	7203	0.013744	0	0	7555	0	0	0	nan	0	0	0	-0.000844	0.001865	-0.000844	0.001865	-0.031533	0.069679
33	U	74	8669	8049	0.009194	0	0	8669	44	7563	7058	0.006234	0	0	7563	0	0	0	nan	0	0	0	0.002960	0.001423	0.002960	0.001423	0.110590	0.053165
34	G	173	8677	8069	0.021440	0	0	8677	137	7564	7053	0.019424	0	0	7564	0	0	0	nan	0	0	0	0.002016	0.002326	0.002016	0.002326	0.075321	0.086903
35	U	211	8686	8038	0.026250	0	0	8686	182	7578	7026	0.025904	0	0	7578	0	0	0	nan	0	0	0	0.000347	0.002637	0.000347	0.002637	0.012964	0.098522
36	G	371	8691	8151	0.045516	0	0	8691	80	7579	7087	0.011288	0	0	7579	0	0	0	nan	0	0	0	0.034228	0.002679	0.034228	0.002679	1.278807	0.100091
37	A	232	8703	8071	0.028745	0	0	8703	159	7586	7034	0.022604	0	1	7586	0	0	0	nan	0	0	0	0.006140	0.002603	0.006140	0.002603	0.229399	0.097252
38	U	155	8710	8068	0.019212	0	0	8710	161	7591	7071	0.022769	0	1	7591	0	0	0	nan	0	0	0	-0.003557	0.002367	-0.003557	0.002367	-0.132895	0.088435
39	U	130	8727	7884	0.016489	0	0	8727	140	7613	6909	0.020263	0	1	7613	0	0	0	nan	0	0	0	-0.003774	0.002242	-0.003774	0.002242	-0.141002	0.083764
40	C	86	8739	7892	0.010897	0	0	8739	63	7617	6860	0.009184	0	1	7617	0	0	0	nan	0	0	0	0.001713	0.001649	0.001713	0.001649	0.064000	0.061609
41	C	45	8863	8131	0.005534	0	0	8863	28	7677	6971	0.004017	0	1	7677	0	0	0	nan	0	0	0	0.001518	0.001121	0.001518	0.001121	0.056715	0.041882
42	A	58	8871	8320	0.006971	0	0	8871	15	7680	7157	0.002096	0	1	7680	0	0	0	nan	0	0	0	0.004875	0.001063	0.004875	0.001063	0.182137	0.039715
43	G	235	8866	8365	0.028093	0	0	8866	81	7668	7252	0.011169	0	1	7668	0	0	0	nan	0	0	0	0.016924	0.002213	0.016924	0.002213	0.632305	0.082681
44	U	115	8879	8268	0.013909	0	0	8879	130	7674	7180	0.018106	0	1	7674	0	0	0	nan	0	0	0	-0.004197	0.002050	-0.004197	0.002050	-0.156806	0.076591
45	U	94	8883	8082	0.011631	0	0	8883	111	7677	7035	0.015778	0	1	7677	0	0	0	nan	0	0	0	-0.004147	0.001919	-0.004147	0.001919	-0.154938	0.071697
46	G	1308	8882	8171	0.160078	0	0	8882	1245	7683	7117	0.174933	0	2	7683	0	0	0	nan	0	0	0	-0.014855	0.006646	nan	nan	nan	nan
47	U	83	8997	8337	0.009956	0	0	8997	70	7760	7210	0.009709	0	2	7760	0	0	0	nan	0	0	0	0.000247	0.001594	0.000247	0.001594	0.009228	0.059554
48	C	70	9015	8229	0.008507	0	0	9015	44	7777	7114	0.006185	0	2	7777	0	0	0	nan	0	0	0	0.002322	0.001380	0.002322	0.001380	0.086753	0.051559
49	G	314	9015	8318	0.037749	0	0	9015	69	7782	7167	0.009627	0	2	7782	0	0	0	nan	0	0	0	0.028122	0.002425	0.028122	0.002425	1.050678	0.090601
50	U	114	9012	8257	0.013806	0	0	9012	121	7773	7117	0.017002	0	2	7773	0	0	0	nan	0	0	0	-0.003195	0.002015	-0.003195	0.002015	-0.119370	0.075283
51	G	135	9006	8364	0.016141	0	0	9006	92	7769	7196	0.012785	0	2	7769	0	0	0	nan	0	0	0	0.003356	0.001925	0.003356	0.001925	0.125385	0.071921
52	G	139	8999	8281	0.016785	0	0	8999	99	7767	7113	0.013918	0	2	7767	0	0	0	nan	0	0	0	0.002867	0.001996	0.002867	0.001996	0.107115	0.074573
53	G	221	8986	8163	0.027073	0	0	8986	80	7759	6938	0.011531	0	2	7759	0	0	0	nan	0	0	0	0.015543	0.002231	0.015543	0.002231	0.580709	0.083353
54	U	176	8979	8207	0.021445	0	0	8979	187	7750	7009	0.026680	0	2	7750	0	0	0	nan	0	0	0	-0.005235	0.002534	-0.005235	0.002534	-0.195587	0.094674
55	U	151	8975	8069	0.018714	0	0	8975	112	7748	6925	0.016173	0	2	7748	0	0	0	nan	0	0	0	0.002540	0.002157	0.002540	0.002157	0.094898	0.080589
56	C	101	8968	8070	0.012515	0	0	8968	86	7737	6992	0.012300	0	2	7737	0	0	0	nan	0	0	0	0.000216	0.001819	0.000216	0.001819	0.008070	0.067960
57	G	21	8963	7909	0.002655	0	0	8963	32	7731	6843	0.004676	0	2	7731	0	0	0	nan	0	0	0	-0.002021	0.001010	-0.002021	0.001010	-0.075507	0.037735
58	A	4008	8958	7877	0.508823	0	0	8958	29	7730	6756	0.004292	0	2	7730	0	0	0	nan	0	0	0	0.504531	0.008077	0.504531	0.008077	18.849999	0.301768
59	A	62	8956	7943	0.007806	0	0	8956	56	7725	6783	0.008256	0	2	7725	0	0	0	nan	0	0	0	-0.000450	0.001483	-0.000450	0.001483	-0.016813	0.055407
60	U	60	8954	7772	0.007720	0	0	8954	92	7724	6660	0.013814	0	2	7724	0	0	0	nan	0	0	0	-0.006094	0.001751	-0.006094	0.001751	-0.227681	0.065420
61	C	20	8947	7755	0.002579	0	0	8947	49	7720	6714	0.007298	0	2	7720	0	0	0	nan	0	0	0	-0.004719	0.001191	-0.004719	0.001191	-0.176309	0.044497
62	C	28	8941	7739	0.003618	0	0	8941	48	7719	6727	0.007135	0	2	7719	0	0	0	nan	0	0	0	-0.003517	0.001236	-0.003517	0.001236	-0.131400	0.046179
63	C	24	8934	8001	0.003000	0	0	8934	16	7705	6914	0.002314	0	2	7705	0	0	0	nan	0	0	0	0.000685	0.000842	0.000685	0.000842	0.025593	0.031458
64	A	76	8924	7957	0.009551	0	0	8924	61	7691	6808	0.008960	0	2	7691	0	0	0	nan	0	0	0	0.000591	0.001586	0.000591	0.001586	0.022081	0.059255
65	U	103	8915	7859	0.013106	0	0	8915	106	7675	6732	0.015746	0	2	7675	0	0	0	nan	0	0	0	-0.002640	0.002002	-0.002640	0.002002	-0.098634	0.074798
66	U	41	8903	7822	0.005242	0	0	8903	56	7662	6720	0.008333	0	2	7662	0	0	0	nan	0	0	0	-0.003092	0.001382	-0.003092	0.001382	-0.115522	0.051633
67	A	48	8887	7669	0.006259	0	0	8887	14	7652	6610	0.002118	0	2	7652	0	0	0	nan	0	0	0	0.004141	0.001066	0.004141	0.001066	0.154714	0.039827
68	G	273	8877	7401	0.036887	0	0	8877	103	7636	6402	0.016089	0	2	7636	0	0	0	nan	0	0	0	0.020798	0.002738	0.020798	0.002738	0.777043	0.102296
69	C	90	8872	7079	0.012714	0	0	8872	62	7629	6139	0.010099	0	2	7629	0	0	0	nan	0	0	0	0.002614	0.001855	0.002614	0.001855	0.097663	0.069305
70	C	33	8864	6595	0.005004	0	0	8864	43	7619	5744	0.007486	0	2	7619	0	0	0	nan	0	0	0	-0.002482	0.001436	-0.002482	0.001436	-0.092731	0.053651
71	A	66	8858	6931	0.009522	0	0	8858	49	7612	6005	0.008160	0	2	7612	0	0	0	nan	0	0	0	0.001363	0.001653	0.001363	0.001653	0.050924	0.061758
72	C	120	8858	6866	0.017477	0	0	8858	120	7611	5905	0.020322	0	2	7611	0	0	0	nan	0	0	0	-0.002844	0.002447	-0.002844	0.002447	-0.106256	0.091423
73	C	208	8858	7451	0.027916	0	0	8858	231	7609	6377	0.036224	0	2	7609	0	0	0	nan	0	0	0	-0.008308	0.003070	-0.008308	0.003070	-0.310399	0.114700
74	C	504	8836	7349	0.068581	0	0	8836	161	7596	6272	0.025670	0	2	7596	0	0	0	nan	0	0	0	0.042911	0.003664	0.042911	0.003664	1.603216	0.136892
75	C	126	8806	7300	0.017260	0	0	8806	14	7577	6240	0.002244	0	2	7577	0	0	0	nan	0	0	0	0.015017	0.001650	0.015017	0.001650	0.561057	0.061646
76	A	0	8561	0	nan	0	0	8561	0	7360	0	nan	0	2	7360	0	0	0	nan	0	0	0	nan	nan	nan	nan	nan	nan