0.000000
0.000000
0.514495
0.434082
0.850000
0.041034
0.458560
0.000000
0.180948
0.318697
0.004941
0.027484
0.000000
0.050586
0.047759
0.000000
0.462304
0.247403
0.850000
0.000000
0.000000
0.000000
0.000000
0.058839
0.010316
0.850000
0.001605
0.103668
0.174759
0.845265
0.107922
0.323053
0.005909
0.000000
0.850000
0.850000
0.850000
0.850000
0.397225
0.125166
0.048319
0.432681
0.255070
0.000000
0.417271
0.202217
0.000000
0.850000
0.000000
0.122288
0.050739
0.381586
0.051121
0.000000
0.411081
0.000000
0.850000
0.000000
0.000000
0.000000
0.000433
0.013958
0.774965
0.000000
0.017728
0.769794
0.028171
0.037596
0.124606
0.850000
0.112991
0.000000
0.618825
0.357897
0.000000
