0.000000
0.000000
0.033077
0.850000
0.156982
0.577344
0.850000
0.090904
0.123286
0.850000
0.000000
0.206301
0.403424
0.085439
0.000000
0.000000
0.000000
0.000000
0.717258
0.048159
0.000000
0.394813
0.850000
0.066799
0.295530
0.046973
0.338043
0.120785
0.029442
0.052697
0.052387
0.007837
0.000000
0.064582
0.850000
0.268743
0.298133
0.000000
0.000000
0.022326
0.850000
0.000000
0.080876
0.850000
0.019027
0.339590
0.000000
0.021269
0.060173
0.850000
0.850000
0.000000
0.624858
0.477725
0.508095
0.850000
0.000000
0.000000
0.009023
0.067263
0.017737
0.051562
0.139786
0.462669
0.000000
0.000000
0.850000
0.227596
0.850000
0.000000
0.000000
0.000000
0.074688
0.081701
0.392080
0.028849
0.024466
0.000000
0.000000
0.031041
0.137852
0.850000
0.000000
0.356940
0.850000
0.596860
0.000000
