0.000000
0.000000
0.086205
0.000000
0.075590
0.037003
0.850000
0.000000
0.850000
0.343012
0.012752
0.000000
0.063096
0.541736
0.000000
0.000000
0.000000
0.154461
0.168023
0.000000
0.000000
0.058710
0.080050
0.271660
0.819957
0.000000
0.850000
0.063981
0.057199
0.000000
0.006929
0.298380
0.632621
0.064497
0.255776
0.405887
0.014632
0.000000
0.850000
0.000000
0.169608
0.095271
0.000000
0.000000
0.434487
0.114989
0.291415
0.000000
0.000000
0.031990
0.062728
0.161463
0.456011
0.850000
0.000000
0.001401
0.271218
0.000000
0.850000
0.148048
0.000000
0.000000
0.000000
0.000000
0.833593
0.068588
0.013489
0.646184
0.000000
0.017138
0.463013
0.106880
0.000000
0.850000
0.850000
0.850000
0.000000
