Nucleotide	Sequence	Modified_mutations	Modified_read_depth	Modified_effective_depth	Modified_rate	Modified_off_target_mapped_depth	Modified_low_mapq_mapped_depth	Modified_mapped_depth	Untreated_mutations	Untreated_read_depth	Untreated_effective_depth	Untreated_rate	Untreated_off_target_mapped_depth	Untreated_low_mapq_mapped_depth	Untreated_mapped_depth	Denatured_mutations	Denatured_read_depth	Denatured_effective_depth	Denatured_rate	Denatured_off_target_mapped_depth	Denatured_low_mapq_mapped_depth	Denatured_mapped_depth	Reactivity_profile	Std_err	HQ_profile	HQ_stderr	Norm_profile	Norm_stderr
1	G	0	2911	2849	0.000000	0	0	2911	0	4538	4453	0.000000	0	0	4538	0	0	0	nan	0	0	0	0.000000	0.000000	0.000000	0.000000	0.000000	0.000000
2	C	0	3119	3033	0.000000	0	0	3119	0	4656	4527	0.000000	0	0	4656	0	0	0	nan	0	0	0	0.000000	0.000000	0.000000	0.000000	0.000000	0.000000
3	A	14	3176	3107	0.004506	0	0	3176	8	4685	4552	0.001757	0	0	4685	0	0	0	nan	0	0	0	0.002748	0.001355	0.002748	0.001355	0.097514	0.048083
4	U	44	3279	3178	0.013845	0	0	3279	58	4744	4560	0.012719	0	0	4744	0	0	0	nan	0	0	0	0.001126	0.002673	0.001126	0.002673	0.039957	0.094853
5	C	30	3308	3175	0.009449	0	0	3308	38	4770	4560	0.008333	0	0	4770	0	0	0	nan	0	0	0	0.001115	0.002192	0.001115	0.002192	0.039566	0.077784
6	C	27	3469	3311	0.008155	0	0	3469	22	4914	4697	0.004684	0	0	4914	0	0	0	nan	0	0	0	0.003471	0.001860	0.003471	0.001860	0.123170	0.066003
7	G	96	3503	3329	0.028837	0	0	3503	29	4965	4733	0.006127	0	0	4965	0	0	0	nan	0	0	0	0.022710	0.003155	0.022710	0.003155	0.805874	0.111957
8	U	441	3616	3447	0.127937	0	0	3616	593	5122	4883	0.121442	0	0	5122	0	0	0	nan	0	0	0	0.006496	0.007873	nan	nan	nan	nan
9	A	100	3690	3551	0.028161	0	0	3690	8	5284	5073	0.001577	0	0	5284	0	0	0	nan	0	0	0	0.026584	0.002871	0.026584	0.002871	0.943345	0.101879
10	G	66	3771	3626	0.018202	0	0	3771	74	5307	5092	0.014533	0	0	5307	0	0	0	nan	0	0	0	0.003669	0.002806	0.003669	0.002806	0.130196	0.099572
11	C	31	3802	3656	0.008479	0	0	3802	31	5353	5136	0.006036	0	0	5353	0	0	0	nan	0	0	0	0.002443	0.001869	0.002443	0.001869	0.086691	0.066322
12	U	37	3971	3780	0.009788	0	0	3971	44	5539	5274	0.008343	0	0	5539	0	0	0	nan	0	0	0	0.001446	0.002042	0.001446	0.002042	0.051312	0.072461
13	C	13	4004	3754	0.003463	0	0	4004	37	5594	5177	0.007147	0	0	5594	0	0	0	nan	0	0	0	-0.003684	0.001518	-0.003684	0.001518	-0.130728	0.053867
14	A	54	4045	3758	0.014369	0	0	4045	7	5712	5267	0.001329	0	0	5712	0	0	0	nan	0	0	0	0.013040	0.002019	0.013040	0.002019	0.462730	0.071645
15	G	28	4055	3795	0.007378	0	0	4055	59	5723	5316	0.011099	0	0	5723	0	0	0	nan	0	0	0	-0.003720	0.002008	-0.003720	0.002008	-0.132006	0.071255
16	C	115	4080	3837	0.029971	0	0	4080	53	5784	5482	0.009668	0	0	5784	0	0	0	nan	0	0	0	0.020303	0.003094	0.020303	0.003094	0.720461	0.109792
17	U	26	4098	3852	0.006750	0	0	4098	67	5816	5482	0.012222	0	0	5816	0	0	0	nan	0	0	0	-0.005472	0.001995	-0.005472	0.001995	-0.194176	0.070793
18	G	63	4112	3849	0.016368	0	0	4112	56	5837	5499	0.010184	0	0	5837	0	0	0	nan	0	0	0	0.006184	0.002471	0.006184	0.002471	0.219442	0.087685
19	G	37	4143	3915	0.009451	0	0	4143	15	5868	5596	0.002680	0	0	5868	0	0	0	nan	0	0	0	0.006770	0.001701	0.006770	0.001701	0.240236	0.060361
20	A	117	4169	3982	0.029382	0	0	4169	50	5891	5656	0.008840	0	0	5891	0	0	0	nan	0	0	0	0.020542	0.002990	0.020542	0.002990	0.728942	0.106101
21	U	23	4196	4012	0.005733	0	0	4196	38	5920	5697	0.006670	0	0	5920	0	0	0	nan	0	0	0	-0.000937	0.001612	-0.000937	0.001612	-0.033250	0.057203
22	A	10	4206	3977	0.002514	0	0	4206	10	5938	5666	0.001765	0	0	5938	0	0	0	nan	0	0	0	0.000750	0.000971	0.000750	0.000971	0.026614	0.034456
23	G	22	4220	4019	0.005474	0	0	4220	19	5950	5707	0.003329	0	0	5950	0	0	0	nan	0	0	0	0.002145	0.001395	0.002145	0.001395	0.076116	0.049502
24	A	41	4223	3997	0.010258	0	0	4223	16	5958	5645	0.002834	0	0	5958	0	0	0	nan	0	0	0	0.007423	0.001752	0.007423	0.001752	0.263408	0.062170
25	G	121	4225	3982	0.030387	0	0	4225	51	5958	5597	0.009112	0	0	5958	0	0	0	nan	0	0	0	0.021275	0.003043	0.021275	0.003043	0.754953	0.107982
26	U	30	4229	3981	0.007536	0	0	4229	28	5966	5611	0.004990	0	1	5966	0	0	0	nan	0	0	0	0.002546	0.001668	0.002546	0.001668	0.090346	0.059190
27	A	201	4232	4030	0.049876	0	0	4232	35	5979	5692	0.006149	0	1	5979	0	0	0	nan	0	0	0	0.043727	0.003668	0.043727	0.003668	1.551672	0.130161
28	C	40	4239	4042	0.009896	0	0	4239	56	5980	5730	0.009773	0	1	5980	0	0	0	nan	0	0	0	0.000123	0.002038	0.000123	0.002038	0.004365	0.072319
29	U	67	4293	4054	0.016527	0	0	4293	54	6010	5694	0.009484	0	1	6010	0	0	0	nan	0	0	0	0.007043	0.002396	0.007043	0.002396	0.249924	0.085023
30	C	49	4308	4004	0.012238	0	0	4308	52	6020	5608	0.009272	0	1	6020	0	0	0	nan	0	0	0	0.002965	0.002170	0.002965	0.002170	0.105214	0.077003
31	G	107	4310	3969	0.026959	0	0	4310	109	6038	5559	0.019608	0	1	6038	0	0	0	nan	0	0	0	0.007351	0.003212	0.007351	0.003212	0.260853	0.113979
32	G	77	4312	3866	0.019917	0	0	4312	107	6040	5564	0.019231	0	1	6040	0	0	0	nan	0	0	0	0.000686	0.002934	0.000686	0.002934	0.024343	0.104114
33	C	2275	4318	3980	0.571608	0	0	4318	529	6046	5632	0.093928	0	1	6046	0	0	0	nan	0	0	0	0.477680	0.012661	nan	nan	nan	nan
34	U	20	4332	4026	0.004968	0	0	4332	6	6050	5672	0.001058	0	1	6050	0	0	0	nan	0	0	0	0.003910	0.001192	0.003910	0.001192	0.138748	0.042299
35	A	3424	4337	3882	0.882020	0	0	4337	5298	6051	5650	0.937699	0	1	6051	0	0	0	nan	0	0	0	-0.055680	0.019829	nan	nan	nan	nan
36	C	202	4390	4103	0.049232	0	0	4390	64	6083	5701	0.011226	0	1	6083	0	0	0	nan	0	0	0	0.038006	0.003737	0.038006	0.003737	1.348660	0.132609
37	G	125	4405	4050	0.030864	0	0	4405	44	6083	5575	0.007892	0	1	6083	0	0	0	nan	0	0	0	0.022972	0.003006	0.022972	0.003006	0.815172	0.106669
38	A	100	4418	3745	0.026702	0	0	4418	16	6084	5061	0.003161	0	1	6084	0	0	0	nan	0	0	0	0.023541	0.002785	0.023541	0.002785	0.835363	0.098827
39	A	238	4419	3807	0.062516	0	0	4419	84	6087	5131	0.016371	0	1	6087	0	0	0	nan	0	0	0	0.046145	0.004429	0.046145	0.004429	1.637476	0.157165
40	C	62	4424	3896	0.015914	0	0	4424	54	6086	5261	0.010264	0	1	6086	0	0	0	nan	0	0	0	0.005650	0.002457	0.005650	0.002457	0.200493	0.087188
41	C	43	4420	4197	0.010245	0	0	4420	52	6087	5787	0.008986	0	1	6087	0	0	0	nan	0	0	0	0.001260	0.001998	0.001260	0.001998	0.044712	0.070900
42	G	95	4424	4011	0.023685	0	0	4424	40	6087	5458	0.007329	0	1	6087	0	0	0	nan	0	0	0	0.016356	0.002692	0.016356	0.002692	0.580400	0.095527
43	A	62	4422	3993	0.015527	0	0	4422	17	6087	5442	0.003124	0	1	6087	0	0	0	nan	0	0	0	0.012403	0.002112	0.012403	0.002112	0.440126	0.074945
44	G	161	4417	4026	0.039990	0	1	4417	103	6081	5489	0.018765	0	1	6081	0	0	0	nan	0	0	0	0.021225	0.003654	0.021225	0.003654	0.753178	0.129664
45	C	93	4416	4180	0.022249	0	1	4416	65	6084	5746	0.011312	0	1	6084	0	0	0	nan	0	0	0	0.010937	0.002700	0.010937	0.002700	0.388104	0.095811
46	G	23	4419	4161	0.005528	0	1	4419	12	6090	5701	0.002105	0	2	6090	0	0	0	nan	0	0	0	0.003423	0.001303	0.003423	0.001303	0.121467	0.046238
47	G	226	4437	4091	0.055243	0	1	4437	102	6123	5614	0.018169	0	2	6123	0	0	0	nan	0	0	0	0.037074	0.004091	0.037074	0.004091	1.315587	0.145171
48	U	492	6215	5860	0.083959	0	1	6215	745	6887	6423	0.115989	0	3	6887	0	0	0	nan	0	0	0	-0.032030	0.005691	nan	nan	nan	nan
49	C	13	6499	6047	0.002150	0	1	6499	13	7102	6573	0.001978	0	3	7102	0	0	0	nan	0	0	0	0.000172	0.000810	0.000172	0.000810	0.006103	0.028743
50	G	70	6532	6087	0.011500	0	1	6532	27	7130	6641	0.004066	0	3	7130	0	0	0	nan	0	0	0	0.007434	0.001582	0.007434	0.001582	0.263799	0.056138
51	G	26	6549	6113	0.004253	0	1	6549	21	7144	6628	0.003168	0	3	7144	0	0	0	nan	0	0	0	0.001085	0.001083	0.001085	0.001083	0.038502	0.038431
52	A	51	6546	6166	0.008271	0	1	6546	38	7143	6699	0.005672	0	3	7143	0	0	0	nan	0	0	0	0.002599	0.001479	0.002599	0.001479	0.092227	0.052483
53	G	182	6544	6143	0.029627	0	1	6544	161	7139	6699	0.024033	0	3	7139	0	0	0	nan	0	0	0	0.005594	0.002900	0.005594	0.002900	0.198506	0.102908
54	G	247	6540	6077	0.040645	0	1	6540	89	7136	6643	0.013398	0	3	7136	0	0	0	nan	0	0	0	0.027247	0.002950	0.027247	0.002950	0.966872	0.104682
55	U	116	6540	6113	0.018976	0	1	6540	167	7141	6672	0.025030	0	3	7141	0	0	0	nan	0	0	0	-0.006054	0.002618	-0.006054	0.002618	-0.214829	0.092901
56	U	123	6546	6133	0.020055	0	1	6546	119	7147	6687	0.017796	0	3	7147	0	0	0	nan	0	0	0	0.002260	0.002435	0.002260	0.002435	0.080197	0.086407
57	C	58	6544	6139	0.009448	0	1	6544	68	7147	6656	0.010216	0	3	7147	0	0	0	nan	0	0	0	-0.000769	0.001753	-0.000769	0.001753	-0.027288	0.062206
58	G	17	6544	6026	0.002821	0	1	6544	19	7146	6636	0.002863	0	3	7146	0	0	0	nan	0	0	0	-0.000042	0.000948	-0.000042	0.000948	-0.001490	0.033640
59	A	1681	6542	6085	0.276253	0	1	6542	11	7146	6698	0.001642	0	3	7146	0	0	0	nan	0	0	0	0.274611	0.006756	0.274611	0.006756	9.744692	0.239740
60	A	33	6541	6115	0.005397	0	1	6541	50	7145	6735	0.007424	0	3	7145	0	0	0	nan	0	0	0	-0.002027	0.001409	-0.002027	0.001409	-0.071929	0.049999
61	U	52	6538	6126	0.008488	0	1	6538	74	7140	6637	0.011150	0	3	7140	0	0	0	nan	0	0	0	-0.002661	0.001751	-0.002661	0.001751	-0.094427	0.062135
62	C	21	6537	5987	0.003508	0	1	6537	36	7137	6465	0.005568	0	3	7137	0	0	0	nan	0	0	0	-0.002061	0.001203	-0.002061	0.001203	-0.073135	0.042689
63	C	11	6536	5956	0.001847	0	1	6536	17	7133	6456	0.002633	0	3	7133	0	0	0	nan	0	0	0	-0.000786	0.000847	-0.000786	0.000847	-0.027892	0.030056
64	U	45	6532	5992	0.007510	0	1	6532	36	7123	6465	0.005568	0	3	7123	0	0	0	nan	0	0	0	0.001942	0.001454	0.001942	0.001454	0.068913	0.051596
65	C	40	6530	5971	0.006699	0	1	6530	57	7112	6458	0.008826	0	3	7112	0	0	0	nan	0	0	0	-0.002127	0.001578	-0.002127	0.001578	-0.075478	0.055996
66	C	65	6525	5917	0.010985	0	1	6525	66	7101	6376	0.010351	0	3	7101	0	0	0	nan	0	0	0	0.000634	0.001865	0.000634	0.001865	0.022498	0.066180
67	C	48	6519	5868	0.008180	0	1	6519	47	7099	6278	0.007486	0	3	7099	0	0	0	nan	0	0	0	0.000693	0.001608	0.000693	0.001608	0.024591	0.057061
68	G	102	6512	5826	0.017508	0	1	6512	71	7084	6235	0.011387	0	2	7084	0	0	0	nan	0	0	0	0.006120	0.002198	0.006120	0.002198	0.217171	0.077997
69	G	89	6509	5683	0.015661	0	1	6509	25	7083	6234	0.004010	0	2	7083	0	0	0	nan	0	0	0	0.011650	0.001844	0.011650	0.001844	0.413405	0.065435
70	A	59	6506	5761	0.010241	0	1	6506	56	7082	6306	0.008880	0	2	7082	0	0	0	nan	0	0	0	0.001361	0.001785	0.001361	0.001785	0.048296	0.063342
71	U	43	6505	5761	0.007464	0	1	6505	29	7080	6383	0.004543	0	2	7080	0	0	0	nan	0	0	0	0.002921	0.001417	0.002921	0.001417	0.103653	0.050283
72	G	188	6496	5884	0.031951	0	1	6496	52	7072	6385	0.008144	0	2	7072	0	0	0	nan	0	0	0	0.023807	0.002590	0.023807	0.002590	0.844802	0.091907
73	C	131	6495	5122	0.025576	0	1	6495	144	7071	5792	0.024862	0	2	7071	0	0	0	nan	0	0	0	0.000714	0.003047	0.000714	0.003047	0.025337	0.108124
74	A	126	6492	5181	0.024320	0	1	6492	44	7064	5891	0.007469	0	2	7064	0	0	0	nan	0	0	0	0.016851	0.002442	0.016851	0.002442	0.597965	0.086655
75	C	202	6478	4999	0.040408	0	1	6478	25	7051	5722	0.004369	0	2	7051	0	0	0	nan	0	0	0	0.036039	0.002974	0.036039	0.002974	1.278860	0.105534
76	C	121	6471	5433	0.022271	0	1	6471	7	7042	6109	0.001146	0	2	7042	0	0	0	nan	0	0	0	0.021125	0.002070	0.021125	0.002070	0.749630	0.073455
77	A	0	6285	0	nan	0	1	6285	0	6939	0	nan	0	2	6939	0	0	0	nan	0	0	0	nan	nan	nan	nan	nan	nan