Nucleotide	Sequence	Modified_mutations	Modified_read_depth	Modified_effective_depth	Modified_rate	Modified_off_target_mapped_depth	Modified_low_mapq_mapped_depth	Modified_mapped_depth	Untreated_mutations	Untreated_read_depth	Untreated_effective_depth	Untreated_rate	Untreated_off_target_mapped_depth	Untreated_low_mapq_mapped_depth	Untreated_mapped_depth	Denatured_mutations	Denatured_read_depth	Denatured_effective_depth	Denatured_rate	Denatured_off_target_mapped_depth	Denatured_low_mapq_mapped_depth	Denatured_mapped_depth	Reactivity_profile	Std_err	HQ_profile	HQ_stderr	Norm_profile	Norm_stderr
1	G	0	29996	29341	0.000000	0	0	29996	0	50582	49486	0.000000	0	0	50582	0	0	0	nan	0	0	0	0.000000	0.000000	0.000000	0.000000	0.000000	0.000000
2	U	0	31896	31066	0.000000	0	0	31896	0	51492	50095	0.000000	0	0	51492	0	0	0	nan	0	0	0	0.000000	0.000000	0.000000	0.000000	0.000000	0.000000
3	C	90	32355	31446	0.002862	0	0	32355	148	51993	50423	0.002935	0	0	51993	0	0	0	nan	0	0	0	-0.000073	0.000386	-0.000073	0.000386	-0.001963	0.010380
4	C	157	32587	31561	0.004974	0	0	32587	165	52204	50399	0.003274	0	0	52204	0	0	0	nan	0	0	0	0.001701	0.000472	0.001701	0.000472	0.045743	0.012693
5	C	134	32739	31446	0.004261	0	0	32739	162	52339	50147	0.003231	0	0	52339	0	0	0	nan	0	0	0	0.001031	0.000447	0.001031	0.000447	0.027725	0.012021
6	C	282	32851	30882	0.009132	0	0	32851	369	52455	49109	0.007514	0	0	52455	0	0	0	nan	0	0	0	0.001618	0.000670	0.001618	0.000670	0.043511	0.018018
7	U	435	33345	31098	0.013988	0	0	33345	545	53052	49178	0.011082	0	0	53052	0	0	0	nan	0	0	0	0.002906	0.000822	0.002906	0.000822	0.078148	0.022105
8	U	500	35159	32955	0.015172	0	0	35159	652	54724	50885	0.012813	0	0	54724	0	0	0	nan	0	0	0	0.002359	0.000844	0.002359	0.000844	0.063438	0.022697
9	C	286	35619	33852	0.008449	0	0	35619	376	55265	52362	0.007181	0	0	55265	0	0	0	nan	0	0	0	0.001268	0.000622	0.001268	0.000622	0.034099	0.016727
10	G	412	35869	34149	0.012065	0	0	35869	356	55703	52845	0.006737	0	0	55703	0	0	0	nan	0	0	0	0.005328	0.000693	0.005328	0.000693	0.143280	0.018636
11	U	694	36322	34473	0.020132	0	0	36322	1024	56263	53136	0.019271	0	0	56263	0	0	0	nan	0	0	0	0.000860	0.000973	0.000860	0.000973	0.023127	0.026166
12	C	436	36446	34633	0.012589	0	0	36446	528	56560	53499	0.009869	0	0	56560	0	0	0	nan	0	0	0	0.002720	0.000740	0.002720	0.000740	0.073146	0.019900
13	U	261	37541	35958	0.007258	0	0	37541	453	58628	56006	0.008088	0	0	58628	0	0	0	nan	0	0	0	-0.000830	0.000588	-0.000830	0.000588	-0.022320	0.015812
14	A	280	38318	36195	0.007736	0	0	38318	209	59695	56239	0.003716	0	0	59695	0	0	0	nan	0	0	0	0.004020	0.000529	0.004020	0.000529	0.108105	0.014226
15	G	372	38405	36647	0.010151	0	0	38405	284	59795	57048	0.004978	0	0	59795	0	0	0	nan	0	0	0	0.005173	0.000604	0.005173	0.000604	0.139111	0.016243
16	A	1311	38463	35940	0.036477	0	0	38463	228	59909	55940	0.004076	0	0	59909	0	0	0	nan	0	0	0	0.032402	0.001043	0.032402	0.001043	0.871349	0.028048
17	G	1146	38530	36033	0.031804	0	0	38530	612	59952	56194	0.010891	0	0	59952	0	0	0	nan	0	0	0	0.020913	0.001038	0.020913	0.001038	0.562389	0.027914
18	G	788	38558	36239	0.021745	0	0	38558	689	59978	56636	0.012165	0	0	59978	0	0	0	nan	0	0	0	0.009579	0.000903	0.009579	0.000903	0.257597	0.024283
19	C	2363	38619	36954	0.063944	0	0	38619	554	60021	57581	0.009621	0	0	60021	0	0	0	nan	0	0	0	0.054323	0.001377	0.054323	0.001377	1.460845	0.037030
20	C	331	38675	37190	0.008900	0	0	38675	448	60119	57936	0.007733	0	0	60119	0	0	0	nan	0	0	0	0.001168	0.000611	0.001168	0.000611	0.031410	0.016431
21	C	1713	38752	36605	0.046797	0	0	38752	291	60250	56822	0.005121	0	0	60250	0	0	0	nan	0	0	0	0.041676	0.001170	0.041676	0.001170	1.120744	0.031463
22	A	140	38837	36004	0.003888	0	0	38837	153	60356	55772	0.002743	0	0	60356	0	0	0	nan	0	0	0	0.001145	0.000396	0.001145	0.000396	0.030791	0.010649
23	G	567	38844	35473	0.015984	0	0	38844	878	60360	54801	0.016022	0	0	60360	0	0	0	nan	0	0	0	-0.000038	0.000862	-0.000038	0.000862	-0.001022	0.023181
24	G	202	38850	35709	0.005657	0	0	38850	261	60377	55578	0.004696	0	0	60377	0	0	0	nan	0	0	0	0.000961	0.000493	0.000961	0.000493	0.025843	0.013258
25	A	582	38856	36517	0.015938	0	0	38856	430	60403	56953	0.007550	0	0	60403	0	0	0	nan	0	0	0	0.008388	0.000754	0.008388	0.000754	0.225569	0.020276
26	C	184	38853	37243	0.004941	0	0	38853	226	60396	58530	0.003861	0	0	60396	0	0	0	nan	0	0	0	0.001079	0.000446	0.001079	0.000446	0.029016	0.011994
27	A	1832	38845	37249	0.049183	0	0	38845	560	60435	58257	0.009613	0	0	60435	0	0	0	nan	0	0	0	0.039570	0.001219	0.039570	0.001219	1.064110	0.032781
28	C	445	38831	35367	0.012582	0	0	38831	595	60413	55148	0.010789	0	0	60413	0	0	0	nan	0	0	0	0.001793	0.000743	0.001793	0.000743	0.048217	0.019981
29	C	268	38819	33643	0.007966	0	0	38819	266	60379	52471	0.005069	0	0	60379	0	0	0	nan	0	0	0	0.002897	0.000577	0.002897	0.000577	0.077906	0.015517
30	G	1369	38784	33508	0.040856	0	0	38784	691	60328	52167	0.013246	0	0	60328	0	0	0	nan	0	0	0	0.027610	0.001214	0.027610	0.001214	0.742484	0.032647
31	C	417	38776	34595	0.012054	0	0	38776	549	60288	54033	0.010160	0	0	60288	0	0	0	nan	0	0	0	0.001893	0.000732	0.001893	0.000732	0.050906	0.019685
32	C	189	38741	36135	0.005230	0	0	38741	268	60244	56428	0.004749	0	0	60244	0	0	0	nan	0	0	0	0.000481	0.000478	0.000481	0.000478	0.012935	0.012854
33	C	1178	38659	33123	0.035564	0	0	38659	630	60129	51733	0.012178	0	0	60129	0	0	0	nan	0	0	0	0.023386	0.001144	0.023386	0.001144	0.628893	0.030764
34	U	359	38660	32371	0.011090	0	0	38660	713	60078	50384	0.014151	0	1	60078	0	0	0	nan	0	0	0	-0.003061	0.000790	-0.003061	0.000790	-0.082316	0.021245
35	U	5167	38751	32477	0.159097	0	0	38751	2570	60130	50215	0.051180	0	3	60130	0	0	0	nan	0	0	0	0.107917	0.002433	nan	nan	nan	nan
36	U	577	39389	33757	0.017093	0	0	39389	1102	60330	51425	0.021429	0	7	60330	0	0	0	nan	0	0	0	-0.004337	0.000961	-0.004337	0.000961	-0.116630	0.025843
37	C	2187	39432	31513	0.069400	0	0	39432	638	60197	47074	0.013553	0	8	60197	0	0	0	nan	0	0	0	0.055847	0.001578	0.055847	0.001578	1.501829	0.042435
38	A	438	39572	31021	0.014119	0	0	39572	671	60260	46644	0.014386	0	9	60260	0	0	0	nan	0	0	0	-0.000266	0.000874	-0.000266	0.000874	-0.007153	0.023503
39	C	2224	39568	31427	0.070767	0	0	39568	531	60208	46912	0.011319	0	9	60208	0	0	0	nan	0	0	0	0.059448	0.001579	0.059448	0.001579	1.598666	0.042462
40	G	685	39563	33734	0.020306	0	0	39563	489	60131	51671	0.009464	0	9	60131	0	0	0	nan	0	0	0	0.010842	0.000886	0.010842	0.000886	0.291561	0.023826
41	G	1194	39546	34231	0.034881	0	0	39546	484	60099	52298	0.009255	0	9	60099	0	0	0	nan	0	0	0	0.025626	0.001094	0.025626	0.001094	0.689130	0.029420
42	C	350	39535	35344	0.009903	0	0	39535	485	60088	54077	0.008969	0	9	60088	0	0	0	nan	0	0	0	0.000934	0.000668	0.000934	0.000668	0.025117	0.017964
43	G	540	39531	36212	0.014912	0	0	39531	434	60088	55083	0.007879	0	9	60088	0	0	0	nan	0	0	0	0.007033	0.000745	0.007033	0.000745	0.189130	0.020034
44	G	590	39531	35654	0.016548	0	0	39531	268	60083	54220	0.004943	0	9	60083	0	0	0	nan	0	0	0	0.011605	0.000745	0.011605	0.000745	0.312080	0.020034
45	U	368	39550	36396	0.010111	0	0	39550	548	60081	55422	0.009888	0	9	60081	0	0	0	nan	0	0	0	0.000223	0.000675	0.000223	0.000675	0.005997	0.018152
46	A	38	39557	37131	0.001023	0	0	39557	32	60087	56591	0.000565	0	9	60087	0	0	0	nan	0	0	0	0.000458	0.000194	0.000458	0.000194	0.012316	0.005217
47	A	90	39560	37379	0.002408	0	0	39560	137	60080	56734	0.002415	0	9	60080	0	0	0	nan	0	0	0	-0.000007	0.000327	-0.000007	0.000327	-0.000188	0.008794
48	C	233	39524	37286	0.006249	0	0	39524	276	59992	56490	0.004886	0	9	59992	0	0	0	nan	0	0	0	0.001363	0.000504	0.001363	0.000504	0.036654	0.013553
49	A	231	39462	33436	0.006909	0	0	39462	194	59894	50302	0.003857	0	9	59894	0	0	0	nan	0	0	0	0.003052	0.000532	0.003052	0.000532	0.082074	0.014306
50	G	619	39362	32538	0.019024	0	0	39362	866	59723	48921	0.017702	0	9	59723	0	0	0	nan	0	0	0	0.001322	0.000973	0.001322	0.000973	0.035551	0.026166
51	G	583	39344	32236	0.018085	0	0	39344	718	59674	48470	0.014813	0	10	59674	0	0	0	nan	0	0	0	0.003272	0.000931	0.003272	0.000931	0.087990	0.025036
52	G	735	39322	34865	0.021081	0	0	39322	708	59669	52895	0.013385	0	11	59669	0	0	0	nan	0	0	0	0.007696	0.000926	0.007696	0.000926	0.206960	0.024902
53	G	1053	39292	36019	0.029235	0	0	39292	542	59603	54282	0.009985	0	11	59603	0	0	0	nan	0	0	0	0.019250	0.000998	0.019250	0.000998	0.517668	0.026838
54	U	560	39266	36517	0.015335	0	0	39266	888	59580	54885	0.016179	0	11	59580	0	0	0	nan	0	0	0	-0.000844	0.000845	-0.000844	0.000845	-0.022697	0.022724
55	U	491	39253	35508	0.013828	0	0	39253	1037	59586	53854	0.019256	0	11	59586	0	0	0	nan	0	0	0	-0.005428	0.000864	-0.005428	0.000864	-0.145969	0.023235
56	C	281	39208	34886	0.008055	0	0	39208	263	59562	53416	0.004924	0	11	59562	0	0	0	nan	0	0	0	0.003131	0.000568	0.003131	0.000568	0.084198	0.015275
57	G	65	39184	34262	0.001897	0	0	39184	238	59530	53390	0.004458	0	11	59530	0	0	0	nan	0	0	0	-0.002561	0.000373	-0.002561	0.000373	-0.068870	0.010031
58	A	22558	39145	34877	0.646787	0	0	39145	143	59512	54269	0.002635	0	11	59512	0	0	0	nan	0	0	0	0.644152	0.004312	0.644152	0.004312	17.322433	0.115958
59	A	338	39139	35105	0.009628	0	0	39139	513	59466	53081	0.009664	0	11	59466	0	0	0	nan	0	0	0	-0.000036	0.000676	-0.000036	0.000676	-0.000968	0.018179
60	U	308	39109	33235	0.009267	0	0	39109	863	59400	49549	0.017417	0	11	59400	0	0	0	nan	0	0	0	-0.008150	0.000794	-0.008150	0.000794	-0.219169	0.021352
61	C	153	39062	31626	0.004838	0	0	39062	399	59344	46830	0.008520	0	11	59344	0	0	0	nan	0	0	0	-0.003682	0.000579	-0.003682	0.000579	-0.099016	0.015570
62	C	173	39053	31225	0.005540	0	0	39053	343	59333	47211	0.007265	0	11	59333	0	0	0	nan	0	0	0	-0.001725	0.000576	-0.001725	0.000576	-0.046388	0.015490
63	C	174	39036	32939	0.005282	0	0	39036	320	59246	49676	0.006442	0	10	59246	0	0	0	nan	0	0	0	-0.001159	0.000539	-0.001159	0.000539	-0.031168	0.014495
64	C	300	38981	31898	0.009405	0	0	38981	518	59108	47776	0.010842	0	10	59108	0	0	0	nan	0	0	0	-0.001437	0.000722	-0.001437	0.000722	-0.038644	0.019416
65	U	445	38890	33241	0.013387	0	0	38890	657	58835	49396	0.013301	0	9	58835	0	0	0	nan	0	0	0	0.000086	0.000820	0.000086	0.000820	0.002313	0.022051
66	A	147	38836	32194	0.004566	0	0	38836	180	58724	47663	0.003777	0	9	58724	0	0	0	nan	0	0	0	0.000790	0.000470	0.000790	0.000470	0.021245	0.012639
67	G	712	38722	32903	0.021639	0	0	38722	774	58549	49247	0.015717	0	9	58549	0	0	0	nan	0	0	0	0.005923	0.000988	0.005923	0.000988	0.159280	0.026569
68	G	709	38699	32010	0.022149	0	0	38699	613	58518	48011	0.012768	0	9	58518	0	0	0	nan	0	0	0	0.009381	0.000979	0.009381	0.000979	0.252272	0.026327
69	G	1181	38668	32736	0.036076	0	0	38668	750	58473	49540	0.015139	0	9	58473	0	0	0	nan	0	0	0	0.020937	0.001186	0.020937	0.001186	0.563034	0.031894
70	G	1864	38647	30859	0.060404	0	0	38647	282	58437	46470	0.006068	0	9	58437	0	0	0	nan	0	0	0	0.054335	0.001445	0.054335	0.001445	1.461168	0.038859
71	A	426	38634	31785	0.013403	0	0	38634	409	58416	47887	0.008541	0	9	58416	0	0	0	nan	0	0	0	0.004862	0.000775	0.004862	0.000775	0.130748	0.020841
72	C	425	38630	31359	0.013553	0	0	38630	396	58413	47263	0.008379	0	9	58413	0	0	0	nan	0	0	0	0.005174	0.000781	0.005174	0.000781	0.139138	0.021003
73	G	1538	38617	34575	0.044483	0	0	38617	472	58399	52347	0.009017	0	9	58399	0	0	0	nan	0	0	0	0.035466	0.001208	0.035466	0.001208	0.953746	0.032485
74	C	1194	38578	34071	0.035044	0	0	38578	300	58352	51814	0.005790	0	9	58352	0	0	0	nan	0	0	0	0.029255	0.001068	0.029255	0.001068	0.786721	0.028720
75	C	693	38527	32860	0.021089	0	0	38527	78	58295	51078	0.001527	0	9	58295	0	0	0	nan	0	0	0	0.019562	0.000820	0.019562	0.000820	0.526058	0.022051
76	A	0	37195	0	nan	0	0	37195	0	57614	0	nan	0	9	57614	0	0	0	nan	0	0	0	nan	nan	nan	nan	nan	nan