0.000000
0.000000
0.000000
0.413223
0.154463
0.000000
0.135693
0.000000
0.000000
0.322405
0.208467
0.067740
0.008404
0.271131
0.000000
0.000000
0.000000
0.141921
0.396970
0.000000
0.025509
0.168710
0.238796
0.235170
0.048203
0.105236
0.070001
0.154463
0.077637
0.070171
0.065394
0.026192
0.224207
0.850000
0.850000
0.000000
0.000000
0.035363
0.099946
0.364167
0.757468
0.192641
0.653597
0.168710
0.237815
0.000000
0.082585
0.217041
0.085955
0.000000
0.109502
0.182830
0.535863
0.000000
0.079300
0.000000
0.000000
0.850000
0.850000
0.000000
0.000000
0.000000
0.070044
0.168198
0.850000
0.000000
0.036600
0.000000
0.052469
0.146016
0.850000
0.007038
0.850000
0.850000
0.850000
0.000000
