Nucleotide	Sequence	Modified_mutations	Modified_read_depth	Modified_effective_depth	Modified_rate	Modified_off_target_mapped_depth	Modified_low_mapq_mapped_depth	Modified_mapped_depth	Untreated_mutations	Untreated_read_depth	Untreated_effective_depth	Untreated_rate	Untreated_off_target_mapped_depth	Untreated_low_mapq_mapped_depth	Untreated_mapped_depth	Denatured_mutations	Denatured_read_depth	Denatured_effective_depth	Denatured_rate	Denatured_off_target_mapped_depth	Denatured_low_mapq_mapped_depth	Denatured_mapped_depth	Reactivity_profile	Std_err	HQ_profile	HQ_stderr	Norm_profile	Norm_stderr
1	U	0	9468	9151	0.000000	0	21	9468	0	16141	15640	0.000000	0	60	16141	0	0	0	nan	0	0	0	0.000000	0.000000	0.000000	0.000000	0.000000	0.000000
2	G	0	10303	9702	0.000000	0	21	10303	0	17030	16085	0.000000	0	65	17030	0	0	0	nan	0	0	0	0.000000	0.000000	0.000000	0.000000	0.000000	0.000000
3	G	218	11138	10344	0.021075	0	21	11138	228	17416	16119	0.014145	0	66	17416	0	0	0	nan	0	0	0	0.006930	0.001707	0.006930	0.001707	0.159266	0.039230
4	G	362	11272	10352	0.034969	0	21	11272	185	17487	16143	0.011460	0	66	17487	0	0	0	nan	0	0	0	0.023509	0.002022	0.023509	0.002022	0.540286	0.046470
5	G	820	11392	10584	0.077475	0	21	11392	159	17542	16301	0.009754	0	67	17542	0	0	0	nan	0	0	0	0.067721	0.002814	0.067721	0.002814	1.556370	0.064672
6	U	96	11706	11106	0.008644	0	21	11706	126	17781	16893	0.007459	0	68	17781	0	0	0	nan	0	0	0	0.001185	0.001104	0.001185	0.001104	0.027234	0.025372
7	A	65	11989	11517	0.005644	0	21	11989	53	18104	17400	0.003046	0	68	18104	0	0	0	nan	0	0	0	0.002598	0.000816	0.002598	0.000816	0.059707	0.018753
8	U	2035	12675	12242	0.166231	0	21	12675	2791	18758	18183	0.153495	0	68	18758	0	0	0	nan	0	0	0	0.012736	0.004693	nan	nan	nan	nan
9	C	626	13013	12468	0.050209	0	21	13013	72	19245	18418	0.003909	0	68	19245	0	0	0	nan	0	0	0	0.046299	0.002059	0.046299	0.002059	1.064048	0.047320
10	G	341	13348	12871	0.026494	0	21	13348	294	19330	18652	0.015762	0	68	19330	0	0	0	nan	0	0	0	0.010731	0.001704	0.010731	0.001704	0.246621	0.039161
11	C	156	13471	12871	0.012120	0	21	13471	165	19443	18579	0.008881	0	68	19443	0	0	0	nan	0	0	0	0.003239	0.001192	0.003239	0.001192	0.074439	0.027395
12	C	140	13550	13097	0.010689	0	21	13550	71	19551	18896	0.003757	0	68	19551	0	0	0	nan	0	0	0	0.006932	0.001007	0.006932	0.001007	0.159312	0.023143
13	A	314	13649	13014	0.024128	0	21	13649	25	19754	18715	0.001336	0	68	19754	0	0	0	nan	0	0	0	0.022792	0.001388	0.022792	0.001388	0.523808	0.031899
14	A	577	13701	13034	0.044269	0	21	13701	83	19780	18655	0.004449	0	68	19780	0	0	0	nan	0	0	0	0.039820	0.001907	0.039820	0.001907	0.915147	0.043827
15	G	300	13833	13134	0.022841	0	21	13833	190	19821	18711	0.010154	0	68	19821	0	0	0	nan	0	0	0	0.012687	0.001511	0.012687	0.001511	0.291574	0.034726
16	C	699	13913	13286	0.052612	0	21	13913	262	19895	19026	0.013771	0	68	19895	0	0	0	nan	0	0	0	0.038841	0.002164	0.038841	0.002164	0.892647	0.049733
17	G	308	13950	13276	0.023200	0	21	13950	243	19926	19074	0.012740	0	68	19926	0	0	0	nan	0	0	0	0.010460	0.001554	0.010460	0.001554	0.240393	0.035714
18	G	227	13971	13273	0.017102	0	21	13971	151	19969	19071	0.007918	0	68	19969	0	0	0	nan	0	0	0	0.009185	0.001305	0.009185	0.001305	0.211091	0.029992
19	U	525	14053	13508	0.038866	0	21	14053	380	20034	19352	0.019636	0	68	20034	0	0	0	nan	0	0	0	0.019230	0.001973	0.019230	0.001973	0.441946	0.045344
20	A	41	14145	13693	0.002994	0	21	14145	31	20090	19432	0.001595	0	68	20090	0	0	0	nan	0	0	0	0.001399	0.000548	0.001399	0.000548	0.032152	0.012594
21	A	1369	14178	13681	0.100066	0	21	14178	78	20113	19399	0.004021	0	68	20113	0	0	0	nan	0	0	0	0.096045	0.002743	0.096045	0.002743	2.207315	0.063040
22	G	201	14409	13561	0.014822	0	21	14409	136	20128	19020	0.007150	0	68	20128	0	0	0	nan	0	0	0	0.007672	0.001212	0.007672	0.001212	0.176319	0.027854
23	G	1703	14417	13631	0.124936	0	21	14417	187	20135	19128	0.009776	0	68	20135	0	0	0	nan	0	0	0	0.115160	0.003111	0.115160	0.003111	2.646618	0.071497
24	C	84	14482	13268	0.006331	0	21	14482	78	20140	18601	0.004193	0	66	20140	0	0	0	nan	0	0	0	0.002138	0.000838	0.002138	0.000838	0.049136	0.019259
25	A	2082	14492	13424	0.155095	0	16	14492	180	20165	18791	0.009579	0	59	20165	0	0	0	nan	0	0	0	0.145516	0.003473	0.145516	0.003473	3.344262	0.079817
26	C	174	14527	13283	0.013099	0	14	14527	234	20171	18577	0.012596	0	49	20171	0	0	0	nan	0	0	0	0.000503	0.001290	0.000503	0.001290	0.011560	0.029647
27	C	84	14534	13591	0.006181	0	11	14534	126	20179	18922	0.006659	0	38	20179	0	0	0	nan	0	0	0	-0.000478	0.000898	-0.000478	0.000898	-0.010985	0.020638
28	G	376	14537	13543	0.027763	0	3	14537	271	20187	18747	0.014456	0	21	20187	0	0	0	nan	0	0	0	0.013308	0.001680	0.013308	0.001680	0.305846	0.038610
29	G	320	14538	13680	0.023392	0	2	14538	67	20190	18935	0.003538	0	15	20190	0	0	0	nan	0	0	0	0.019853	0.001377	0.019853	0.001377	0.456263	0.031646
30	A	156	14544	13733	0.011359	0	2	14544	226	20201	19006	0.011891	0	10	20201	0	0	0	nan	0	0	0	-0.000531	0.001205	-0.000531	0.001205	-0.012203	0.027693
31	U	609	14589	13884	0.043863	0	2	14589	1069	20235	19279	0.055449	0	10	20235	0	0	0	nan	0	0	0	-0.011585	0.002457	nan	nan	nan	nan
32	U	196	14667	13972	0.014028	0	3	14667	272	20282	19333	0.014069	0	10	20282	0	0	0	nan	0	0	0	-0.000041	0.001316	-0.000041	0.001316	-0.000942	0.030244
33	C	720	14708	14126	0.050970	0	3	14708	243	20309	19520	0.012449	0	12	20309	0	0	0	nan	0	0	0	0.038521	0.002061	0.038521	0.002061	0.885293	0.047366
34	U	196	14798	14125	0.013876	0	3	14798	275	20358	19462	0.014130	0	12	20358	0	0	0	nan	0	0	0	-0.000254	0.001307	-0.000254	0.001307	-0.005837	0.030038
35	G	431	14814	14108	0.030550	0	3	14814	215	20364	19388	0.011089	0	12	20364	0	0	0	nan	0	0	0	0.019461	0.001655	0.019461	0.001655	0.447254	0.038035
36	A	356	14834	14099	0.025250	0	3	14834	552	20371	19260	0.028660	0	12	20371	0	0	0	nan	0	0	0	-0.003410	0.001811	-0.003410	0.001811	-0.078369	0.041621
37	U	177	14844	14092	0.012560	0	3	14844	329	20370	19174	0.017159	0	12	20370	0	0	0	nan	0	0	0	-0.004598	0.001336	-0.004598	0.001336	-0.105672	0.030704
38	U	188	14871	13955	0.013472	0	2	14871	462	20380	18982	0.024339	0	12	20380	0	0	0	nan	0	0	0	-0.010867	0.001499	-0.010867	0.001499	-0.249746	0.034450
39	C	98	14876	13798	0.007102	0	2	14876	188	20386	18835	0.009981	0	12	20386	0	0	0	nan	0	0	0	-0.002879	0.001022	-0.002879	0.001022	-0.066165	0.023488
40	C	71	15055	13912	0.005104	0	2	15055	132	20475	18939	0.006970	0	12	20475	0	0	0	nan	0	0	0	-0.001866	0.000857	-0.001866	0.000857	-0.042885	0.019696
41	G	185	15056	13876	0.013332	0	2	15056	150	20477	18913	0.007931	0	12	20477	0	0	0	nan	0	0	0	0.005401	0.001175	0.005401	0.001175	0.124126	0.027004
42	G	307	15058	14070	0.021819	0	2	15058	316	20471	19140	0.016510	0	12	20471	0	0	0	nan	0	0	0	0.005310	0.001554	0.005310	0.001554	0.122035	0.035714
43	C	121	15059	14259	0.008486	0	2	15059	58	20472	19402	0.002989	0	12	20472	0	0	0	nan	0	0	0	0.005496	0.000866	0.005496	0.000866	0.126310	0.019902
44	A	91	15064	14524	0.006265	0	2	15064	111	20488	19788	0.005609	0	12	20488	0	0	0	nan	0	0	0	0.000656	0.000845	0.000656	0.000845	0.015076	0.019420
45	U	136	15076	14410	0.009438	0	2	15076	212	20505	19587	0.010824	0	12	20505	0	0	0	nan	0	0	0	-0.001386	0.001099	-0.001386	0.001099	-0.031853	0.025257
46	U	193	15111	14468	0.013340	0	2	15111	320	20541	19653	0.016283	0	12	20541	0	0	0	nan	0	0	0	-0.002943	0.001323	-0.002943	0.001323	-0.067636	0.030405
47	C	187	15124	14291	0.013085	0	2	15124	189	20548	19445	0.009720	0	12	20548	0	0	0	nan	0	0	0	0.003365	0.001190	0.003365	0.001190	0.077335	0.027349
48	C	163	15133	14085	0.011573	0	2	15133	151	20559	19207	0.007862	0	12	20559	0	0	0	nan	0	0	0	0.003711	0.001109	0.003711	0.001109	0.085287	0.025487
49	G	128	15137	13870	0.009229	0	2	15137	102	20553	18446	0.005530	0	12	20553	0	0	0	nan	0	0	0	0.003699	0.000982	0.003699	0.000982	0.085011	0.022568
50	A	169	15139	13888	0.012169	0	2	15139	98	20557	18455	0.005310	0	12	20557	0	0	0	nan	0	0	0	0.006859	0.001079	0.006859	0.001079	0.157634	0.024798
51	G	450	15136	14014	0.032111	0	2	15136	223	20558	18687	0.011933	0	13	20558	0	0	0	nan	0	0	0	0.020177	0.001712	0.020177	0.001712	0.463710	0.039345
52	G	401	15129	14167	0.028305	0	2	15129	200	20555	19363	0.010329	0	13	20555	0	0	0	nan	0	0	0	0.017976	0.001591	0.017976	0.001591	0.413126	0.036565
53	U	261	15126	14267	0.018294	0	2	15126	473	20554	19431	0.024343	0	13	20554	0	0	0	nan	0	0	0	-0.006049	0.001592	-0.006049	0.001592	-0.139019	0.036587
54	U	247	15127	14458	0.017084	0	2	15127	393	20557	19668	0.019982	0	13	20557	0	0	0	nan	0	0	0	-0.002898	0.001482	-0.002898	0.001482	-0.066602	0.034059
55	C	227	15117	14331	0.015840	0	2	15117	182	20553	19456	0.009354	0	13	20553	0	0	0	nan	0	0	0	0.006485	0.001259	0.006485	0.001259	0.149039	0.028934
56	G	20	15113	14123	0.001416	0	2	15113	78	20545	19491	0.004002	0	13	20545	0	0	0	nan	0	0	0	-0.002586	0.000553	-0.002586	0.000553	-0.059432	0.012709
57	A	9456	15107	13838	0.683336	0	2	15107	63	20544	18689	0.003371	0	12	20544	0	0	0	nan	0	0	0	0.679965	0.007040	0.679965	0.007040	15.627017	0.161794
58	A	148	15104	13974	0.010591	0	2	15104	173	20532	18876	0.009165	0	12	20532	0	0	0	nan	0	0	0	0.001426	0.001115	0.001426	0.001115	0.032772	0.025625
59	U	103	15104	14033	0.007340	0	2	15104	199	20528	18702	0.010641	0	12	20528	0	0	0	nan	0	0	0	-0.003301	0.001045	-0.003301	0.001045	-0.075864	0.024016
60	C	52	15099	13899	0.003741	0	2	15099	80	20521	18940	0.004224	0	12	20521	0	0	0	nan	0	0	0	-0.000483	0.000702	-0.000483	0.000702	-0.011100	0.016133
61	C	57	15092	13904	0.004100	0	2	15092	88	20506	18902	0.004656	0	12	20506	0	0	0	nan	0	0	0	-0.000556	0.000736	-0.000556	0.000736	-0.012778	0.016915
62	U	110	15086	13957	0.007881	0	2	15086	204	20497	18833	0.010832	0	12	20497	0	0	0	nan	0	0	0	-0.002951	0.001068	-0.002951	0.001068	-0.067820	0.024545
63	C	105	15082	14138	0.007427	0	2	15082	188	20472	19139	0.009823	0	12	20472	0	0	0	nan	0	0	0	-0.002396	0.001019	-0.002396	0.001019	-0.055065	0.023419
64	G	681	15066	14023	0.048563	0	1	15066	159	20432	18957	0.008387	0	9	20432	0	0	0	nan	0	0	0	0.040176	0.001976	0.040176	0.001976	0.923328	0.045413
65	U	67	15059	12994	0.005156	0	1	15059	111	20428	17549	0.006325	0	9	20428	0	0	0	nan	0	0	0	-0.001169	0.000870	-0.001169	0.000870	-0.026866	0.019994
66	A	66	15048	13135	0.005025	0	1	15048	94	20414	17760	0.005293	0	9	20414	0	0	0	nan	0	0	0	-0.000268	0.000825	-0.000268	0.000825	-0.006159	0.018960
67	C	111	15043	12393	0.008957	0	1	15043	167	20411	16862	0.009904	0	9	20411	0	0	0	nan	0	0	0	-0.000947	0.001145	-0.000947	0.001145	-0.021764	0.026314
68	C	112	15036	13050	0.008582	0	1	15036	128	20395	17798	0.007192	0	9	20395	0	0	0	nan	0	0	0	0.001391	0.001030	0.001391	0.001030	0.031968	0.023672
69	C	115	15030	12773	0.009003	0	1	15030	147	20389	17412	0.008442	0	9	20389	0	0	0	nan	0	0	0	0.000561	0.001091	0.000561	0.001091	0.012893	0.025073
70	C	93	15018	13237	0.007026	0	1	15018	144	20371	18027	0.007988	0	9	20371	0	0	0	nan	0	0	0	-0.000962	0.000987	-0.000962	0.000987	-0.022109	0.022683
71	A	166	15016	13372	0.012414	0	1	15016	98	20370	18214	0.005380	0	9	20370	0	0	0	nan	0	0	0	0.007034	0.001106	0.007034	0.001106	0.161656	0.025418
72	G	430	15007	13556	0.031720	0	1	15007	235	20366	18486	0.012712	0	9	20366	0	0	0	nan	0	0	0	0.019008	0.001740	0.019008	0.001740	0.436844	0.039989
73	C	568	15005	13762	0.041273	0	1	15005	151	20362	18721	0.008066	0	9	20362	0	0	0	nan	0	0	0	0.033207	0.001852	0.033207	0.001852	0.763166	0.042563
74	C	184	14983	13396	0.013735	0	1	14983	34	20340	18658	0.001822	0	8	20340	0	0	0	nan	0	0	0	0.011913	0.001060	0.011913	0.001060	0.273786	0.024361
75	A	0	14475	0	nan	0	1	14475	0	20090	0	nan	0	7	20090	0	0	0	nan	0	0	0	nan	nan	nan	nan	nan	nan