Nucleotide	Sequence	Modified_mutations	Modified_read_depth	Modified_effective_depth	Modified_rate	Modified_off_target_mapped_depth	Modified_low_mapq_mapped_depth	Modified_mapped_depth	Untreated_mutations	Untreated_read_depth	Untreated_effective_depth	Untreated_rate	Untreated_off_target_mapped_depth	Untreated_low_mapq_mapped_depth	Untreated_mapped_depth	Denatured_mutations	Denatured_read_depth	Denatured_effective_depth	Denatured_rate	Denatured_off_target_mapped_depth	Denatured_low_mapq_mapped_depth	Denatured_mapped_depth	Reactivity_profile	Std_err	HQ_profile	HQ_stderr	Norm_profile	Norm_stderr
1	C	0	2117	2063	0.000000	0	0	2117	0	2183	2128	0.000000	0	0	2183	0	0	0	nan	0	0	0	0.000000	0.000000	0.000000	0.000000	0.000000	0.000000
2	G	0	2162	2060	0.000000	0	0	2162	0	2222	2122	0.000000	0	0	2222	0	0	0	nan	0	0	0	0.000000	0.000000	0.000000	0.000000	0.000000	0.000000
3	G	96	2253	2153	0.044589	0	0	2253	22	2248	2147	0.010247	0	0	2248	0	0	0	nan	0	0	0	0.034342	0.005048	0.034342	0.005048	0.929943	0.136694
4	C	9	2261	2161	0.004165	0	0	2261	13	2252	2137	0.006083	0	0	2252	0	0	0	nan	0	0	0	-0.001919	0.002185	-0.001919	0.002185	-0.051964	0.059167
5	A	17	2288	2210	0.007692	0	0	2288	6	2258	2176	0.002757	0	0	2258	0	0	0	nan	0	0	0	0.004935	0.002179	0.004935	0.002179	0.133634	0.059005
6	C	28	2294	2189	0.012791	0	0	2294	23	2260	2162	0.010638	0	0	2260	0	0	0	nan	0	0	0	0.002153	0.003281	0.002153	0.003281	0.058301	0.088846
7	G	89	2301	2211	0.040253	0	0	2301	16	2266	2190	0.007306	0	0	2266	0	0	0	nan	0	0	0	0.032947	0.004641	0.032947	0.004641	0.892168	0.125673
8	U	161	2322	2181	0.073819	0	0	2322	146	2288	2156	0.067718	0	0	2288	0	0	0	nan	0	0	0	0.006101	0.008078	nan	nan	nan	nan
9	A	25	2335	2215	0.011287	0	0	2335	7	2297	2165	0.003233	0	0	2297	0	0	0	nan	0	0	0	0.008053	0.002567	0.008053	0.002567	0.218066	0.069511
10	G	47	2344	2223	0.021143	0	0	2344	21	2302	2176	0.009651	0	0	2302	0	0	0	nan	0	0	0	0.011492	0.003734	0.011492	0.003734	0.311191	0.101113
11	C	10	2350	2258	0.004429	0	0	2350	13	2306	2218	0.005861	0	0	2306	0	0	0	nan	0	0	0	-0.001432	0.002146	-0.001432	0.002146	-0.038777	0.058111
12	G	47	2353	2285	0.020569	0	0	2353	25	2310	2235	0.011186	0	0	2310	0	0	0	nan	0	0	0	0.009383	0.003743	0.009383	0.003743	0.254081	0.101356
13	C	17	2362	2150	0.007907	0	0	2362	13	2316	2068	0.006286	0	0	2316	0	0	0	nan	0	0	0	0.001621	0.002592	0.001621	0.002592	0.043895	0.070188
14	A	66	2365	2143	0.030798	0	0	2365	12	2317	2066	0.005808	0	0	2317	0	0	0	nan	0	0	0	0.024990	0.004145	0.024990	0.004145	0.676701	0.112242
15	G	30	2370	2135	0.014052	0	0	2370	18	2317	2054	0.008763	0	0	2317	0	0	0	nan	0	0	0	0.005288	0.003294	0.005288	0.003294	0.143193	0.089198
16	C	43	2373	2267	0.018968	0	0	2373	32	2320	2223	0.014395	0	0	2320	0	0	0	nan	0	0	0	0.004573	0.003853	0.004573	0.003853	0.123832	0.104335
17	C	278	2377	2301	0.120817	0	0	2377	32	2324	2242	0.014273	0	0	2324	0	0	0	nan	0	0	0	0.106544	0.007673	0.106544	0.007673	2.885093	0.207776
18	U	23	2383	2289	0.010048	0	0	2383	15	2342	2260	0.006637	0	0	2342	0	0	0	nan	0	0	0	0.003411	0.002707	0.003411	0.002707	0.092366	0.073303
19	G	60	2385	2279	0.026327	0	0	2385	27	2346	2253	0.011984	0	0	2346	0	0	0	nan	0	0	0	0.014343	0.004107	0.014343	0.004107	0.388392	0.111213
20	G	112	2389	2291	0.048887	0	0	2389	17	2347	2252	0.007549	0	0	2347	0	0	0	nan	0	0	0	0.041338	0.004969	0.041338	0.004969	1.119387	0.134555
21	U	23	2393	2279	0.010092	0	0	2393	33	2353	2234	0.014772	0	0	2353	0	0	0	nan	0	0	0	-0.004680	0.003323	-0.004680	0.003323	-0.126729	0.089983
22	A	5	2395	2291	0.002182	0	0	2395	2	2357	2239	0.000893	0	0	2357	0	0	0	nan	0	0	0	0.001289	0.001163	0.001289	0.001163	0.034905	0.031493
23	G	34	2397	2288	0.014860	0	0	2397	20	2361	2232	0.008961	0	0	2361	0	0	0	nan	0	0	0	0.005900	0.003242	0.005900	0.003242	0.159765	0.087790
24	C	14	2397	2293	0.006106	0	0	2397	17	2361	2253	0.007545	0	0	2361	0	0	0	nan	0	0	0	-0.001440	0.002452	-0.001440	0.002452	-0.038994	0.066397
25	G	114	2397	2293	0.049717	0	0	2397	29	2360	2246	0.012912	0	0	2360	0	0	0	nan	0	0	0	0.036805	0.005237	0.036805	0.005237	0.996638	0.141812
26	C	8	2396	1996	0.004008	0	0	2396	4	2360	1981	0.002019	0	0	2360	0	0	0	nan	0	0	0	0.001989	0.001740	0.001989	0.001740	0.053860	0.047117
27	A	54	2395	2009	0.026879	0	0	2395	19	2362	1968	0.009654	0	0	2362	0	0	0	nan	0	0	0	0.017225	0.004276	0.017225	0.004276	0.466434	0.115789
28	C	37	2395	1957	0.018906	0	0	2395	29	2362	1932	0.015010	0	0	2362	0	0	0	nan	0	0	0	0.003896	0.004175	0.003896	0.004175	0.105499	0.113054
29	C	20	2396	2198	0.009099	0	0	2396	25	2365	2178	0.011478	0	0	2365	0	0	0	nan	0	0	0	-0.002379	0.003068	-0.002379	0.003068	-0.064421	0.083078
30	G	87	2396	2179	0.039927	0	0	2396	25	2365	2162	0.011563	0	0	2365	0	0	0	nan	0	0	0	0.028363	0.004865	0.028363	0.004865	0.768038	0.131739
31	U	39	2413	2239	0.017418	0	0	2413	52	2376	2208	0.023551	0	0	2376	0	0	0	nan	0	0	0	-0.006132	0.004295	-0.006132	0.004295	-0.166048	0.116304
32	C	9	2412	2251	0.003998	0	0	2412	6	2375	2226	0.002695	0	0	2375	0	0	0	nan	0	0	0	0.001303	0.001728	0.001303	0.001728	0.035284	0.046792
33	A	310	2415	2272	0.136444	0	0	2415	273	2377	2229	0.122476	0	0	2377	0	0	0	nan	0	0	0	0.013967	0.010724	nan	nan	nan	nan
34	U	32	2414	2256	0.014184	0	0	2414	24	2380	2221	0.010806	0	0	2380	0	0	0	nan	0	0	0	0.003378	0.003340	0.003378	0.003340	0.091472	0.090443
35	G	421	2413	2236	0.188283	0	0	2413	337	2377	2202	0.153043	0	0	2377	0	0	0	nan	0	0	0	0.035240	0.012398	nan	nan	nan	nan
36	G	83	2418	2265	0.036645	0	0	2418	40	2375	2210	0.018100	0	0	2375	0	0	0	nan	0	0	0	0.018545	0.004936	0.018545	0.004936	0.502178	0.133661
37	G	44	2419	2238	0.019660	0	0	2419	7	2374	2193	0.003192	0	0	2374	0	0	0	nan	0	0	0	0.016468	0.003200	0.016468	0.003200	0.445935	0.086652
38	G	1094	2418	2230	0.490583	0	0	2418	1013	2373	2173	0.466176	0	0	2373	0	0	0	nan	0	0	0	0.024407	0.020845	nan	nan	nan	nan
39	U	19	2424	2252	0.008437	0	0	2424	26	2372	2199	0.011824	0	0	2372	0	0	0	nan	0	0	0	-0.003387	0.003020	-0.003387	0.003020	-0.091716	0.081778
40	G	48	2425	2255	0.021286	0	0	2425	7	2371	2202	0.003179	0	0	2371	0	0	0	nan	0	0	0	0.018107	0.003299	0.018107	0.003299	0.490317	0.089333
41	U	58	2428	2271	0.025539	0	0	2428	74	2372	2215	0.033409	0	0	2372	0	0	0	nan	0	0	0	-0.007869	0.005131	-0.007869	0.005131	-0.213084	0.138942
42	C	49	2429	2289	0.021407	0	0	2429	35	2371	2238	0.015639	0	0	2371	0	0	0	nan	0	0	0	0.005768	0.004042	0.005768	0.004042	0.156191	0.109453
43	G	75	2436	2295	0.032680	0	0	2436	25	2370	2269	0.011018	0	0	2370	0	0	0	nan	0	0	0	0.021662	0.004370	0.021662	0.004370	0.586583	0.118335
44	G	107	2435	2291	0.046704	0	0	2435	51	2369	2249	0.022677	0	0	2369	0	0	0	nan	0	0	0	0.024028	0.005520	0.024028	0.005520	0.650651	0.149475
45	G	60	2435	2291	0.026189	0	0	2435	36	2369	2246	0.016028	0	0	2369	0	0	0	nan	0	0	0	0.010161	0.004309	0.010161	0.004309	0.275149	0.116683
46	G	71	2434	2247	0.031598	0	0	2434	22	2367	2220	0.009910	0	0	2367	0	0	0	nan	0	0	0	0.021688	0.004304	0.021688	0.004304	0.587287	0.116548
47	G	647	2432	2275	0.284396	0	0	2432	701	2367	2213	0.316765	0	0	2367	0	0	0	nan	0	0	0	-0.032369	0.016375	nan	nan	nan	nan
48	U	47	2434	2283	0.020587	0	0	2434	49	2371	2235	0.021924	0	0	2371	0	0	0	nan	0	0	0	-0.001337	0.004339	-0.001337	0.004339	-0.036204	0.117495
49	C	17	2435	2272	0.007482	0	0	2435	16	2372	2229	0.007178	0	0	2372	0	0	0	nan	0	0	0	0.000304	0.002552	0.000304	0.002552	0.008232	0.069105
50	G	39	2435	2282	0.017090	0	0	2435	24	2373	2238	0.010724	0	0	2373	0	0	0	nan	0	0	0	0.006366	0.003504	0.006366	0.003504	0.172384	0.094884
51	G	15	2435	2284	0.006567	0	0	2435	14	2374	2233	0.006270	0	0	2374	0	0	0	nan	0	0	0	0.000298	0.002384	0.000298	0.002384	0.008070	0.064556
52	A	25	2435	2300	0.010870	0	0	2435	10	2374	2246	0.004452	0	0	2374	0	0	0	nan	0	0	0	0.006417	0.002590	0.006417	0.002590	0.173765	0.070134
53	G	48	2434	2306	0.020815	0	0	2434	27	2374	2260	0.011947	0	0	2374	0	0	0	nan	0	0	0	0.008868	0.003783	0.008868	0.003783	0.240136	0.102439
54	G	90	2434	2281	0.039456	0	0	2434	20	2373	2241	0.008925	0	0	2373	0	0	0	nan	0	0	0	0.030532	0.004613	0.030532	0.004613	0.826773	0.124915
55	U	31	2434	2288	0.013549	0	0	2434	37	2373	2243	0.016496	0	0	2373	0	0	0	nan	0	0	0	-0.002947	0.003644	-0.002947	0.003644	-0.079801	0.098675
56	U	34	2434	2293	0.014828	0	0	2434	40	2373	2241	0.017849	0	0	2373	0	0	0	nan	0	0	0	-0.003021	0.003799	-0.003021	0.003799	-0.081805	0.102873
57	C	33	2434	2275	0.014505	0	0	2434	12	2373	2215	0.005418	0	0	2373	0	0	0	nan	0	0	0	0.009088	0.002970	0.009088	0.002970	0.246093	0.080424
58	A	48	2433	2267	0.021173	0	0	2433	25	2373	2206	0.011333	0	0	2373	0	0	0	nan	0	0	0	0.009841	0.003805	0.009841	0.003805	0.266483	0.103035
59	A	175	2433	2205	0.079365	0	0	2433	5	2372	2135	0.002342	0	0	2372	0	0	0	nan	0	0	0	0.077023	0.006090	0.077023	0.006090	2.085697	0.164910
60	A	40	2430	2199	0.018190	0	0	2430	21	2369	2145	0.009790	0	0	2369	0	0	0	nan	0	0	0	0.008400	0.003583	0.008400	0.003583	0.227463	0.097024
61	U	19	2429	2159	0.008800	0	0	2429	20	2368	2103	0.009510	0	0	2368	0	0	0	nan	0	0	0	-0.000710	0.002932	-0.000710	0.002932	-0.019226	0.079395
62	C	11	2429	2181	0.005044	0	0	2429	10	2368	2139	0.004675	0	0	2368	0	0	0	nan	0	0	0	0.000368	0.002121	0.000368	0.002121	0.009965	0.057434
63	C	12	2428	2182	0.005500	0	0	2428	7	2368	2135	0.003279	0	0	2368	0	0	0	nan	0	0	0	0.002221	0.002014	0.002221	0.002014	0.060142	0.054537
64	U	22	2427	2238	0.009830	0	0	2427	25	2367	2181	0.011463	0	0	2367	0	0	0	nan	0	0	0	-0.001632	0.003106	-0.001632	0.003106	-0.044193	0.084107
65	C	8	2425	2220	0.003604	0	0	2425	12	2366	2172	0.005525	0	0	2366	0	0	0	nan	0	0	0	-0.001921	0.002041	-0.001921	0.002041	-0.052019	0.055268
66	U	24	2421	2168	0.011070	0	0	2421	28	2363	2112	0.013258	0	0	2363	0	0	0	nan	0	0	0	-0.002187	0.003374	-0.002187	0.003374	-0.059222	0.091364
67	C	8	2417	2119	0.003775	0	0	2417	5	2361	2036	0.002456	0	0	2361	0	0	0	nan	0	0	0	0.001320	0.001729	0.001320	0.001729	0.035744	0.046819
68	G	106	2415	2079	0.050986	0	0	2415	20	2359	1940	0.010309	0	0	2359	0	0	0	nan	0	0	0	0.040677	0.005462	0.040677	0.005462	1.101488	0.147905
69	U	45	2412	2099	0.021439	0	0	2412	33	2358	1982	0.016650	0	0	2358	0	0	0	nan	0	0	0	0.004789	0.004314	0.004789	0.004314	0.129681	0.116818
70	G	90	2412	2056	0.043774	0	0	2412	52	2355	1988	0.026157	0	0	2355	0	0	0	nan	0	0	0	0.017617	0.005869	0.017617	0.005869	0.477049	0.158926
71	C	24	2408	2026	0.011846	0	0	2408	29	2352	1973	0.014698	0	0	2352	0	0	0	nan	0	0	0	-0.002852	0.003646	-0.002852	0.003646	-0.077229	0.098730
72	C	20	2408	2047	0.009770	0	0	2408	17	2350	1967	0.008643	0	0	2350	0	0	0	nan	0	0	0	0.001128	0.003028	0.001128	0.003028	0.030545	0.081995
73	G	93	2407	1799	0.051695	0	0	2407	17	2350	1729	0.009832	0	0	2350	0	0	0	nan	0	0	0	0.041863	0.005867	0.041863	0.005867	1.133603	0.158872
74	A	96	2404	1848	0.051948	0	0	2404	15	2350	1795	0.008357	0	0	2350	0	0	0	nan	0	0	0	0.043592	0.005724	0.043592	0.005724	1.180423	0.155000
75	C	104	2401	1844	0.056399	0	0	2401	14	2350	1806	0.007752	0	0	2350	0	0	0	nan	0	0	0	0.048647	0.005906	0.048647	0.005906	1.317307	0.159928
76	C	42	2391	2051	0.020478	0	0	2391	1	2344	2044	0.000489	0	0	2344	0	0	0	nan	0	0	0	0.019989	0.003197	0.019989	0.003197	0.541280	0.086571
77	A	0	2277	0	nan	0	0	2277	0	2288	0	nan	0	0	2288	0	0	0	nan	0	0	0	nan	nan	nan	nan	nan	nan