Nucleotide	Sequence	Modified_mutations	Modified_read_depth	Modified_effective_depth	Modified_rate	Modified_off_target_mapped_depth	Modified_low_mapq_mapped_depth	Modified_mapped_depth	Untreated_mutations	Untreated_read_depth	Untreated_effective_depth	Untreated_rate	Untreated_off_target_mapped_depth	Untreated_low_mapq_mapped_depth	Untreated_mapped_depth	Denatured_mutations	Denatured_read_depth	Denatured_effective_depth	Denatured_rate	Denatured_off_target_mapped_depth	Denatured_low_mapq_mapped_depth	Denatured_mapped_depth	Reactivity_profile	Std_err	HQ_profile	HQ_stderr	Norm_profile	Norm_stderr
1	U	0	10311	10130	0.000000	0	0	10311	0	17715	17423	0.000000	0	0	17715	0	0	0	nan	0	0	0	0.000000	0.000000	0.000000	0.000000	0.000000	0.000000
2	C	0	10666	10411	0.000000	0	0	10666	0	18230	17788	0.000000	0	0	18230	0	0	0	nan	0	0	0	0.000000	0.000000	0.000000	0.000000	0.000000	0.000000
3	C	107	11083	10836	0.009874	0	0	11083	139	18848	18418	0.007547	0	0	18848	0	0	0	nan	0	0	0	0.002328	0.001149	0.002328	0.001149	0.071329	0.035205
4	U	144	11578	11277	0.012769	0	0	11578	176	19495	18949	0.009288	0	0	19495	0	0	0	nan	0	0	0	0.003481	0.001274	0.003481	0.001274	0.106657	0.039035
5	C	137	11719	11286	0.012139	0	0	11719	181	19697	18921	0.009566	0	0	19697	0	0	0	nan	0	0	0	0.002573	0.001257	0.002573	0.001257	0.078836	0.038514
6	U	109	12066	11347	0.009606	0	0	12066	134	20217	19000	0.007053	0	0	20217	0	0	0	nan	0	0	0	0.002553	0.001104	0.002553	0.001104	0.078223	0.033826
7	G	407	12198	11352	0.035853	0	0	12198	125	20368	18969	0.006590	0	0	20368	0	0	0	nan	0	0	0	0.029263	0.001872	0.029263	0.001872	0.896609	0.057357
8	U	1342	13251	12360	0.108576	0	0	13251	1824	20985	19778	0.092224	0	0	20985	0	0	0	nan	0	0	0	0.016352	0.003667	nan	nan	nan	nan
9	A	927	13737	13057	0.070996	0	0	13737	26	21560	20537	0.001266	0	0	21560	0	0	0	nan	0	0	0	0.069730	0.002345	0.069730	0.002345	2.136504	0.071850
10	G	220	15624	14849	0.014816	0	0	15624	184	21636	20479	0.008985	0	0	21636	0	0	0	nan	0	0	0	0.005831	0.001199	0.005831	0.001199	0.178660	0.036737
11	U	175	16297	15437	0.011336	0	0	16297	236	22293	21019	0.011228	0	0	22293	0	0	0	nan	0	0	0	0.000108	0.001126	0.000108	0.001126	0.003309	0.034500
12	U	194	18691	17714	0.010952	0	0	18691	286	23986	22599	0.012655	0	0	23986	0	0	0	nan	0	0	0	-0.001704	0.001085	-0.001704	0.001085	-0.052210	0.033244
13	C	108	19157	18428	0.005861	0	0	19157	127	24570	23591	0.005383	0	0	24570	0	0	0	nan	0	0	0	0.000477	0.000739	0.000477	0.000739	0.014615	0.022643
14	A	422	19520	18644	0.022635	0	0	19520	29	25082	23972	0.001210	0	0	25082	0	0	0	nan	0	0	0	0.021425	0.001125	0.021425	0.001125	0.656455	0.034470
15	G	196	19601	18776	0.010439	0	0	19601	161	25103	24043	0.006696	0	0	25103	0	0	0	nan	0	0	0	0.003743	0.000914	0.003743	0.000914	0.114684	0.028005
16	U	491	20082	19111	0.025692	0	0	20082	806	25640	24470	0.032938	0	0	25640	0	0	0	nan	0	0	0	-0.007246	0.001640	-0.007246	0.001640	-0.222015	0.050249
17	C	595	20181	19241	0.030924	0	0	20181	76	25786	24600	0.003089	0	0	25786	0	0	0	nan	0	0	0	0.027834	0.001316	0.027834	0.001316	0.852825	0.040322
18	G	452	20402	19270	0.023456	0	0	20402	176	25946	24650	0.007140	0	0	25946	0	0	0	nan	0	0	0	0.016316	0.001228	0.016316	0.001228	0.499917	0.037626
19	G	510	20454	19281	0.026451	0	0	20454	274	25993	24619	0.011130	0	0	25993	0	0	0	nan	0	0	0	0.015321	0.001351	0.015321	0.001351	0.469430	0.041394
20	U	250	20550	19687	0.012699	0	0	20550	373	26048	25006	0.014916	0	0	26048	0	0	0	nan	0	0	0	-0.002218	0.001114	-0.002218	0.001114	-0.067959	0.034133
21	A	69	20578	19872	0.003472	0	0	20578	46	26085	25233	0.001823	0	0	26085	0	0	0	nan	0	0	0	0.001649	0.000497	0.001649	0.000497	0.050525	0.015228
22	G	127	20605	19450	0.006530	0	0	20605	80	26112	24605	0.003251	0	0	26112	0	0	0	nan	0	0	0	0.003278	0.000684	0.003278	0.000684	0.100437	0.020958
23	A	158	20617	18653	0.008470	0	0	20617	36	26143	23490	0.001533	0	1	26143	0	0	0	nan	0	0	0	0.006938	0.000721	0.006938	0.000721	0.212578	0.022091
24	A	207	20656	18770	0.011028	0	0	20656	120	26189	23595	0.005086	0	1	26189	0	0	0	nan	0	0	0	0.005942	0.000896	0.005942	0.000896	0.182061	0.027453
25	C	212	20665	18905	0.011214	0	0	20665	242	26191	23706	0.010208	0	1	26191	0	0	0	nan	0	0	0	0.001006	0.001012	0.001006	0.001012	0.030824	0.031007
26	G	853	20663	19217	0.044388	0	0	20663	254	26178	24294	0.010455	0	1	26178	0	0	0	nan	0	0	0	0.033933	0.001655	0.033933	0.001655	1.039696	0.050709
27	G	310	20672	19173	0.016169	0	0	20672	307	26184	24221	0.012675	0	1	26184	0	0	0	nan	0	0	0	0.003494	0.001169	0.003494	0.001169	0.107055	0.035818
28	C	183	20676	19229	0.009517	0	0	20676	198	26189	24266	0.008160	0	1	26189	0	0	0	nan	0	0	0	0.001357	0.000912	0.001357	0.000912	0.041578	0.027943
29	G	362	20673	19329	0.018728	0	0	20673	284	26186	24351	0.011663	0	1	26186	0	0	0	nan	0	0	0	0.007066	0.001203	0.007066	0.001203	0.216500	0.036860
30	G	418	20674	19196	0.021775	0	0	20674	112	26185	24226	0.004623	0	1	26185	0	0	0	nan	0	0	0	0.017152	0.001151	0.017152	0.001151	0.525532	0.035266
31	A	292	20681	19464	0.015002	0	0	20681	228	26201	24624	0.009259	0	3	26201	0	0	0	nan	0	0	0	0.005743	0.001071	0.005743	0.001071	0.175964	0.032815
32	C	700	20680	19624	0.035671	0	0	20680	165	26195	24845	0.006641	0	3	26195	0	0	0	nan	0	0	0	0.029029	0.001444	0.029029	0.001444	0.889439	0.044244
33	U	119	20714	19565	0.006082	0	0	20714	127	26217	24752	0.005131	0	3	26217	0	0	0	nan	0	0	0	0.000951	0.000720	0.000951	0.000720	0.029138	0.022061
34	G	213	20730	19381	0.010990	0	0	20730	287	26230	24570	0.011681	0	3	26230	0	0	0	nan	0	0	0	-0.000691	0.001021	-0.000691	0.001021	-0.021172	0.031283
35	U	303	20950	19595	0.015463	0	0	20950	396	26344	24728	0.016014	0	5	26344	0	0	0	nan	0	0	0	-0.000551	0.001199	-0.000551	0.001199	-0.016882	0.036737
36	U	162	21090	19956	0.008118	0	0	21090	205	26408	25113	0.008163	0	6	26408	0	0	0	nan	0	0	0	-0.000045	0.000855	-0.000045	0.000855	-0.001379	0.026197
37	A	674	21154	20205	0.033358	0	0	21154	902	26469	25395	0.035519	0	6	26469	0	0	0	nan	0	0	0	-0.002161	0.001746	-0.002161	0.001746	-0.066212	0.053497
38	A	1011	21247	20326	0.049739	0	0	21247	89	26519	25433	0.003499	0	6	26519	0	0	0	nan	0	0	0	0.046240	0.001608	0.046240	0.001608	1.416778	0.049269
39	U	255	21312	20161	0.012648	0	0	21312	418	26557	25192	0.016593	0	6	26557	0	0	0	nan	0	0	0	-0.003944	0.001134	-0.003944	0.001134	-0.120843	0.034745
40	C	126	21351	19606	0.006427	0	0	21351	155	26578	24376	0.006359	0	6	26578	0	0	0	nan	0	0	0	0.000068	0.000767	0.000068	0.000767	0.002083	0.023501
41	C	116	21587	19680	0.005894	0	0	21587	113	26714	24305	0.004649	0	6	26714	0	0	0	nan	0	0	0	0.001245	0.000701	0.001245	0.000701	0.038146	0.021478
42	G	976	21602	19702	0.049538	0	0	21602	207	26728	24261	0.008532	0	6	26728	0	0	0	nan	0	0	0	0.041006	0.001693	0.041006	0.001693	1.256410	0.051873
43	U	167	21624	20413	0.008181	0	0	21624	215	26739	25245	0.008517	0	6	26739	0	0	0	nan	0	0	0	-0.000335	0.000859	-0.000335	0.000859	-0.010264	0.026319
44	A	236	21638	20752	0.011372	0	0	21638	91	26768	25666	0.003546	0	6	26768	0	0	0	nan	0	0	0	0.007827	0.000828	0.007827	0.000828	0.239817	0.025370
45	U	317	21661	20534	0.015438	0	0	21661	359	26775	25409	0.014129	0	6	26775	0	0	0	nan	0	0	0	0.001309	0.001144	0.001309	0.001144	0.040107	0.035052
46	G	2611	21678	20485	0.127459	0	0	21678	3900	26782	25364	0.153761	0	6	26782	0	0	0	nan	0	0	0	-0.026302	0.003505	nan	nan	nan	nan
47	U	230	21790	20605	0.011162	0	0	21790	298	26887	25454	0.011707	0	6	26887	0	0	0	nan	0	0	0	-0.000545	0.001001	-0.000545	0.001001	-0.016699	0.030670
48	C	77	21798	20808	0.003700	0	0	21798	59	26891	25648	0.002300	0	6	26891	0	0	0	nan	0	0	0	0.001400	0.000517	0.001400	0.000517	0.042896	0.015841
49	A	209	21800	20950	0.009976	0	0	21800	138	26912	25844	0.005340	0	6	26912	0	0	0	nan	0	0	0	0.004636	0.000826	0.004636	0.000826	0.142046	0.025308
50	C	197	21786	20733	0.009502	0	0	21786	228	26908	25560	0.008920	0	6	26908	0	0	0	nan	0	0	0	0.000582	0.000898	0.000582	0.000898	0.017832	0.027514
51	U	188	21779	20420	0.009207	0	0	21779	232	26900	25122	0.009235	0	6	26900	0	0	0	nan	0	0	0	-0.000028	0.000905	-0.000028	0.000905	-0.000858	0.027729
52	G	205	21775	20191	0.010153	0	0	21775	250	26893	24832	0.010068	0	6	26893	0	0	0	nan	0	0	0	0.000085	0.000953	0.000085	0.000953	0.002604	0.029200
53	G	483	21771	20174	0.023942	0	0	21771	266	26884	24961	0.010657	0	6	26884	0	0	0	nan	0	0	0	0.013285	0.001270	0.013285	0.001270	0.407048	0.038912
54	U	572	21763	20378	0.028069	0	0	21763	812	26885	25296	0.032100	0	6	26885	0	0	0	nan	0	0	0	-0.004030	0.001627	-0.004030	0.001627	-0.123478	0.049851
55	U	395	21753	20439	0.019326	0	0	21753	458	26888	25395	0.018035	0	6	26888	0	0	0	nan	0	0	0	0.001291	0.001287	0.001291	0.001287	0.039556	0.039433
56	C	404	21744	20425	0.019780	0	0	21744	437	26878	25245	0.017310	0	6	26878	0	0	0	nan	0	0	0	0.002469	0.001286	0.002469	0.001286	0.075649	0.039403
57	G	45	21738	20319	0.002215	0	0	21738	117	26867	25399	0.004606	0	6	26867	0	0	0	nan	0	0	0	-0.002392	0.000539	-0.002392	0.000539	-0.073290	0.016515
58	A	10424	21729	20111	0.518323	0	0	21729	82	26865	25338	0.003236	0	6	26865	0	0	0	nan	0	0	0	0.515087	0.005089	0.515087	0.005089	15.782095	0.155925
59	G	229	21729	20155	0.011362	0	0	21729	371	26860	25244	0.014697	0	6	26860	0	0	0	nan	0	0	0	-0.003335	0.001070	-0.003335	0.001070	-0.102183	0.032784
60	U	226	21724	20147	0.011218	0	0	21724	392	26856	25004	0.015677	0	6	26856	0	0	0	nan	0	0	0	-0.004460	0.001088	-0.004460	0.001088	-0.136653	0.033336
61	C	101	21720	19843	0.005090	0	0	21720	182	26846	24132	0.007542	0	6	26846	0	0	0	nan	0	0	0	-0.002452	0.000754	-0.002452	0.000754	-0.075128	0.023102
62	C	66	21715	20153	0.003275	0	0	21715	81	26840	24555	0.003299	0	6	26840	0	0	0	nan	0	0	0	-0.000024	0.000545	-0.000024	0.000545	-0.000735	0.016699
63	A	106	21710	20035	0.005291	0	0	21710	192	26820	24344	0.007887	0	5	26820	0	0	0	nan	0	0	0	-0.002596	0.000767	-0.002596	0.000767	-0.079541	0.023501
64	G	465	21702	20402	0.022792	0	0	21702	212	26810	25025	0.008472	0	5	26810	0	0	0	nan	0	0	0	0.014320	0.001207	0.014320	0.001207	0.438760	0.036982
65	U	440	21700	20263	0.021714	0	0	21700	455	26772	24793	0.018352	0	5	26772	0	0	0	nan	0	0	0	0.003363	0.001346	0.003363	0.001346	0.103041	0.041241
66	C	84	21697	20453	0.004107	0	0	21697	119	26758	25161	0.004730	0	4	26758	0	0	0	nan	0	0	0	-0.000623	0.000624	-0.000623	0.000624	-0.019089	0.019119
67	A	129	21692	20476	0.006300	0	0	21692	152	26733	25216	0.006028	0	4	26733	0	0	0	nan	0	0	0	0.000272	0.000739	0.000272	0.000739	0.008334	0.022643
68	G	740	21679	20395	0.036283	0	0	21679	142	26703	25091	0.005659	0	3	26703	0	0	0	nan	0	0	0	0.030624	0.001416	0.030624	0.001416	0.938309	0.043386
69	A	203	21669	20116	0.010091	0	0	21669	131	26661	24673	0.005309	0	3	26661	0	0	0	nan	0	0	0	0.004782	0.000847	0.004782	0.000847	0.146519	0.025952
70	G	848	21643	19598	0.043270	0	0	21643	294	26629	24052	0.012224	0	3	26629	0	0	0	nan	0	0	0	0.031046	0.001648	0.031046	0.001648	0.951239	0.050494
71	G	699	21637	19560	0.035736	0	0	21637	127	26606	23965	0.005299	0	3	26606	0	0	0	nan	0	0	0	0.030437	0.001431	0.030437	0.001431	0.932580	0.043845
72	A	251	21624	19523	0.012857	0	0	21624	162	26601	23999	0.006750	0	3	26601	0	0	0	nan	0	0	0	0.006106	0.000969	0.006106	0.000969	0.187086	0.029690
73	G	869	21608	19670	0.044179	0	0	21608	292	26590	24280	0.012026	0	3	26590	0	0	0	nan	0	0	0	0.032153	0.001656	0.032153	0.001656	0.985157	0.050739
74	C	1311	21580	19600	0.066888	0	0	21580	221	26581	24173	0.009142	0	3	26581	0	0	0	nan	0	0	0	0.057745	0.001947	0.057745	0.001947	1.769288	0.059655
75	C	419	21495	19011	0.022040	0	0	21495	45	26555	24055	0.001871	0	3	26555	0	0	0	nan	0	0	0	0.020169	0.001112	0.020169	0.001112	0.617971	0.034071
76	A	0	20662	0	nan	0	0	20662	0	26206	0	nan	0	3	26206	0	0	0	nan	0	0	0	nan	nan	nan	nan	nan	nan