0.000000
0.000000
0.256804
0.260581
0.850000
0.178438
0.125035
0.000000
0.850000
0.144743
0.006022
0.000000
0.012153
0.233155
0.003996
0.000000
0.011578
0.000000
0.152927
0.000000
0.040100
0.082663
0.199925
0.551901
0.023896
0.758176
0.073877
0.214761
0.068485
0.007856
0.029890
0.013111
0.061806
0.850000
0.850000
0.850000
0.850000
0.595943
0.422103
0.478626
0.000000
0.085702
0.413426
0.169761
0.240189
0.000000
0.029918
0.027564
0.450981
0.087755
0.175099
0.294331
0.668533
0.000000
0.119451
0.133575
0.000000
0.850000
0.023239
0.000000
0.000000
0.022171
0.055866
0.786123
0.000000
0.000000
0.000000
0.000000
0.087672
0.077983
0.850000
0.110829
0.031314
0.754673
0.333528
0.000000
