0.000000
0.000000
0.000000
0.045743
0.027725
0.043511
0.078148
0.063438
0.034099
0.143280
0.023127
0.073146
0.000000
0.108105
0.139111
0.850000
0.562389
0.257597
0.850000
0.031410
0.850000
0.030791
0.000000
0.025843
0.225569
0.029016
0.850000
0.048217
0.077906
0.742484
0.050906
0.012935
0.628893
0.000000
0.000000
0.000000
0.850000
0.000000
0.850000
0.291561
0.689130
0.025117
0.189130
0.312080
0.005997
0.012316
0.000000
0.036654
0.082074
0.035551
0.087990
0.206960
0.517668
0.000000
0.000000
0.084198
0.000000
0.850000
0.000000
0.000000
0.000000
0.000000
0.000000
0.000000
0.002313
0.021245
0.159280
0.252272
0.563034
0.850000
0.130748
0.139138
0.850000
0.786721
0.526058
0.000000
