Nucleotide	Sequence	Modified_mutations	Modified_read_depth	Modified_effective_depth	Modified_rate	Modified_off_target_mapped_depth	Modified_low_mapq_mapped_depth	Modified_mapped_depth	Untreated_mutations	Untreated_read_depth	Untreated_effective_depth	Untreated_rate	Untreated_off_target_mapped_depth	Untreated_low_mapq_mapped_depth	Untreated_mapped_depth	Denatured_mutations	Denatured_read_depth	Denatured_effective_depth	Denatured_rate	Denatured_off_target_mapped_depth	Denatured_low_mapq_mapped_depth	Denatured_mapped_depth	Reactivity_profile	Std_err	HQ_profile	HQ_stderr	Norm_profile	Norm_stderr
1	G	0	468	457	0.000000	0	0	468	0	618	605	0.000000	0	0	618	0	0	0	nan	0	0	0	0.000000	0.000000	nan	nan	nan	nan
2	C	0	507	491	0.000000	0	0	507	0	639	622	0.000000	0	0	639	0	0	0	nan	0	0	0	0.000000	0.000000	nan	nan	nan	nan
3	C	6	520	508	0.011811	0	0	520	3	647	625	0.004800	0	0	647	0	0	0	nan	0	0	0	0.007011	0.005561	0.007011	0.005561	0.147865	0.117284
4	G	14	524	512	0.027344	0	0	524	0	651	625	0.000000	0	0	651	0	0	0	nan	0	0	0	0.027344	0.007308	0.027344	0.007308	0.576699	0.154129
5	A	11	530	517	0.021277	0	0	530	0	655	621	0.000000	0	0	655	0	0	0	nan	0	0	0	0.021277	0.006415	0.021277	0.006415	0.448743	0.135296
6	A	7	535	523	0.013384	0	0	535	4	657	625	0.006400	0	0	657	0	0	0	nan	0	0	0	0.006984	0.005986	0.006984	0.005986	0.147296	0.126248
7	G	26	540	514	0.050584	0	0	540	3	664	622	0.004823	0	0	664	0	0	0	nan	0	0	0	0.045761	0.010304	0.045761	0.010304	0.965122	0.217317
8	U	100	564	535	0.186916	0	0	564	117	684	642	0.182243	0	0	684	0	0	0	nan	0	0	0	0.004673	0.025164	nan	nan	nan	nan
9	G	14	588	556	0.025180	0	0	588	5	710	666	0.007508	0	0	710	0	0	0	nan	0	0	0	0.017672	0.007521	0.017672	0.007521	0.372711	0.158622
10	G	18	597	574	0.031359	0	0	597	8	719	678	0.011799	0	0	719	0	0	0	nan	0	0	0	0.019559	0.008487	0.019559	0.008487	0.412509	0.178995
11	C	12	606	588	0.020408	0	0	606	9	727	689	0.013062	0	0	727	0	0	0	nan	0	0	0	0.007346	0.007326	0.007346	0.007326	0.154931	0.154509
12	G	14	609	598	0.023411	0	0	609	2	729	701	0.002853	0	0	729	0	0	0	nan	0	0	0	0.020558	0.006574	0.020558	0.006574	0.433578	0.138649
13	A	3	622	605	0.004959	0	0	622	3	738	704	0.004261	0	0	738	0	0	0	nan	0	0	0	0.000697	0.003775	0.000697	0.003775	0.014700	0.079617
14	A	2	641	617	0.003241	0	0	641	1	745	706	0.001416	0	0	745	0	0	0	nan	0	0	0	0.001825	0.002694	0.001825	0.002694	0.038490	0.056818
15	A	12	665	634	0.018927	0	0	665	22	750	710	0.030986	0	0	750	0	0	0	nan	0	0	0	-0.012058	0.008573	-0.012058	0.008573	-0.254309	0.180809
16	U	14	1275	1232	0.011364	0	0	1275	31	1121	1074	0.028864	0	0	1121	0	0	0	nan	0	0	0	-0.017500	0.006008	-0.017500	0.006008	-0.369084	0.126712
17	C	8	1399	1343	0.005957	0	0	1399	5	1224	1170	0.004274	0	0	1224	0	0	0	nan	0	0	0	0.001683	0.002844	0.001683	0.002844	0.035495	0.059981
18	G	40	1478	1415	0.028269	0	0	1478	35	1260	1194	0.029313	0	0	1260	0	0	0	nan	0	0	0	-0.001045	0.006673	-0.001045	0.006673	-0.022040	0.140737
19	G	92	1494	1421	0.064743	0	0	1494	23	1272	1202	0.019135	0	0	1272	0	0	0	nan	0	0	0	0.045608	0.007841	0.045608	0.007841	0.961895	0.165371
20	U	18	1556	1497	0.012024	0	0	1556	17	1294	1237	0.013743	0	0	1294	0	0	0	nan	0	0	0	-0.001719	0.004375	-0.001719	0.004375	-0.036255	0.092271
21	A	18	1567	1512	0.011905	0	0	1567	6	1298	1253	0.004789	0	0	1298	0	0	0	nan	0	0	0	0.007116	0.003420	0.007116	0.003420	0.150080	0.072130
22	G	22	1595	1503	0.014637	0	0	1595	7	1305	1212	0.005776	0	0	1305	0	0	0	nan	0	0	0	0.008862	0.003808	0.008862	0.003808	0.186904	0.080313
23	A	203	1610	1515	0.133993	0	0	1610	7	1310	1205	0.005809	0	0	1310	0	0	0	nan	0	0	0	0.128184	0.009657	0.128184	0.009657	2.703465	0.203671
24	C	14	1625	1518	0.009223	0	0	1625	5	1312	1201	0.004163	0	0	1312	0	0	0	nan	0	0	0	0.005059	0.003089	0.005059	0.003089	0.106697	0.065149
25	G	35	1627	1556	0.022494	0	0	1627	9	1313	1250	0.007200	0	0	1313	0	0	0	nan	0	0	0	0.015294	0.004496	0.015294	0.004496	0.322558	0.094823
26	C	16	1632	1549	0.010329	0	0	1632	4	1317	1258	0.003180	0	0	1317	0	0	0	nan	0	0	0	0.007150	0.003032	0.007150	0.003032	0.150797	0.063946
27	A	98	1633	1571	0.062381	0	0	1633	2	1321	1264	0.001582	0	0	1321	0	0	0	nan	0	0	0	0.060798	0.006400	0.060798	0.006400	1.282260	0.134979
28	G	30	1633	1552	0.019330	0	0	1633	8	1321	1231	0.006499	0	0	1321	0	0	0	nan	0	0	0	0.012831	0.004211	0.012831	0.004211	0.270612	0.088812
29	U	28	1640	1545	0.018123	0	0	1640	18	1339	1235	0.014575	0	0	1339	0	0	0	nan	0	0	0	0.003548	0.004851	0.003548	0.004851	0.074829	0.102310
30	U	37	1642	1549	0.023886	0	0	1642	25	1342	1235	0.020243	0	0	1342	0	0	0	nan	0	0	0	0.003643	0.005640	0.003643	0.005640	0.076833	0.118950
31	G	40	1645	1553	0.025757	0	0	1645	11	1349	1258	0.008744	0	0	1349	0	0	0	nan	0	0	0	0.017013	0.004851	0.017013	0.004851	0.358813	0.102310
32	A	145	1647	1549	0.093609	0	0	1647	103	1353	1269	0.081166	0	0	1353	0	0	0	nan	0	0	0	0.012443	0.011153	nan	nan	nan	nan
33	U	19	1671	1571	0.012094	0	0	1671	15	1379	1295	0.011583	0	0	1379	0	0	0	nan	0	0	0	0.000511	0.004080	0.000511	0.004080	0.010777	0.086049
34	U	21	1678	1588	0.013224	0	0	1678	16	1394	1305	0.012261	0	0	1394	0	0	0	nan	0	0	0	0.000964	0.004210	0.000964	0.004210	0.020331	0.088791
35	C	557	1686	1624	0.342980	0	0	1686	465	1410	1364	0.340909	0	0	1410	0	0	0	nan	0	0	0	0.002071	0.021474	nan	nan	nan	nan
36	A	17	1779	1724	0.009861	0	0	1779	6	1525	1485	0.004040	0	0	1525	0	0	0	nan	0	0	0	0.005820	0.002905	0.005820	0.002905	0.122747	0.061268
37	A	6	1783	1713	0.003503	0	0	1783	2	1531	1489	0.001343	0	0	1531	0	0	0	nan	0	0	0	0.002159	0.001717	0.002159	0.001717	0.045534	0.036212
38	A	283	1791	1652	0.171308	0	0	1791	269	1533	1457	0.184626	0	0	1533	0	0	0	nan	0	0	0	-0.013318	0.015179	nan	nan	nan	nan
39	A	145	1868	1738	0.083429	0	0	1868	7	1588	1499	0.004670	0	0	1588	0	0	0	nan	0	0	0	0.078759	0.007150	0.078759	0.007150	1.661067	0.150797
40	U	16	1890	1752	0.009132	0	0	1890	23	1604	1516	0.015172	0	0	1604	0	0	0	nan	0	0	0	-0.006039	0.003901	-0.006039	0.003901	-0.127366	0.082274
41	C	9	1901	1793	0.005020	0	0	1901	6	1608	1534	0.003911	0	0	1608	0	0	0	nan	0	0	0	0.001108	0.002313	0.001108	0.002313	0.023368	0.048782
42	A	7	1941	1647	0.004250	0	0	1941	1	1641	1426	0.000701	0	0	1641	0	0	0	nan	0	0	0	0.003549	0.001753	0.003549	0.001753	0.074850	0.036972
43	A	13	1940	1662	0.007822	0	0	1940	12	1642	1437	0.008351	0	0	1642	0	0	0	nan	0	0	0	-0.000529	0.003243	-0.000529	0.003243	-0.011157	0.068396
44	C	15	1942	1654	0.009069	0	0	1942	18	1642	1439	0.012509	0	0	1642	0	0	0	nan	0	0	0	-0.003440	0.003765	-0.003440	0.003765	-0.072551	0.079406
45	C	16	1945	1817	0.008806	0	0	1945	11	1644	1546	0.007115	0	0	1644	0	0	0	nan	0	0	0	0.001691	0.003074	0.001691	0.003074	0.035664	0.064832
46	G	57	1950	1799	0.031684	0	0	1950	11	1644	1508	0.007294	0	0	1644	0	0	0	nan	0	0	0	0.024390	0.004738	0.024390	0.004738	0.514397	0.099927
47	U	14	1963	1810	0.007735	0	0	1963	15	1648	1510	0.009934	0	0	1648	0	0	0	nan	0	0	0	-0.002199	0.003294	-0.002199	0.003294	-0.046378	0.069472
48	A	15	1966	1828	0.008206	0	0	1966	8	1649	1520	0.005263	0	0	1649	0	0	0	nan	0	0	0	0.002943	0.002820	0.002943	0.002820	0.062069	0.059475
49	G	18	1969	1860	0.009677	0	0	1969	5	1650	1546	0.003234	0	0	1650	0	0	0	nan	0	0	0	0.006443	0.002701	0.006443	0.002701	0.135886	0.056965
50	A	69	1969	1881	0.036683	0	0	1969	5	1649	1559	0.003207	0	0	1649	0	0	0	nan	0	0	0	0.033475	0.004643	0.033475	0.004643	0.706004	0.097923
51	A	89	1969	1897	0.046916	0	0	1969	5	1649	1584	0.003157	0	0	1649	0	0	0	nan	0	0	0	0.043760	0.005170	0.043760	0.005170	0.922920	0.109038
52	A	67	1969	1896	0.035338	0	0	1969	19	1649	1584	0.011995	0	0	1649	0	0	0	nan	0	0	0	0.023343	0.005120	0.023343	0.005120	0.492316	0.107983
53	U	9	1974	1900	0.004737	0	0	1974	7	1647	1587	0.004411	0	0	1647	0	0	0	nan	0	0	0	0.000326	0.002296	0.000326	0.002296	0.006876	0.048424
54	A	28	1975	1892	0.014799	0	0	1975	8	1647	1577	0.005073	0	0	1647	0	0	0	nan	0	0	0	0.009726	0.003322	0.009726	0.003322	0.205126	0.070063
55	C	26	1975	1871	0.013896	0	0	1975	9	1646	1567	0.005743	0	0	1646	0	0	0	nan	0	0	0	0.008153	0.003331	0.008153	0.003331	0.171951	0.070252
56	G	56	1975	1821	0.030752	0	0	1975	20	1644	1514	0.013210	0	0	1644	0	0	0	nan	0	0	0	0.017542	0.005061	0.017542	0.005061	0.369970	0.106739
57	U	31	1977	1811	0.017118	0	0	1977	19	1646	1497	0.012692	0	0	1646	0	0	0	nan	0	0	0	0.004426	0.004234	0.004426	0.004234	0.093347	0.089297
58	G	63	1977	1815	0.034711	0	0	1977	23	1645	1495	0.015385	0	0	1645	0	0	0	nan	0	0	0	0.019326	0.005424	0.019326	0.005424	0.407595	0.114395
59	C	17	1976	1839	0.009244	0	0	1976	14	1643	1508	0.009284	0	0	1643	0	0	0	nan	0	0	0	-0.000040	0.003344	-0.000040	0.003344	-0.000844	0.070527
60	C	7	1975	1847	0.003790	0	0	1975	8	1642	1502	0.005326	0	0	1642	0	0	0	nan	0	0	0	-0.001536	0.002366	-0.001536	0.002366	-0.032395	0.049900
61	G	29	1972	1818	0.015952	0	0	1972	11	1642	1472	0.007473	0	0	1642	0	0	0	nan	0	0	0	0.008479	0.003722	0.008479	0.003722	0.178826	0.078499
62	G	43	1971	1817	0.023665	0	0	1971	16	1640	1470	0.010884	0	0	1640	0	0	0	nan	0	0	0	0.012781	0.004520	0.012781	0.004520	0.269558	0.095329
63	U	45	1971	1819	0.024739	0	0	1971	53	1639	1466	0.036153	0	0	1639	0	0	0	nan	0	0	0	-0.011414	0.006186	-0.011414	0.006186	-0.240727	0.130466
64	U	48	1970	1836	0.026144	0	0	1970	38	1641	1497	0.025384	0	0	1641	0	0	0	nan	0	0	0	0.000760	0.005585	0.000760	0.005585	0.016029	0.117790
65	C	47	1970	1827	0.025725	0	0	1970	19	1641	1506	0.012616	0	0	1641	0	0	0	nan	0	0	0	0.013109	0.004739	0.013109	0.004739	0.276475	0.099948
66	G	10	1970	1825	0.005479	0	0	1970	11	1640	1523	0.007223	0	0	1640	0	0	0	nan	0	0	0	-0.001743	0.002783	-0.001743	0.002783	-0.036761	0.058695
67	A	867	1970	1805	0.480332	0	0	1970	7	1640	1525	0.004590	0	0	1640	0	0	0	nan	0	0	0	0.475742	0.016405	0.475742	0.016405	10.033636	0.345990
68	G	40	1970	1835	0.021798	0	0	1970	27	1640	1537	0.017567	0	0	1640	0	0	0	nan	0	0	0	0.004232	0.004828	0.004232	0.004828	0.089255	0.101825
69	U	32	1970	1846	0.017335	0	0	1970	44	1638	1541	0.028553	0	0	1638	0	0	0	nan	0	0	0	-0.011218	0.005284	-0.011218	0.005284	-0.236593	0.111442
70	C	12	1966	1785	0.006723	0	0	1966	21	1637	1446	0.014523	0	0	1637	0	0	0	nan	0	0	0	-0.007800	0.003716	-0.007800	0.003716	-0.164506	0.078372
71	C	11	1962	1777	0.006190	0	0	1962	8	1630	1427	0.005606	0	0	1630	0	0	0	nan	0	0	0	0.000584	0.002723	0.000584	0.002723	0.012317	0.057429
72	G	28	1961	1720	0.016279	0	0	1961	17	1623	1380	0.012319	0	0	1623	0	0	0	nan	0	0	0	0.003960	0.004289	0.003960	0.004289	0.083518	0.090457
73	G	76	1961	1741	0.043653	0	0	1961	29	1621	1402	0.020685	0	0	1621	0	0	0	nan	0	0	0	0.022968	0.006311	0.022968	0.006311	0.484407	0.133102
74	C	32	1956	1729	0.018508	0	0	1956	26	1613	1362	0.019090	0	0	1613	0	0	0	nan	0	0	0	-0.000582	0.004972	-0.000582	0.004972	-0.012275	0.104862
75	C	14	1952	1697	0.008250	0	0	1952	14	1612	1301	0.010761	0	0	1612	0	0	0	nan	0	0	0	-0.002511	0.003624	-0.002511	0.003624	-0.052958	0.076432
76	U	7	1948	1671	0.004189	0	0	1948	11	1605	1317	0.008352	0	0	1605	0	0	0	nan	0	0	0	-0.004163	0.002975	-0.004163	0.002975	-0.087800	0.062744
77	U	13	1944	1701	0.007643	0	0	1944	16	1603	1333	0.012003	0	0	1603	0	0	0	nan	0	0	0	-0.004360	0.003674	-0.004360	0.003674	-0.091955	0.077486
78	C	18	1939	1731	0.010399	0	0	1939	6	1600	1393	0.004307	0	0	1600	0	0	0	nan	0	0	0	0.006091	0.003017	0.006091	0.003017	0.128462	0.063630
79	G	66	1939	1723	0.038305	0	0	1939	16	1597	1389	0.011519	0	0	1597	0	0	0	nan	0	0	0	0.026786	0.005525	0.026786	0.005525	0.564930	0.116525
80	G	93	1936	1708	0.054450	0	0	1936	23	1595	1351	0.017024	0	0	1595	0	0	0	nan	0	0	0	0.037425	0.006669	0.037425	0.006669	0.789312	0.140653
81	C	40	1934	1322	0.030257	0	0	1934	41	1593	878	0.046697	0	0	1593	0	0	0	nan	0	0	0	-0.016440	0.008722	-0.016440	0.008722	-0.346728	0.183951
82	A	146	1930	1309	0.111536	0	0	1930	17	1590	889	0.019123	0	0	1590	0	0	0	nan	0	0	0	0.092413	0.010330	0.092413	0.010330	1.949036	0.217865
83	C	98	1916	1303	0.075211	0	0	1916	9	1588	888	0.010135	0	0	1588	0	0	0	nan	0	0	0	0.065076	0.008315	0.065076	0.008315	1.372485	0.175368
84	C	41	1915	1525	0.026885	0	0	1915	4	1584	1253	0.003192	0	0	1584	0	0	0	nan	0	0	0	0.023693	0.004492	0.023693	0.004492	0.499697	0.094739
85	A	0	1832	0	nan	0	0	1832	0	1554	0	nan	0	0	1554	0	0	0	nan	0	0	0	nan	nan	nan	nan	nan	nan