Nucleotide	Sequence	Modified_mutations	Modified_read_depth	Modified_effective_depth	Modified_rate	Modified_off_target_mapped_depth	Modified_low_mapq_mapped_depth	Modified_mapped_depth	Untreated_mutations	Untreated_read_depth	Untreated_effective_depth	Untreated_rate	Untreated_off_target_mapped_depth	Untreated_low_mapq_mapped_depth	Untreated_mapped_depth	Denatured_mutations	Denatured_read_depth	Denatured_effective_depth	Denatured_rate	Denatured_off_target_mapped_depth	Denatured_low_mapq_mapped_depth	Denatured_mapped_depth	Reactivity_profile	Std_err	HQ_profile	HQ_stderr	Norm_profile	Norm_stderr
1	C	0	12394	12066	0.000000	0	0	12394	0	17359	16932	0.000000	0	0	17359	0	0	0	nan	0	0	0	0.000000	0.000000	0.000000	0.000000	0.000000	0.000000
2	G	0	12634	12013	0.000000	0	0	12634	0	17729	16865	0.000000	0	0	17729	0	0	0	nan	0	0	0	0.000000	0.000000	0.000000	0.000000	0.000000	0.000000
3	G	482	13147	12497	0.038569	0	0	13147	198	17920	16995	0.011650	0	0	17920	0	0	0	nan	0	0	0	0.026919	0.001942	0.026919	0.001942	0.864391	0.062359
4	C	170	13226	12521	0.013577	0	0	13226	179	17946	17026	0.010513	0	0	17946	0	0	0	nan	0	0	0	0.003064	0.001305	0.003064	0.001305	0.098388	0.041905
5	G	538	13252	12787	0.042074	0	0	13252	71	17957	17345	0.004093	0	0	17957	0	0	0	nan	0	0	0	0.037981	0.001878	0.037981	0.001878	1.219601	0.060304
6	A	130	13296	12681	0.010252	0	0	13296	47	17978	17166	0.002738	0	0	17978	0	0	0	nan	0	0	0	0.007514	0.000984	0.007514	0.000984	0.241281	0.031597
7	G	396	13318	12726	0.031117	0	0	13318	118	18000	17300	0.006821	0	0	18000	0	0	0	nan	0	0	0	0.024297	0.001685	0.024297	0.001685	0.780197	0.054107
8	U	2899	13509	12931	0.224190	0	0	13509	2479	18282	17516	0.141528	0	1	18282	0	0	0	nan	0	0	0	0.082662	0.005042	nan	nan	nan	nan
9	A	138	13659	13193	0.010460	0	2	13659	52	18490	17824	0.002917	0	1	18490	0	0	0	nan	0	0	0	0.007543	0.000978	0.007543	0.000978	0.242212	0.031404
10	G	321	13730	13322	0.024095	0	2	13730	180	18527	17932	0.010038	0	1	18527	0	0	0	nan	0	0	0	0.014058	0.001539	0.014058	0.001539	0.451414	0.049419
11	C	133	13788	13313	0.009990	0	2	13788	142	18573	17927	0.007921	0	1	18573	0	0	0	nan	0	0	0	0.002069	0.001092	0.002069	0.001092	0.066437	0.035065
12	G	287	13802	13396	0.021424	0	2	13802	151	18621	18054	0.008364	0	1	18621	0	0	0	nan	0	0	0	0.013061	0.001436	0.013061	0.001436	0.419400	0.046111
13	C	71	13826	12969	0.005475	0	2	13826	70	18636	17409	0.004021	0	1	18636	0	0	0	nan	0	0	0	0.001454	0.000808	0.001454	0.000808	0.046689	0.025946
14	A	318	13836	12998	0.024465	0	2	13836	24	18648	17450	0.001375	0	1	18648	0	0	0	nan	0	0	0	0.023090	0.001400	0.023090	0.001400	0.741439	0.044955
15	G	153	13845	12990	0.011778	0	2	13845	127	18658	17420	0.007290	0	1	18658	0	0	0	nan	0	0	0	0.004488	0.001151	0.004488	0.001151	0.144113	0.036960
16	C	400	13865	13285	0.030109	0	2	13865	166	18719	17911	0.009268	0	1	18719	0	0	0	nan	0	0	0	0.020841	0.001668	0.020841	0.001668	0.669222	0.053561
17	U	157	13922	13274	0.011828	0	2	13922	239	18889	17987	0.013287	0	1	18889	0	0	0	nan	0	0	0	-0.001460	0.001277	-0.001460	0.001277	-0.046882	0.041006
18	U	130	13947	13208	0.009843	0	2	13947	158	18990	18035	0.008761	0	1	18990	0	0	0	nan	0	0	0	0.001082	0.001109	0.001082	0.001109	0.034744	0.035611
19	G	379	13977	13302	0.028492	0	2	13977	161	19066	18203	0.008845	0	1	19066	0	0	0	nan	0	0	0	0.019647	0.001621	0.019647	0.001621	0.630881	0.052052
20	G	416	13997	13441	0.030950	0	2	13997	145	19093	18361	0.007897	0	1	19093	0	0	0	nan	0	0	0	0.023053	0.001653	0.023053	0.001653	0.740251	0.053079
21	U	130	14023	13308	0.009769	0	2	14023	246	19113	18050	0.013629	0	1	19113	0	0	0	nan	0	0	0	-0.003860	0.001220	-0.003860	0.001220	-0.123948	0.039175
22	A	39	14034	13329	0.002926	0	2	14034	32	19124	18102	0.001768	0	1	19124	0	0	0	nan	0	0	0	0.001158	0.000563	0.001158	0.000563	0.037184	0.018078
23	G	235	14049	13303	0.017665	0	2	14049	146	19132	17998	0.008112	0	1	19132	0	0	0	nan	0	0	0	0.009553	0.001334	0.009553	0.001334	0.306755	0.042836
24	C	97	14057	13424	0.007226	0	2	14057	128	19135	18268	0.007007	0	1	19135	0	0	0	nan	0	0	0	0.000219	0.000960	0.000219	0.000960	0.007032	0.030826
25	G	516	14056	13404	0.038496	0	2	14056	157	19138	18182	0.008635	0	1	19138	0	0	0	nan	0	0	0	0.029861	0.001829	0.029861	0.001829	0.958861	0.058731
26	C	85	14057	13418	0.006335	0	2	14057	100	19136	18235	0.005484	0	1	19136	0	0	0	nan	0	0	0	0.000851	0.000879	0.000851	0.000879	0.027326	0.028225
27	A	659	14060	13417	0.049117	0	2	14060	34	19139	18188	0.001869	0	1	19139	0	0	0	nan	0	0	0	0.047247	0.001940	0.047247	0.001940	1.517140	0.062295
28	A	166	14061	13424	0.012366	0	2	14061	136	19148	18201	0.007472	0	1	19148	0	0	0	nan	0	0	0	0.004894	0.001154	0.004894	0.001154	0.157150	0.037056
29	C	146	14063	13276	0.010997	0	2	14063	187	19140	17992	0.010394	0	1	19140	0	0	0	nan	0	0	0	0.000604	0.001186	0.000604	0.001186	0.019395	0.038083
30	U	243	14056	13173	0.018447	0	2	14056	277	19124	17966	0.015418	0	1	19124	0	0	0	nan	0	0	0	0.003029	0.001503	0.003029	0.001503	0.097264	0.048263
31	G	215	14054	13095	0.016418	0	2	14054	194	19118	17871	0.010856	0	1	19118	0	0	0	nan	0	0	0	0.005563	0.001364	0.005563	0.001364	0.178633	0.043799
32	G	324	14049	13073	0.024784	0	2	14049	148	19113	17851	0.008291	0	1	19113	0	0	0	nan	0	0	0	0.016493	0.001536	0.016493	0.001536	0.529604	0.049322
33	U	924	14062	13223	0.069878	0	2	14062	1332	19123	17997	0.074012	0	1	19123	0	0	0	nan	0	0	0	-0.004134	0.003065	nan	nan	nan	nan
34	U	307	14108	13404	0.022904	0	2	14108	411	19156	18289	0.022473	0	1	19156	0	0	0	nan	0	0	0	0.000431	0.001714	0.000431	0.001714	0.013840	0.055038
35	U	835	14132	13422	0.062211	0	2	14132	416	19180	18339	0.022684	0	1	19180	0	0	0	nan	0	0	0	0.039527	0.002423	0.039527	0.002423	1.269245	0.077805
36	G	1642	14205	13458	0.122009	0	2	14205	2685	19204	18197	0.147552	0	1	19204	0	0	0	nan	0	0	0	-0.025543	0.004144	nan	nan	nan	nan
37	G	175	14296	13410	0.013050	0	2	14296	21	19236	18052	0.001163	0	1	19236	0	0	0	nan	0	0	0	0.011887	0.001019	0.011887	0.001019	0.381701	0.032721
38	G	7617	14291	13272	0.573915	0	2	14291	10861	19232	17959	0.604766	0	1	19232	0	0	0	nan	0	0	0	-0.030851	0.008770	nan	nan	nan	nan
39	A	150	14370	13614	0.011018	0	2	14370	166	19273	18383	0.009030	0	1	19273	0	0	0	nan	0	0	0	0.001988	0.001140	0.001988	0.001140	0.063836	0.036606
40	C	54	14378	13559	0.003983	0	2	14378	70	19275	18309	0.003823	0	1	19275	0	0	0	nan	0	0	0	0.000159	0.000709	0.000159	0.000709	0.005106	0.022767
41	C	41	14385	13770	0.002977	0	2	14385	46	19283	18489	0.002488	0	1	19283	0	0	0	nan	0	0	0	0.000490	0.000592	0.000490	0.000592	0.015734	0.019010
42	A	99	14389	13723	0.007214	0	2	14389	56	19285	18420	0.003040	0	1	19285	0	0	0	nan	0	0	0	0.004174	0.000831	0.004174	0.000831	0.134031	0.026684
43	G	527	14383	13811	0.038158	0	2	14383	213	19278	18579	0.011465	0	1	19278	0	0	0	nan	0	0	0	0.026693	0.001838	0.026693	0.001838	0.857134	0.059020
44	U	279	14374	13666	0.020416	0	2	14374	291	19273	18388	0.015826	0	1	19273	0	0	0	nan	0	0	0	0.004590	0.001534	0.004590	0.001534	0.147389	0.049258
45	G	268	14371	13587	0.019725	0	2	14371	132	19271	18272	0.007224	0	1	19271	0	0	0	nan	0	0	0	0.012501	0.001359	0.012501	0.001359	0.401417	0.043639
46	G	282	14367	13324	0.021165	0	2	14367	130	19272	18161	0.007158	0	1	19272	0	0	0	nan	0	0	0	0.014007	0.001408	0.014007	0.001408	0.449776	0.045212
47	G	3391	14358	13488	0.251409	0	2	14358	5027	19258	18078	0.278073	0	1	19258	0	0	0	nan	0	0	0	-0.026664	0.005833	nan	nan	nan	nan
48	U	193	14399	13687	0.014101	0	2	14399	316	19281	18293	0.017274	0	1	19281	0	0	0	nan	0	0	0	-0.003173	0.001405	-0.003173	0.001405	-0.101888	0.045116
49	C	133	14398	13603	0.009777	0	2	14398	114	19280	18188	0.006268	0	1	19280	0	0	0	nan	0	0	0	0.003509	0.001031	0.003509	0.001031	0.112677	0.033106
50	G	229	14410	13559	0.016889	0	2	14410	223	19278	18116	0.012310	0	1	19278	0	0	0	nan	0	0	0	0.004580	0.001387	0.004580	0.001387	0.147068	0.044538
51	G	142	14412	13550	0.010480	0	2	14412	121	19272	18081	0.006692	0	1	19272	0	0	0	nan	0	0	0	0.003788	0.001069	0.003788	0.001069	0.121636	0.034326
52	A	132	14411	13689	0.009643	0	2	14411	120	19270	18287	0.006562	0	1	19270	0	0	0	nan	0	0	0	0.003081	0.001031	0.003081	0.001031	0.098933	0.033106
53	G	333	14407	13773	0.024178	0	2	14407	226	19266	18429	0.012263	0	1	19266	0	0	0	nan	0	0	0	0.011914	0.001556	0.011914	0.001556	0.382568	0.049964
54	G	419	14405	13724	0.030530	0	2	14405	151	19262	18352	0.008228	0	1	19262	0	0	0	nan	0	0	0	0.022302	0.001635	0.022302	0.001635	0.716136	0.052501
55	U	282	14402	13738	0.020527	0	2	14402	463	19260	18350	0.025232	0	1	19260	0	0	0	nan	0	0	0	-0.004705	0.001694	-0.004705	0.001694	-0.151081	0.054396
56	U	221	14400	13797	0.016018	0	2	14400	349	19264	18425	0.018942	0	1	19264	0	0	0	nan	0	0	0	-0.002924	0.001480	-0.002924	0.001480	-0.093892	0.047524
57	C	188	14396	13733	0.013690	0	2	14396	198	19258	18357	0.010786	0	1	19258	0	0	0	nan	0	0	0	0.002904	0.001259	0.002904	0.001259	0.093250	0.040428
58	G	56	14386	13538	0.004137	0	2	14386	113	19250	18217	0.006203	0	1	19250	0	0	0	nan	0	0	0	-0.002066	0.000804	-0.002066	0.000804	-0.066341	0.025817
59	A	3940	14382	12744	0.309165	0	2	14382	52	19244	16910	0.003075	0	1	19244	0	0	0	nan	0	0	0	0.306090	0.004944	0.306090	0.004944	9.828803	0.158756
60	A	214	14376	12750	0.016784	0	2	14376	187	19229	16902	0.011064	0	1	19229	0	0	0	nan	0	0	0	0.005721	0.001404	0.005721	0.001404	0.183706	0.045084
61	U	80	14374	12687	0.006306	0	2	14374	138	19222	16767	0.008230	0	1	19222	0	0	0	nan	0	0	0	-0.001925	0.000994	-0.001925	0.000994	-0.061813	0.031918
62	C	87	14370	13110	0.006636	0	2	14370	105	19220	17595	0.005968	0	1	19220	0	0	0	nan	0	0	0	0.000669	0.000919	0.000669	0.000919	0.021482	0.029510
63	C	63	14365	13161	0.004787	0	2	14365	72	19215	17570	0.004098	0	1	19215	0	0	0	nan	0	0	0	0.000689	0.000773	0.000689	0.000773	0.022124	0.024822
64	U	108	14354	13285	0.008129	0	2	14354	207	19146	17706	0.011691	0	1	19146	0	0	0	nan	0	0	0	-0.003561	0.001128	-0.003561	0.001128	-0.114347	0.036221
65	C	104	14349	13552	0.007674	0	2	14349	151	19133	18005	0.008387	0	1	19133	0	0	0	nan	0	0	0	-0.000712	0.001016	-0.000712	0.001016	-0.022863	0.032625
66	U	172	14344	13544	0.012699	0	2	14344	315	19119	17995	0.017505	0	1	19119	0	0	0	nan	0	0	0	-0.004806	0.001382	-0.004806	0.001382	-0.154325	0.044377
67	C	81	14332	13488	0.006005	0	2	14332	144	19068	17899	0.008045	0	1	19068	0	0	0	nan	0	0	0	-0.002040	0.000946	-0.002040	0.000946	-0.065506	0.030377
68	U	132	14326	13442	0.009820	0	2	14326	208	19044	17794	0.011689	0	1	19044	0	0	0	nan	0	0	0	-0.001869	0.001178	-0.001869	0.001178	-0.060015	0.037827
69	C	74	14320	13159	0.005624	0	2	14320	90	19033	17407	0.005170	0	1	19033	0	0	0	nan	0	0	0	0.000453	0.000851	0.000453	0.000851	0.014546	0.027326
70	G	582	14304	13032	0.044659	0	2	14304	426	19016	17252	0.024693	0	1	19016	0	0	0	nan	0	0	0	0.019967	0.002204	0.019967	0.002204	0.641157	0.070772
71	C	162	14296	12760	0.012696	0	2	14296	202	19011	17019	0.011869	0	1	19011	0	0	0	nan	0	0	0	0.000827	0.001301	0.000827	0.001301	0.026556	0.041776
72	C	140	14292	12854	0.010892	0	2	14292	158	19004	17085	0.009248	0	1	19004	0	0	0	nan	0	0	0	0.001644	0.001178	0.001644	0.001178	0.052790	0.037827
73	G	655	14289	11159	0.058697	0	2	14289	180	18997	14597	0.012331	0	1	18997	0	0	0	nan	0	0	0	0.046366	0.002471	0.046366	0.002471	1.488851	0.079346
74	A	440	14286	11267	0.039052	0	2	14286	172	18994	14838	0.011592	0	1	18994	0	0	0	nan	0	0	0	0.027460	0.002061	0.027460	0.002061	0.881763	0.066180
75	C	693	14281	11302	0.061317	0	2	14281	76	18989	14905	0.005099	0	1	18989	0	0	0	nan	0	0	0	0.056218	0.002402	0.056218	0.002402	1.805207	0.077130
76	C	378	14224	12327	0.030664	0	2	14224	19	18917	17111	0.001110	0	1	18917	0	0	0	nan	0	0	0	0.029554	0.001598	0.029554	0.001598	0.949003	0.051313
77	A	0	13513	0	nan	0	2	13513	0	18488	0	nan	0	1	18488	0	0	0	nan	0	0	0	nan	nan	nan	nan	nan	nan