Nucleotide	Sequence	Modified_mutations	Modified_read_depth	Modified_effective_depth	Modified_rate	Modified_off_target_mapped_depth	Modified_low_mapq_mapped_depth	Modified_mapped_depth	Untreated_mutations	Untreated_read_depth	Untreated_effective_depth	Untreated_rate	Untreated_off_target_mapped_depth	Untreated_low_mapq_mapped_depth	Untreated_mapped_depth	Denatured_mutations	Denatured_read_depth	Denatured_effective_depth	Denatured_rate	Denatured_off_target_mapped_depth	Denatured_low_mapq_mapped_depth	Denatured_mapped_depth	Reactivity_profile	Std_err	HQ_profile	HQ_stderr	Norm_profile	Norm_stderr
1	G	0	48965	46616	0.000000	0	6	48965	0	37997	36093	0.000000	0	26	37997	0	0	0	nan	0	0	0	0.000000	0.000000	0.000000	0.000000	0.000000	0.000000
2	G	0	50677	47989	0.000000	0	6	50677	0	38860	36651	0.000000	0	28	38860	0	0	0	nan	0	0	0	0.000000	0.000000	0.000000	0.000000	0.000000	0.000000
3	A	363	52132	49102	0.007393	0	6	52132	104	39046	36685	0.002835	0	28	39046	0	0	0	nan	0	0	0	0.004558	0.000477	0.004558	0.000477	0.132098	0.013824
4	G	2445	52261	49837	0.049060	0	6	52261	327	39077	37156	0.008801	0	28	39077	0	0	0	nan	0	0	0	0.040259	0.001105	0.040259	0.001105	1.166773	0.032025
5	C	584	52529	49331	0.011838	0	6	52529	334	39111	36645	0.009114	0	28	39111	0	0	0	nan	0	0	0	0.002724	0.000699	0.002724	0.000699	0.078946	0.020258
6	G	1520	52568	49194	0.030898	0	6	52568	350	39127	36596	0.009564	0	28	39127	0	0	0	nan	0	0	0	0.021334	0.000943	0.021334	0.000943	0.618295	0.027330
7	G	2471	52706	48951	0.050479	0	6	52706	353	39188	36385	0.009702	0	29	39188	0	0	0	nan	0	0	0	0.040777	0.001139	0.040777	0.001139	1.181785	0.033010
8	U	1219	53999	50921	0.023939	0	6	53999	847	39643	37407	0.022643	0	31	39643	0	0	0	nan	0	0	0	0.001296	0.001037	0.001296	0.001037	0.037560	0.030054
9	A	1786	54264	51720	0.034532	0	6	54264	64	39855	38108	0.001679	0	33	39855	0	0	0	nan	0	0	0	0.032853	0.000844	0.032853	0.000844	0.952135	0.024461
10	G	888	56034	53536	0.016587	0	6	56034	324	39950	38169	0.008489	0	33	39950	0	0	0	nan	0	0	0	0.008098	0.000730	0.008098	0.000730	0.234694	0.021157
11	U	611	56935	54163	0.011281	0	6	56935	455	40651	38628	0.011779	0	34	40651	0	0	0	nan	0	0	0	-0.000498	0.000716	-0.000498	0.000716	-0.014433	0.020751
12	U	713	59656	56681	0.012579	0	6	59656	514	42417	40194	0.012788	0	37	42417	0	0	0	nan	0	0	0	-0.000209	0.000735	-0.000209	0.000735	-0.006057	0.021302
13	C	396	60261	57984	0.006829	0	6	60261	103	43262	41585	0.002477	0	39	43262	0	0	0	nan	0	0	0	0.004353	0.000421	0.004353	0.000421	0.126157	0.012201
14	A	1342	60837	58294	0.023021	0	6	60837	57	43899	42087	0.001354	0	40	43899	0	0	0	nan	0	0	0	0.021667	0.000654	0.021667	0.000654	0.627946	0.018954
15	G	634	61015	58658	0.010808	0	6	61015	230	43935	42243	0.005445	0	40	43935	0	0	0	nan	0	0	0	0.005364	0.000560	0.005364	0.000560	0.155458	0.016230
16	U	1567	61943	59215	0.026463	0	6	61943	1484	44894	43085	0.034444	0	42	44894	0	0	0	nan	0	0	0	-0.007981	0.001116	-0.007981	0.001116	-0.231303	0.032344
17	C	2173	62119	59735	0.036377	0	6	62119	225	45110	43324	0.005193	0	42	45110	0	0	0	nan	0	0	0	0.031184	0.000854	0.031184	0.000854	0.903764	0.024750
18	G	590	62534	59868	0.009855	0	6	62534	185	45293	43332	0.004269	0	42	45293	0	0	0	nan	0	0	0	0.005586	0.000513	0.005586	0.000513	0.161892	0.014868
19	G	732	62625	59396	0.012324	0	6	62625	311	45409	43034	0.007227	0	42	45409	0	0	0	nan	0	0	0	0.005097	0.000613	0.005097	0.000613	0.147720	0.017766
20	U	1184	63331	60364	0.019614	0	6	63331	1230	45975	43701	0.028146	0	43	45975	0	0	0	nan	0	0	0	-0.008531	0.000984	-0.008531	0.000984	-0.247243	0.028518
21	U	104	63834	60111	0.001730	0	7	63834	110	46440	43591	0.002523	0	43	46440	0	0	0	nan	0	0	0	-0.000793	0.000294	-0.000793	0.000294	-0.022982	0.008521
22	A	88	64144	60714	0.001449	0	7	64144	79	46743	44075	0.001792	0	44	46743	0	0	0	nan	0	0	0	-0.000343	0.000254	-0.000343	0.000254	-0.009941	0.007361
23	G	299	64225	61039	0.004899	0	7	64225	91	46772	44389	0.002050	0	44	46772	0	0	0	nan	0	0	0	0.002848	0.000356	0.002848	0.000356	0.082540	0.010317
24	A	633	64270	62309	0.010159	0	7	64270	57	46807	45323	0.001258	0	44	46807	0	0	0	nan	0	0	0	0.008901	0.000437	0.008901	0.000437	0.257966	0.012665
25	A	876	64300	61645	0.014210	0	7	64300	246	46829	44909	0.005478	0	44	46829	0	0	0	nan	0	0	0	0.008733	0.000594	0.008733	0.000594	0.253097	0.017215
26	U	401	64338	61755	0.006493	0	7	64338	303	46875	45065	0.006724	0	44	46875	0	0	0	nan	0	0	0	-0.000230	0.000504	-0.000230	0.000504	-0.006666	0.014607
27	A	842	64372	61263	0.013744	0	7	64372	220	46936	44787	0.004912	0	45	46936	0	0	0	nan	0	0	0	0.008832	0.000578	0.008832	0.000578	0.255966	0.016751
28	C	455	64360	60320	0.007543	0	7	64360	289	46922	44022	0.006565	0	45	46922	0	0	0	nan	0	0	0	0.000978	0.000524	0.000978	0.000524	0.028344	0.015186
29	C	385	64345	59192	0.006504	0	7	64345	284	46909	43231	0.006569	0	46	46909	0	0	0	nan	0	0	0	-0.000065	0.000512	-0.000065	0.000512	-0.001884	0.014839
30	U	397	64368	58630	0.006771	0	7	64368	258	46948	42822	0.006025	0	46	46948	0	0	0	nan	0	0	0	0.000746	0.000506	0.000746	0.000506	0.021620	0.014665
31	G	2167	64359	59795	0.036240	0	7	64359	648	46951	43649	0.014846	0	46	46951	0	0	0	nan	0	0	0	0.021395	0.000973	0.021395	0.000973	0.620063	0.028199
32	C	500	64371	60263	0.008297	0	7	64371	403	46955	44028	0.009153	0	46	46955	0	0	0	nan	0	0	0	-0.000856	0.000588	-0.000856	0.000588	-0.024808	0.017041
33	C	2275	64364	60640	0.037516	0	7	64364	267	46960	44300	0.006027	0	46	46960	0	0	0	nan	0	0	0	0.031489	0.000869	0.031489	0.000869	0.912604	0.025185
34	U	446	64385	60157	0.007414	0	7	64385	262	46973	44013	0.005953	0	46	46973	0	0	0	nan	0	0	0	0.001461	0.000508	0.001461	0.000508	0.042342	0.014723
35	G	1580	64396	60073	0.026301	0	7	64396	900	46971	43825	0.020536	0	46	46971	0	0	0	nan	0	0	0	0.005765	0.000952	0.005765	0.000952	0.167079	0.027591
36	U	1918	64596	60401	0.031754	0	7	64596	1542	47081	44031	0.035021	0	48	47081	0	0	0	nan	0	0	0	-0.003266	0.001149	-0.003266	0.001149	-0.094654	0.033300
37	C	3494	64639	59327	0.058894	0	7	64639	434	47102	43072	0.010076	0	50	47102	0	0	0	nan	0	0	0	0.048818	0.001108	0.048818	0.001108	1.414827	0.032112
38	A	880	64718	58927	0.014934	0	7	64718	532	47164	43253	0.012300	0	50	47164	0	0	0	nan	0	0	0	0.002634	0.000733	0.002634	0.000733	0.076338	0.021244
39	C	4662	64722	58900	0.079151	0	7	64722	362	47165	42908	0.008437	0	50	47165	0	0	0	nan	0	0	0	0.070714	0.001241	0.070714	0.001241	2.049410	0.035966
40	G	2084	64728	61046	0.034138	0	7	64728	511	47171	44633	0.011449	0	50	47171	0	0	0	nan	0	0	0	0.022689	0.000903	0.022689	0.000903	0.657565	0.026170
41	C	665	64727	61532	0.010807	0	7	64727	404	47167	44892	0.008999	0	50	47167	0	0	0	nan	0	0	0	0.001808	0.000613	0.001808	0.000613	0.052399	0.017766
42	A	463	64691	61968	0.007472	0	7	64691	164	47150	45187	0.003629	0	50	47150	0	0	0	nan	0	0	0	0.003842	0.000448	0.003842	0.000448	0.111348	0.012984
43	G	1497	64640	61128	0.024490	0	7	64640	768	47108	44529	0.017247	0	51	47108	0	0	0	nan	0	0	0	0.007242	0.000888	0.007242	0.000888	0.209885	0.025736
44	G	2273	64599	60311	0.037688	0	7	64599	913	47071	43886	0.020804	0	51	47071	0	0	0	nan	0	0	0	0.016884	0.001048	0.016884	0.001048	0.489326	0.030373
45	G	1011	64582	60163	0.016804	0	7	64582	447	47062	43775	0.010211	0	51	47062	0	0	0	nan	0	0	0	0.006593	0.000716	0.006593	0.000716	0.191076	0.020751
46	G	939	64551	59555	0.015767	0	7	64551	383	47039	43547	0.008795	0	51	47039	0	0	0	nan	0	0	0	0.006972	0.000683	0.006972	0.000683	0.202060	0.019794
47	G	15033	64529	59677	0.251906	0	7	64529	11554	47025	43493	0.265652	0	51	47025	0	0	0	nan	0	0	0	-0.013746	0.003214	nan	nan	nan	nan
48	U	781	64605	60439	0.012922	0	7	64605	561	47076	44063	0.012732	0	51	47076	0	0	0	nan	0	0	0	0.000190	0.000709	0.000190	0.000709	0.005507	0.020548
49	C	457	64602	59999	0.007617	0	7	64602	267	47070	43812	0.006094	0	51	47070	0	0	0	nan	0	0	0	0.001523	0.000516	0.001523	0.000516	0.044139	0.014955
50	G	1314	64594	61098	0.021506	0	7	64594	504	47058	44580	0.011306	0	52	47058	0	0	0	nan	0	0	0	0.010201	0.000778	0.010201	0.000778	0.295642	0.022548
51	C	749	64569	60614	0.012357	0	7	64569	514	47038	44209	0.011627	0	52	47038	0	0	0	nan	0	0	0	0.000730	0.000683	0.000730	0.000683	0.021157	0.019794
52	G	864	64526	61103	0.014140	0	7	64526	612	47002	44520	0.013747	0	53	47002	0	0	0	nan	0	0	0	0.000393	0.000735	0.000393	0.000735	0.011390	0.021302
53	G	943	64476	60136	0.015681	0	7	64476	556	46966	43852	0.012679	0	53	46966	0	0	0	nan	0	0	0	0.003002	0.000742	0.003002	0.000742	0.087003	0.021504
54	G	2031	64405	59190	0.034313	0	7	64405	436	46914	42946	0.010152	0	53	46914	0	0	0	nan	0	0	0	0.024161	0.000903	0.024161	0.000903	0.700226	0.026170
55	U	1414	64302	59304	0.023843	0	7	64302	1023	46832	43070	0.023752	0	53	46832	0	0	0	nan	0	0	0	0.000091	0.000976	0.000091	0.000976	0.002637	0.028286
56	U	1255	64196	57386	0.021869	0	7	64196	954	46758	42121	0.022649	0	53	46758	0	0	0	nan	0	0	0	-0.000780	0.000959	-0.000780	0.000959	-0.022606	0.027793
57	C	1292	64062	57101	0.022627	0	7	64062	471	46663	42182	0.011166	0	53	46663	0	0	0	nan	0	0	0	0.011461	0.000813	0.011461	0.000813	0.332159	0.023562
58	G	160	63993	55413	0.002887	0	7	63993	329	46606	40834	0.008057	0	53	46606	0	0	0	nan	0	0	0	-0.005170	0.000499	-0.005170	0.000499	-0.149835	0.014462
59	A	30564	63925	55285	0.552844	0	7	63925	196	46573	40542	0.004834	0	53	46573	0	0	0	nan	0	0	0	0.548010	0.003181	0.548010	0.003181	15.882243	0.092191
60	G	1148	63911	55867	0.020549	0	7	63911	885	46538	40561	0.021819	0	53	46538	0	0	0	nan	0	0	0	-0.001270	0.000952	-0.001270	0.000952	-0.036807	0.027591
61	U	742	63868	55642	0.013335	0	7	63868	662	46505	40877	0.016195	0	53	46505	0	0	0	nan	0	0	0	-0.002860	0.000797	-0.002860	0.000797	-0.082888	0.023098
62	C	353	63773	55372	0.006375	0	7	63773	272	46428	40437	0.006727	0	53	46428	0	0	0	nan	0	0	0	-0.000351	0.000531	-0.000351	0.000531	-0.010173	0.015389
63	C	318	63612	56102	0.005668	0	7	63612	290	46250	40889	0.007092	0	53	46250	0	0	0	nan	0	0	0	-0.001424	0.000524	-0.001424	0.000524	-0.041270	0.015186
64	C	390	63464	55159	0.007070	0	7	63464	380	46064	39869	0.009531	0	52	46064	0	0	0	nan	0	0	0	-0.002461	0.000606	-0.002461	0.000606	-0.071324	0.017563
65	G	2171	62754	48303	0.044945	0	7	62754	446	45270	30841	0.014461	0	52	45270	0	0	0	nan	0	0	0	0.030484	0.001183	0.030484	0.001183	0.883477	0.034285
66	U	981	61451	44983	0.021808	0	4	61451	752	43586	26669	0.028198	0	24	43586	0	0	0	nan	0	0	0	-0.006389	0.001242	-0.006389	0.001242	-0.185164	0.035995
67	C	221	61325	45553	0.004851	0	4	61325	156	43427	26494	0.005888	0	24	43427	0	0	0	nan	0	0	0	-0.001037	0.000573	-0.001037	0.000573	-0.030054	0.016606
68	C	156	61042	46839	0.003331	0	2	61042	163	43035	28248	0.005770	0	16	43035	0	0	0	nan	0	0	0	-0.002440	0.000525	-0.002440	0.000525	-0.070715	0.015215
69	G	2244	60696	45200	0.049646	0	2	60696	237	42578	27562	0.008599	0	15	42578	0	0	0	nan	0	0	0	0.041047	0.001188	0.041047	0.001188	1.189610	0.034430
70	U	679	60396	45437	0.014944	0	2	60396	473	42228	27542	0.017174	0	15	42228	0	0	0	nan	0	0	0	-0.002230	0.000976	-0.002230	0.000976	-0.064629	0.028286
71	U	718	60210	39503	0.018176	0	2	60210	614	42059	19642	0.031260	0	15	42059	0	0	0	nan	0	0	0	-0.013084	0.001432	-0.013084	0.001432	-0.379196	0.041502
72	C	370	59950	40622	0.009108	0	2	59950	172	41882	21075	0.008161	0	15	41882	0	0	0	nan	0	0	0	0.000947	0.000782	0.000947	0.000782	0.027446	0.022664
73	C	392	59908	37805	0.010369	0	2	59908	256	41851	18993	0.013479	0	15	41851	0	0	0	nan	0	0	0	-0.003110	0.000992	-0.003110	0.000992	-0.090133	0.028750
74	G	2132	59750	43189	0.049364	0	2	59750	396	41728	26616	0.014878	0	14	41728	0	0	0	nan	0	0	0	0.034486	0.001305	0.034486	0.001305	0.999462	0.037821
75	C	1307	59701	44006	0.029700	0	2	59701	151	41688	27168	0.005558	0	14	41688	0	0	0	nan	0	0	0	0.024142	0.000938	0.024142	0.000938	0.699675	0.027185
76	C	727	59541	41406	0.017558	0	2	59541	31	41561	24327	0.001274	0	14	41561	0	0	0	nan	0	0	0	0.016284	0.000690	0.016284	0.000690	0.471937	0.019997
77	A	0	57393	0	nan	0	2	57393	0	40691	0	nan	0	14	40691	0	0	0	nan	0	0	0	nan	nan	nan	nan	nan	nan