Nucleotide	Sequence	Modified_mutations	Modified_read_depth	Modified_effective_depth	Modified_rate	Modified_off_target_mapped_depth	Modified_low_mapq_mapped_depth	Modified_mapped_depth	Untreated_mutations	Untreated_read_depth	Untreated_effective_depth	Untreated_rate	Untreated_off_target_mapped_depth	Untreated_low_mapq_mapped_depth	Untreated_mapped_depth	Denatured_mutations	Denatured_read_depth	Denatured_effective_depth	Denatured_rate	Denatured_off_target_mapped_depth	Denatured_low_mapq_mapped_depth	Denatured_mapped_depth	Reactivity_profile	Std_err	HQ_profile	HQ_stderr
1	G	0	3	3	0.000000	0	0	3	0	6	5	0.000000	0	0	6	0	0	0	nan	0	0	0	0.000000	0.000000	nan	nan
2	G	0	3	3	0.000000	0	0	3	0	6	4	0.000000	0	0	6	0	0	0	nan	0	0	0	0.000000	0.000000	nan	nan
3	C	0	3	3	0.000000	0	0	3	0	6	4	0.000000	0	0	6	0	0	0	nan	0	0	0	0.000000	0.000000	nan	nan
4	C	0	3	3	0.000000	0	0	3	0	6	5	0.000000	0	0	6	0	0	0	nan	0	0	0	0.000000	0.000000	nan	nan
5	C	0	3	3	0.000000	0	0	3	0	6	6	0.000000	0	0	6	0	0	0	nan	0	0	0	0.000000	0.000000	nan	nan
6	C	1	3	3	0.333333	0	0	3	0	6	5	0.000000	0	0	6	0	0	0	nan	0	0	0	0.333333	0.333333	nan	nan
7	U	0	3	3	0.000000	0	0	3	0	6	5	0.000000	0	0	6	0	0	0	nan	0	0	0	0.000000	0.000000	nan	nan
8	U	0	3	3	0.000000	0	0	3	0	7	6	0.000000	0	0	7	0	0	0	nan	0	0	0	0.000000	0.000000	nan	nan
9	A	0	3	3	0.000000	0	0	3	0	9	7	0.000000	0	0	9	0	0	0	nan	0	0	0	0.000000	0.000000	nan	nan
10	G	0	3	3	0.000000	0	0	3	0	9	7	0.000000	0	0	9	0	0	0	nan	0	0	0	0.000000	0.000000	nan	nan
11	C	0	3	3	0.000000	0	0	3	0	9	8	0.000000	0	0	9	0	0	0	nan	0	0	0	0.000000	0.000000	nan	nan
12	U	0	3	3	0.000000	0	0	3	0	9	9	0.000000	0	0	9	0	0	0	nan	0	0	0	0.000000	0.000000	nan	nan
13	C	0	3	3	0.000000	0	0	3	0	10	10	0.000000	0	0	10	0	0	0	nan	0	0	0	0.000000	0.000000	nan	nan
14	A	0	3	3	0.000000	0	0	3	0	10	9	0.000000	0	0	10	0	0	0	nan	0	0	0	0.000000	0.000000	nan	nan
15	G	0	3	3	0.000000	0	0	3	0	10	9	0.000000	0	0	10	0	0	0	nan	0	0	0	0.000000	0.000000	nan	nan
16	U	0	3	3	0.000000	0	0	3	0	10	9	0.000000	0	0	10	0	0	0	nan	0	0	0	0.000000	0.000000	nan	nan
17	G	0	3	3	0.000000	0	0	3	0	10	10	0.000000	0	0	10	0	0	0	nan	0	0	0	0.000000	0.000000	nan	nan
18	G	0	3	3	0.000000	0	0	3	1	10	10	0.100000	0	0	10	0	0	0	nan	0	0	0	-0.100000	0.100000	nan	nan
19	U	0	3	3	0.000000	0	0	3	0	10	8	0.000000	0	0	10	0	0	0	nan	0	0	0	0.000000	0.000000	nan	nan
20	U	0	3	3	0.000000	0	0	3	0	10	8	0.000000	0	0	10	0	0	0	nan	0	0	0	0.000000	0.000000	nan	nan
21	A	0	3	3	0.000000	0	0	3	0	10	8	0.000000	0	0	10	0	0	0	nan	0	0	0	0.000000	0.000000	nan	nan
22	G	0	3	3	0.000000	0	0	3	0	10	9	0.000000	0	0	10	0	0	0	nan	0	0	0	0.000000	0.000000	nan	nan
23	A	0	3	3	0.000000	0	0	3	0	10	9	0.000000	0	0	10	0	0	0	nan	0	0	0	0.000000	0.000000	nan	nan
24	G	0	3	3	0.000000	0	0	3	0	10	10	0.000000	0	0	10	0	0	0	nan	0	0	0	0.000000	0.000000	nan	nan
25	C	0	3	3	0.000000	0	0	3	0	10	10	0.000000	0	0	10	0	0	0	nan	0	0	0	0.000000	0.000000	nan	nan
26	A	0	3	3	0.000000	0	0	3	0	10	10	0.000000	0	0	10	0	0	0	nan	0	0	0	0.000000	0.000000	nan	nan
27	G	0	3	3	0.000000	0	0	3	0	10	9	0.000000	0	0	10	0	0	0	nan	0	0	0	0.000000	0.000000	nan	nan
28	G	0	3	3	0.000000	0	0	3	0	10	9	0.000000	0	0	10	0	0	0	nan	0	0	0	0.000000	0.000000	nan	nan
29	C	0	3	3	0.000000	0	0	3	0	10	9	0.000000	0	0	10	0	0	0	nan	0	0	0	0.000000	0.000000	nan	nan
30	G	0	3	2	0.000000	0	0	3	0	10	9	0.000000	0	0	10	0	0	0	nan	0	0	0	0.000000	0.000000	nan	nan
31	A	0	3	2	0.000000	0	0	3	0	10	9	0.000000	0	0	10	0	0	0	nan	0	0	0	0.000000	0.000000	nan	nan
32	C	0	3	2	0.000000	0	0	3	1	10	9	0.111111	0	0	10	0	0	0	nan	0	0	0	-0.111111	0.111111	nan	nan
33	U	0	3	3	0.000000	0	0	3	0	11	9	0.000000	0	0	11	0	0	0	nan	0	0	0	0.000000	0.000000	nan	nan
34	C	1	6	6	0.166667	0	0	6	4	12	10	0.400000	0	0	12	0	0	0	nan	0	0	0	-0.233333	0.260342	nan	nan
35	A	0	101	98	0.000000	0	0	101	0	64	63	0.000000	0	0	64	0	0	0	nan	0	0	0	0.000000	0.000000	nan	nan
36	U	0	102	99	0.000000	0	0	102	0	67	67	0.000000	0	0	67	0	0	0	nan	0	0	0	0.000000	0.000000	nan	nan
37	A	4	104	103	0.038835	0	0	104	2	68	68	0.029412	0	0	68	0	0	0	nan	0	0	0	0.009423	0.028453	nan	nan
38	A	1	107	106	0.009434	0	0	107	1	69	68	0.014706	0	0	69	0	0	0	nan	0	0	0	-0.005272	0.017472	nan	nan
39	U	2	109	106	0.018868	0	0	109	3	70	69	0.043478	0	0	70	0	0	0	nan	0	0	0	-0.024610	0.028427	nan	nan
40	C	0	109	103	0.000000	0	0	109	0	70	67	0.000000	0	0	70	0	0	0	nan	0	0	0	0.000000	0.000000	nan	nan
41	G	0	109	104	0.000000	0	0	109	0	70	67	0.000000	0	0	70	0	0	0	nan	0	0	0	0.000000	0.000000	nan	nan
42	C	2	109	98	0.020408	0	0	109	2	70	64	0.031250	0	0	70	0	0	0	nan	0	0	0	-0.010842	0.026392	nan	nan
43	U	1	109	99	0.010101	0	0	109	1	70	65	0.015385	0	0	70	0	0	0	nan	0	0	0	-0.005284	0.018404	nan	nan
44	U	0	110	99	0.000000	0	0	110	2	70	64	0.031250	0	0	70	0	0	0	nan	0	0	0	-0.031250	0.022097	nan	nan
45	G	4	110	102	0.039216	0	0	110	0	70	66	0.000000	0	0	70	0	0	0	nan	0	0	0	0.039216	0.019608	nan	nan
46	G	3	110	103	0.029126	0	0	110	0	72	68	0.000000	0	0	72	0	0	0	nan	0	0	0	0.029126	0.016816	nan	nan
47	U	18	140	132	0.136364	0	0	140	16	103	99	0.161616	0	0	103	0	0	0	nan	0	0	0	-0.025253	0.051629	nan	nan
48	C	2	145	136	0.014706	0	0	145	0	108	105	0.000000	0	0	108	0	0	0	nan	0	0	0	0.014706	0.010399	nan	nan
49	G	1	145	134	0.007463	0	0	145	0	109	107	0.000000	0	0	109	0	0	0	nan	0	0	0	0.007463	0.007463	nan	nan
50	C	1	145	136	0.007353	0	0	145	0	109	107	0.000000	0	0	109	0	0	0	nan	0	0	0	0.007353	0.007353	nan	nan
51	U	1	145	138	0.007246	0	0	145	1	109	105	0.009524	0	0	109	0	0	0	nan	0	0	0	-0.002277	0.011967	nan	nan
52	G	1	145	138	0.007246	0	0	145	2	109	104	0.019231	0	0	109	0	0	0	nan	0	0	0	-0.011984	0.015408	nan	nan
53	G	2	145	138	0.014493	0	0	145	0	109	101	0.000000	0	0	109	0	0	0	nan	0	0	0	0.014493	0.010248	nan	nan
54	U	2	145	138	0.014493	0	0	145	1	110	104	0.009615	0	0	110	0	0	0	nan	0	0	0	0.004877	0.014053	nan	nan
55	U	2	145	137	0.014599	0	0	145	2	111	104	0.019231	0	0	111	0	0	0	nan	0	0	0	-0.004632	0.017072	nan	nan
56	C	0	145	130	0.000000	0	0	145	0	111	104	0.000000	0	0	111	0	0	0	nan	0	0	0	0.000000	0.000000	nan	nan
57	A	0	145	121	0.000000	0	0	145	0	111	101	0.000000	0	0	111	0	0	0	nan	0	0	0	0.000000	0.000000	nan	nan
58	A	4	145	120	0.033333	0	0	145	0	111	101	0.000000	0	0	111	0	0	0	nan	0	0	0	0.033333	0.016667	nan	nan
59	G	2	145	129	0.015504	0	0	145	1	111	104	0.009615	0	0	111	0	0	0	nan	0	0	0	0.005888	0.014582	nan	nan
60	U	2	145	135	0.014815	0	0	145	2	111	108	0.018519	0	0	111	0	0	0	nan	0	0	0	-0.003704	0.016769	nan	nan
61	C	1	145	126	0.007937	0	0	145	1	111	103	0.009709	0	0	111	0	0	0	nan	0	0	0	-0.001772	0.012540	nan	nan
62	C	0	145	117	0.000000	0	0	145	0	111	99	0.000000	0	0	111	0	0	0	nan	0	0	0	0.000000	0.000000	nan	nan
63	A	0	145	116	0.000000	0	0	145	0	111	100	0.000000	0	0	111	0	0	0	nan	0	0	0	0.000000	0.000000	nan	nan
64	G	1	145	125	0.008000	0	0	145	0	111	102	0.000000	0	0	111	0	0	0	nan	0	0	0	0.008000	0.008000	nan	nan
65	C	3	145	131	0.022901	0	0	145	0	111	106	0.000000	0	0	111	0	0	0	nan	0	0	0	0.022901	0.013222	nan	nan
66	A	0	145	134	0.000000	0	0	145	1	111	105	0.009524	0	0	111	0	0	0	nan	0	0	0	-0.009524	0.009524	nan	nan
67	G	0	145	132	0.000000	0	0	145	0	111	105	0.000000	0	0	111	0	0	0	nan	0	0	0	0.000000	0.000000	nan	nan
68	G	0	145	130	0.000000	0	0	145	4	111	103	0.038835	0	0	111	0	0	0	nan	0	0	0	-0.038835	0.019417	nan	nan
69	G	0	145	130	0.000000	0	0	145	0	111	105	0.000000	0	0	111	0	0	0	nan	0	0	0	0.000000	0.000000	nan	nan
70	G	0	145	132	0.000000	0	0	145	0	111	104	0.000000	0	0	111	0	0	0	nan	0	0	0	0.000000	0.000000	nan	nan
71	C	1	145	133	0.007519	0	0	145	0	111	103	0.000000	0	0	111	0	0	0	nan	0	0	0	0.007519	0.007519	nan	nan
72	C	1	145	76	0.013158	0	0	145	0	111	68	0.000000	0	0	111	0	0	0	nan	0	0	0	0.013158	0.013158	nan	nan
73	A	0	145	76	0.000000	0	0	145	0	111	67	0.000000	0	0	111	0	0	0	nan	0	0	0	0.000000	0.000000	nan	nan
74	C	0	145	77	0.000000	0	0	145	0	111	68	0.000000	0	0	111	0	0	0	nan	0	0	0	0.000000	0.000000	nan	nan
75	C	1	144	115	0.008696	0	0	144	0	111	96	0.000000	0	0	111	0	0	0	nan	0	0	0	0.008696	0.008696	nan	nan
76	A	0	143	0	nan	0	0	143	0	111	0	nan	0	0	111	0	0	0	nan	0	0	0	nan	nan	nan	nan