0.000000
0.000000
0.223925
0.551940
0.129819
0.000000
0.194089
0.000000
0.850000
0.206332
0.018158
0.000000
0.037672
0.487783
0.000000
0.000000
0.063177
0.000000
0.212925
0.066944
0.033265
0.000000
0.241029
0.850000
0.074855
0.160259
0.157622
0.162707
0.136638
0.142364
0.135998
0.038916
0.051084
0.838891
0.850000
0.034809
0.000000
0.083633
0.113809
0.253875
0.850000
0.189945
0.637871
0.085291
0.171900
0.000000
0.049351
0.042683
0.328127
0.291434
0.054361
0.175215
0.395900
0.026032
0.120891
0.000000
0.000000
0.850000
0.038652
0.000000
0.000000
0.000000
0.162594
0.000000
0.103524
0.047995
0.000000
0.000000
0.077191
0.100962
0.850000
0.057488
0.850000
0.850000
0.850000
0.000000
