0.000000
0.000000
0.129795
0.527155
0.850000
0.009617
0.042996
0.000000
0.850000
0.178583
0.125700
0.109617
0.594639
0.850000
0.296363
0.850000
0.403206
0.345582
0.534671
0.000000
0.850000
0.111180
0.850000
0.040356
0.850000
0.016595
0.037850
0.331331
0.388578
0.000000
0.000000
0.043077
0.000000
0.000000
0.387769
0.041110
0.000000
0.000000
0.005172
0.000000
0.132812
0.105442
0.187231
0.057947
0.000000
0.018050
0.055334
0.000000
0.015140
0.001859
0.131519
0.380550
0.000000
0.000000
0.040679
0.000000
0.850000
0.000000
0.000000
0.000000
0.049165
0.578502
0.134510
0.839547
0.009779
0.000000
0.000000
0.007947
0.013955
0.015814
0.160830
0.564413
0.849488
0.395151
0.000000
