Nucleotide	Sequence	Modified_mutations	Modified_read_depth	Modified_effective_depth	Modified_rate	Modified_off_target_mapped_depth	Modified_low_mapq_mapped_depth	Modified_mapped_depth	Untreated_mutations	Untreated_read_depth	Untreated_effective_depth	Untreated_rate	Untreated_off_target_mapped_depth	Untreated_low_mapq_mapped_depth	Untreated_mapped_depth	Denatured_mutations	Denatured_read_depth	Denatured_effective_depth	Denatured_rate	Denatured_off_target_mapped_depth	Denatured_low_mapq_mapped_depth	Denatured_mapped_depth	Reactivity_profile	Std_err	HQ_profile	HQ_stderr	Norm_profile	Norm_stderr
1	G	0	626	605	0.000000	0	0	626	0	922	898	0.000000	0	0	922	0	0	0	nan	0	0	0	0.000000	0.000000	0.000000	0.000000	0.000000	0.000000
2	C	0	685	657	0.000000	0	0	685	0	967	937	0.000000	0	0	967	0	0	0	nan	0	0	0	0.000000	0.000000	0.000000	0.000000	0.000000	0.000000
3	C	3	696	673	0.004458	0	0	696	3	974	945	0.003175	0	0	974	0	0	0	nan	0	0	0	0.001283	0.003160	0.001283	0.003160	0.033077	0.081468
4	G	31	705	682	0.045455	0	0	705	4	982	953	0.004197	0	0	982	0	0	0	nan	0	0	0	0.041257	0.008429	0.041257	0.008429	1.063654	0.217309
5	A	7	706	677	0.010340	0	0	706	4	984	941	0.004251	0	0	984	0	0	0	nan	0	0	0	0.006089	0.004449	0.006089	0.004449	0.156982	0.114700
6	G	28	710	674	0.041543	0	0	710	18	986	940	0.019149	0	0	986	0	0	0	nan	0	0	0	0.022394	0.009056	0.022394	0.009056	0.577344	0.233474
7	G	46	714	665	0.069173	0	0	714	14	991	926	0.015119	0	0	991	0	0	0	nan	0	0	0	0.054054	0.010970	0.054054	0.010970	1.393575	0.282819
8	U	16	729	674	0.023739	0	0	729	19	1013	940	0.020213	0	0	1013	0	0	0	nan	0	0	0	0.003526	0.007532	0.003526	0.007532	0.090904	0.194184
9	G	9	734	678	0.013274	0	0	734	8	1019	942	0.008493	0	0	1019	0	0	0	nan	0	0	0	0.004782	0.005347	0.004782	0.005347	0.123286	0.137852
10	G	117	749	705	0.165957	0	0	749	15	1028	963	0.015576	0	0	1028	0	0	0	nan	0	0	0	0.150381	0.015861	0.150381	0.015861	3.876998	0.408915
11	U	7	785	739	0.009472	0	0	785	11	1049	988	0.011134	0	0	1049	0	0	0	nan	0	0	0	-0.001661	0.004908	-0.001661	0.004908	-0.042823	0.126534
12	G	17	791	741	0.022942	0	0	791	15	1061	1004	0.014940	0	0	1061	0	0	0	nan	0	0	0	0.008002	0.006771	0.008002	0.006771	0.206301	0.174564
13	G	18	810	769	0.023407	0	0	810	8	1081	1031	0.007759	0	0	1081	0	0	0	nan	0	0	0	0.015648	0.006162	0.015648	0.006162	0.403424	0.158864
14	A	4	828	788	0.005076	0	0	828	2	1191	1135	0.001762	0	0	1191	0	0	0	nan	0	0	0	0.003314	0.002827	0.003314	0.002827	0.085439	0.072883
15	A	116	844	815	0.142331	0	0	844	163	1208	1166	0.139794	0	0	1208	0	0	0	nan	0	0	0	0.002537	0.017162	nan	nan	nan	nan
16	U	41	2760	2687	0.015259	0	0	2760	98	5874	5715	0.017148	0	0	5874	0	0	0	nan	0	0	0	-0.001889	0.002946	-0.001889	0.002946	-0.048701	0.075951
17	U	4	3160	3055	0.001309	0	0	3160	17	6799	6561	0.002591	0	0	6799	0	0	0	nan	0	0	0	-0.001282	0.000907	-0.001282	0.000907	-0.033051	0.023384
18	G	45	3280	3150	0.014286	0	0	3280	115	7223	6955	0.016535	0	0	7223	0	0	0	nan	0	0	0	-0.002249	0.002629	-0.002249	0.002629	-0.057982	0.067779
19	G	137	3453	3324	0.041215	0	0	3453	96	7418	7167	0.013395	0	0	7418	0	0	0	nan	0	0	0	0.027821	0.003777	0.027821	0.003777	0.717258	0.097375
20	U	66	3738	3633	0.018167	0	0	3738	119	7514	7301	0.016299	0	0	7514	0	0	0	nan	0	0	0	0.001868	0.002689	0.001868	0.002689	0.048159	0.069326
21	A	10	3778	3675	0.002721	0	0	3778	29	7548	7303	0.003971	0	0	7548	0	0	0	nan	0	0	0	-0.001250	0.001133	-0.001250	0.001133	-0.032226	0.029210
22	G	71	3825	3425	0.020730	0	0	3825	35	7580	6462	0.005416	0	0	7580	0	0	0	nan	0	0	0	0.015314	0.002625	0.015314	0.002625	0.394813	0.067676
23	A	645	3878	3468	0.185986	0	0	3878	50	7622	6483	0.007712	0	0	7622	0	0	0	nan	0	0	0	0.178274	0.007404	0.178274	0.007404	4.596112	0.190884
24	C	20	3925	3296	0.006068	0	0	3925	21	7633	6040	0.003477	0	0	7633	0	0	0	nan	0	0	0	0.002591	0.001555	0.002591	0.001555	0.066799	0.040090
25	A	59	3947	3560	0.016573	0	0	3947	35	7669	6849	0.005110	0	0	7669	0	0	0	nan	0	0	0	0.011463	0.002324	0.011463	0.002324	0.295530	0.059915
26	C	23	3958	3526	0.006523	0	0	3958	32	7678	6807	0.004701	0	0	7678	0	0	0	nan	0	0	0	0.001822	0.001594	0.001822	0.001594	0.046973	0.041095
27	G	77	3961	3807	0.020226	0	0	3961	53	7685	7450	0.007114	0	0	7685	0	0	0	nan	0	0	0	0.013112	0.002504	0.013112	0.002504	0.338043	0.064556
28	C	68	3962	3780	0.017989	0	0	3962	99	7693	7441	0.013305	0	0	7693	0	0	0	nan	0	0	0	0.004685	0.002559	0.004685	0.002559	0.120785	0.065974
29	U	32	3978	3798	0.008425	0	0	3978	54	7738	7414	0.007284	0	0	7738	0	0	0	nan	0	0	0	0.001142	0.001789	0.001142	0.001789	0.029442	0.046123
30	A	33	3989	3803	0.008677	0	0	3989	49	7761	7387	0.006633	0	0	7761	0	0	0	nan	0	0	0	0.002044	0.001783	0.002044	0.001783	0.052697	0.045968
31	C	36	3994	3764	0.009564	0	0	3994	55	7773	7302	0.007532	0	0	7773	0	0	0	nan	0	0	0	0.002032	0.001890	0.002032	0.001890	0.052387	0.048726
32	C	39	3999	3775	0.010331	0	0	3999	74	7783	7380	0.010027	0	0	7783	0	0	0	nan	0	0	0	0.000304	0.002024	0.000304	0.002024	0.007837	0.052181
33	U	58	4023	3770	0.015385	0	0	4023	130	7823	7367	0.017646	0	0	7823	0	0	0	nan	0	0	0	-0.002262	0.002545	-0.002262	0.002545	-0.058317	0.065613
34	U	91	4037	3801	0.023941	0	0	4037	160	7845	7464	0.021436	0	0	7845	0	0	0	nan	0	0	0	0.002505	0.003028	0.002505	0.003028	0.064582	0.078065
35	G	187	4050	3887	0.048109	0	0	4050	48	7859	7574	0.006337	0	0	7859	0	0	0	nan	0	0	0	0.041772	0.003635	0.041772	0.003635	1.076931	0.093715
36	A	194	4059	3911	0.049604	0	0	4059	298	7861	7606	0.039180	0	0	7861	0	0	0	nan	0	0	0	0.010424	0.004223	0.010424	0.004223	0.268743	0.108874
37	G	62	4070	3898	0.015906	0	0	4070	33	7874	7601	0.004342	0	0	7874	0	0	0	nan	0	0	0	0.011564	0.002157	0.011564	0.002157	0.298133	0.055610
38	G	1712	4069	3847	0.445022	0	0	4069	3553	7877	7444	0.477297	0	0	7877	0	0	0	nan	0	0	0	-0.032275	0.013409	nan	nan	nan	nan
39	U	35	4100	3869	0.009046	0	0	4100	130	7929	7501	0.017331	0	0	7929	0	0	0	nan	0	0	0	-0.008285	0.002156	-0.008285	0.002156	-0.213597	0.055584
40	G	20	4121	3880	0.005155	0	0	4121	32	7942	7461	0.004289	0	0	7942	0	0	0	nan	0	0	0	0.000866	0.001380	0.000866	0.001380	0.022326	0.035578
41	G	169	4135	3912	0.043200	0	0	4135	57	7949	7475	0.007625	0	0	7949	0	0	0	nan	0	0	0	0.035575	0.003473	0.035575	0.003473	0.917165	0.089538
42	U	26	4147	3966	0.006556	0	0	4147	67	7956	7571	0.008850	0	0	7956	0	0	0	nan	0	0	0	-0.002294	0.001680	-0.002294	0.001680	-0.059142	0.043312
43	A	24	4146	3998	0.006003	0	0	4146	22	7960	7676	0.002866	0	0	7960	0	0	0	nan	0	0	0	0.003137	0.001369	0.003137	0.001369	0.080876	0.035294
44	G	188	4150	3923	0.047923	0	0	4150	90	7955	7541	0.011935	0	0	7955	0	0	0	nan	0	0	0	0.035988	0.003715	0.035988	0.003715	0.927813	0.095777
45	U	37	4147	3866	0.009571	0	0	4147	66	7951	7472	0.008833	0	0	7951	0	0	0	nan	0	0	0	0.000738	0.001913	0.000738	0.001913	0.019027	0.049319
46	G	99	4146	3826	0.025876	0	0	4146	93	7952	7321	0.012703	0	0	7952	0	0	0	nan	0	0	0	0.013172	0.002915	0.013172	0.002915	0.339590	0.075152
47	C	26	4149	3789	0.006862	0	0	4149	55	7952	7267	0.007568	0	0	7952	0	0	0	nan	0	0	0	-0.000706	0.001689	-0.000706	0.001689	-0.018202	0.043544
48	C	14	4149	3632	0.003855	0	0	4149	21	7951	6931	0.003030	0	0	7951	0	0	0	nan	0	0	0	0.000825	0.001224	0.000825	0.001224	0.021269	0.031556
49	C	17	4149	3706	0.004587	0	0	4149	16	7951	7102	0.002253	0	0	7951	0	0	0	nan	0	0	0	0.002334	0.001247	0.002334	0.001247	0.060173	0.032149
50	A	265	4150	3699	0.071641	0	0	4150	13	7950	7034	0.001848	0	0	7950	0	0	0	nan	0	0	0	0.069793	0.004431	0.069793	0.004431	1.799345	0.114236
51	A	176	4150	3906	0.045059	0	0	4150	47	7952	7429	0.006327	0	0	7952	0	0	0	nan	0	0	0	0.038732	0.003520	0.038732	0.003520	0.998556	0.090750
52	U	24	4156	3896	0.006160	0	0	4156	55	7950	7421	0.007411	0	0	7950	0	0	0	nan	0	0	0	-0.001251	0.001606	-0.001251	0.001606	-0.032252	0.041405
53	A	107	4155	3940	0.027157	0	0	4155	22	7949	7534	0.002920	0	0	7949	0	0	0	nan	0	0	0	0.024237	0.002698	0.024237	0.002698	0.624858	0.069558
54	G	118	4153	3842	0.030713	0	0	4153	90	7951	7387	0.012184	0	0	7951	0	0	0	nan	0	0	0	0.018530	0.003105	0.018530	0.003105	0.477725	0.080051
55	G	108	4151	3783	0.028549	0	0	4151	64	7947	7239	0.008841	0	0	7947	0	0	0	nan	0	0	0	0.019708	0.002961	0.019708	0.002961	0.508095	0.076338
56	G	165	4151	3771	0.043755	0	0	4151	59	7947	7227	0.008164	0	0	7947	0	0	0	nan	0	0	0	0.035591	0.003568	0.035591	0.003568	0.917578	0.091987
57	C	21	4151	3856	0.005446	0	0	4151	44	7947	7381	0.005961	0	0	7947	0	0	0	nan	0	0	0	-0.000515	0.001490	-0.000515	0.001490	-0.013277	0.038414
58	U	40	4156	3866	0.010347	0	0	4156	103	7955	7464	0.013800	0	0	7955	0	0	0	nan	0	0	0	-0.003453	0.002127	-0.003453	0.002127	-0.089022	0.054837
59	U	16	4164	3921	0.004081	0	0	4164	28	7962	7506	0.003730	0	0	7962	0	0	0	nan	0	0	0	0.000350	0.001240	0.000350	0.001240	0.009023	0.031969
60	A	26	4173	3944	0.006592	0	0	4173	30	7973	7532	0.003983	0	0	7973	0	0	0	nan	0	0	0	0.002609	0.001483	0.002609	0.001483	0.067263	0.038233
61	C	31	4169	3931	0.007886	0	0	4169	54	7964	7502	0.007198	0	0	7964	0	0	0	nan	0	0	0	0.000688	0.001722	0.000688	0.001722	0.017737	0.044395
62	G	48	4165	3827	0.012542	0	0	4165	77	7954	7304	0.010542	0	0	7954	0	0	0	nan	0	0	0	0.002000	0.002173	0.002000	0.002173	0.051562	0.056022
63	G	63	4162	3761	0.016751	0	0	4162	81	7955	7150	0.011329	0	0	7955	0	0	0	nan	0	0	0	0.005422	0.002457	0.005422	0.002457	0.139786	0.063344
64	G	108	4160	3748	0.028815	0	0	4160	77	7953	7084	0.010870	0	0	7953	0	0	0	nan	0	0	0	0.017946	0.003037	0.017946	0.003037	0.462669	0.078297
65	U	76	4158	3792	0.020042	0	0	4158	144	7954	7166	0.020095	0	0	7954	0	0	0	nan	0	0	0	-0.000053	0.002844	-0.000053	0.002844	-0.001366	0.073322
66	U	65	4160	3800	0.017105	0	0	4160	128	7951	7201	0.017775	0	0	7951	0	0	0	nan	0	0	0	-0.000670	0.002640	-0.000670	0.002640	-0.017273	0.068062
67	C	155	4158	3857	0.040187	0	0	4158	51	7949	7371	0.006919	0	0	7949	0	0	0	nan	0	0	0	0.033268	0.003370	0.033268	0.003370	0.857688	0.086883
68	A	45	4158	3863	0.011649	0	0	4158	21	7944	7443	0.002821	0	0	7944	0	0	0	nan	0	0	0	0.008828	0.001842	0.008828	0.001842	0.227596	0.047489
69	A	1971	4156	3859	0.510754	0	0	4156	42	7942	7464	0.005627	0	0	7942	0	0	0	nan	0	0	0	0.505127	0.011537	0.505127	0.011537	13.022765	0.297437
70	G	49	4152	3842	0.012754	0	0	4152	116	7932	7353	0.015776	0	0	7932	0	0	0	nan	0	0	0	-0.003022	0.002338	-0.003022	0.002338	-0.077911	0.060276
71	U	44	4149	3814	0.011536	0	0	4149	107	7924	7278	0.014702	0	0	7924	0	0	0	nan	0	0	0	-0.003165	0.002246	-0.003165	0.002246	-0.081597	0.057905
72	C	27	4145	3715	0.007268	0	0	4145	61	7921	7044	0.008660	0	0	7921	0	0	0	nan	0	0	0	-0.001392	0.001785	-0.001392	0.001785	-0.035887	0.046019
73	C	25	4144	3706	0.006746	0	0	4144	27	7914	7016	0.003848	0	0	7914	0	0	0	nan	0	0	0	0.002897	0.001539	0.002897	0.001539	0.074688	0.039677
74	C	23	4141	3605	0.006380	0	0	4141	22	7904	6851	0.003211	0	0	7904	0	0	0	nan	0	0	0	0.003169	0.001496	0.003169	0.001496	0.081701	0.038569
75	G	77	4135	3585	0.021478	0	0	4135	42	7896	6698	0.006271	0	0	7896	0	0	0	nan	0	0	0	0.015208	0.002632	0.015208	0.002632	0.392080	0.067856
76	U	56	4134	3612	0.015504	0	0	4134	97	7891	6743	0.014385	0	0	7891	0	0	0	nan	0	0	0	0.001119	0.002535	0.001119	0.002535	0.028849	0.065355
77	C	13	4130	3608	0.003603	0	0	4130	18	7886	6783	0.002654	0	0	7886	0	0	0	nan	0	0	0	0.000949	0.001179	0.000949	0.001179	0.024466	0.030396
78	C	9	4122	3715	0.002423	0	0	4122	27	7883	7111	0.003797	0	0	7883	0	0	0	nan	0	0	0	-0.001374	0.001089	-0.001374	0.001089	-0.035423	0.028076
79	U	41	4116	3724	0.011010	0	0	4116	84	7870	7135	0.011773	0	0	7870	0	0	0	nan	0	0	0	-0.000763	0.002146	-0.000763	0.002146	-0.019671	0.055326
80	C	26	4111	3712	0.007004	0	0	4111	41	7861	7069	0.005800	0	0	7861	0	0	0	nan	0	0	0	0.001204	0.001645	0.001204	0.001645	0.031041	0.042410
81	G	48	4108	3587	0.013382	0	0	4108	55	7853	6845	0.008035	0	0	7853	0	0	0	nan	0	0	0	0.005347	0.002215	0.005347	0.002215	0.137852	0.057105
82	G	178	4103	3525	0.050496	0	0	4103	59	7841	6730	0.008767	0	0	7841	0	0	0	nan	0	0	0	0.041730	0.003953	0.041730	0.003953	1.075848	0.101913
83	U	14	4101	3358	0.004169	0	0	4101	35	7841	6401	0.005468	0	0	7841	0	0	0	nan	0	0	0	-0.001299	0.001448	-0.001299	0.001448	-0.033490	0.037331
84	A	62	4087	3380	0.018343	0	0	4087	29	7834	6447	0.004498	0	0	7834	0	0	0	nan	0	0	0	0.013845	0.002475	0.013845	0.002475	0.356940	0.063808
85	C	144	4015	3300	0.043636	0	0	4015	25	7724	6286	0.003977	0	0	7724	0	0	0	nan	0	0	0	0.039659	0.003722	0.039659	0.003722	1.022455	0.095958
86	C	79	4002	3304	0.023910	0	0	4002	5	7703	6581	0.000760	0	0	7703	0	0	0	nan	0	0	0	0.023151	0.002712	0.023151	0.002712	0.596860	0.069919
87	A	0	3817	0	nan	0	0	3817	0	7547	0	nan	0	0	7547	0	0	0	nan	0	0	0	nan	nan	nan	nan	nan	nan