Nucleotide	Sequence	Modified_mutations	Modified_read_depth	Modified_effective_depth	Modified_rate	Modified_off_target_mapped_depth	Modified_low_mapq_mapped_depth	Modified_mapped_depth	Untreated_mutations	Untreated_read_depth	Untreated_effective_depth	Untreated_rate	Untreated_off_target_mapped_depth	Untreated_low_mapq_mapped_depth	Untreated_mapped_depth	Denatured_mutations	Denatured_read_depth	Denatured_effective_depth	Denatured_rate	Denatured_off_target_mapped_depth	Denatured_low_mapq_mapped_depth	Denatured_mapped_depth	Reactivity_profile	Std_err	HQ_profile	HQ_stderr	Norm_profile	Norm_stderr
1	G	0	27424	26213	0.000000	0	33	27424	0	28215	26941	0.000000	0	63	28215	0	0	0	nan	0	0	0	0.000000	0.000000	0.000000	0.000000	0.000000	0.000000
2	G	0	28692	26839	0.000000	0	33	28692	0	28923	26930	0.000000	0	65	28923	0	0	0	nan	0	0	0	0.000000	0.000000	0.000000	0.000000	0.000000	0.000000
3	G	363	29293	27244	0.013324	0	34	29293	205	29242	27103	0.007564	0	67	29242	0	0	0	nan	0	0	0	0.005760	0.000876	0.005760	0.000876	0.129552	0.019703
4	G	1450	29360	27598	0.052540	0	35	29360	243	29266	27461	0.008849	0	67	29266	0	0	0	nan	0	0	0	0.043691	0.001492	0.043691	0.001492	0.982681	0.033557
5	C	303	29557	28171	0.010756	0	35	29557	270	29334	27938	0.009664	0	67	29334	0	0	0	nan	0	0	0	0.001091	0.000853	0.001091	0.000853	0.024538	0.019185
6	U	148	30157	29352	0.005042	0	35	30157	127	29813	28993	0.004380	0	68	29813	0	0	0	nan	0	0	0	0.000662	0.000568	0.000662	0.000568	0.014889	0.012775
7	A	142	30960	30091	0.004719	0	35	30960	87	30373	29476	0.002952	0	69	30373	0	0	0	nan	0	0	0	0.001767	0.000507	0.001767	0.000507	0.039743	0.011403
8	U	6895	32009	30946	0.222807	0	36	32009	4699	31184	30446	0.154339	0	71	31184	0	0	0	nan	0	0	0	0.068469	0.003503	nan	nan	nan	nan
9	A	1835	33558	32502	0.056458	0	36	33558	65	32387	31354	0.002073	0	72	32387	0	0	0	nan	0	0	0	0.054385	0.001343	0.054385	0.001343	1.223207	0.030206
10	G	508	35181	34147	0.014877	0	36	35181	407	32519	31495	0.012923	0	72	32519	0	0	0	nan	0	0	0	0.001954	0.000920	0.001954	0.000920	0.043949	0.020692
11	C	217	35492	34411	0.006306	0	36	35492	170	32697	31574	0.005384	0	72	32697	0	0	0	nan	0	0	0	0.000922	0.000595	0.000922	0.000595	0.020737	0.013383
12	U	342	36394	35249	0.009702	0	36	36394	307	33214	32073	0.009572	0	72	33214	0	0	0	nan	0	0	0	0.000130	0.000757	0.000130	0.000757	0.002924	0.017026
13	C	176	36517	35209	0.004999	0	36	36517	91	33307	32088	0.002836	0	72	33307	0	0	0	nan	0	0	0	0.002163	0.000480	0.002163	0.000480	0.048649	0.010796
14	A	653	36677	35207	0.018547	0	36	36677	44	33485	32210	0.001366	0	72	33485	0	0	0	nan	0	0	0	0.017181	0.000754	0.017181	0.000754	0.386429	0.016959
15	G	526	36731	35377	0.014868	0	36	36731	282	33505	32311	0.008728	0	73	33505	0	0	0	nan	0	0	0	0.006141	0.000831	0.006141	0.000831	0.138121	0.018691
16	C	1556	36902	35509	0.043820	0	36	36902	367	33715	32495	0.011294	0	73	33715	0	0	0	nan	0	0	0	0.032526	0.001258	0.032526	0.001258	0.731562	0.028294
17	U	517	37079	35581	0.014530	0	36	37079	589	33867	32545	0.018098	0	73	33867	0	0	0	nan	0	0	0	-0.003568	0.000982	-0.003568	0.000982	-0.080250	0.022087
18	G	750	37195	35426	0.021171	0	36	37195	318	33978	32483	0.009790	0	74	33978	0	0	0	nan	0	0	0	0.011381	0.000948	0.011381	0.000948	0.255977	0.021322
19	G	1013	37458	35660	0.028407	0	36	37458	658	34101	32563	0.020207	0	74	34101	0	0	0	nan	0	0	0	0.008200	0.001190	0.008200	0.001190	0.184431	0.026765
20	G	2123	37547	36155	0.058719	0	36	37547	156	34180	32920	0.004739	0	74	34180	0	0	0	nan	0	0	0	0.053981	0.001330	0.053981	0.001330	1.214120	0.029914
21	A	406	37580	36402	0.011153	0	36	37580	216	34206	33107	0.006524	0	74	34206	0	0	0	nan	0	0	0	0.004629	0.000710	0.004629	0.000710	0.104114	0.015969
22	G	255	37593	35581	0.007167	0	36	37593	142	34217	32650	0.004349	0	74	34217	0	0	0	nan	0	0	0	0.002818	0.000578	0.002818	0.000578	0.063381	0.013000
23	A	369	37600	35324	0.010446	0	36	37600	110	34222	32394	0.003396	0	74	34222	0	0	0	nan	0	0	0	0.007050	0.000633	0.007050	0.000633	0.158566	0.014237
24	G	1383	37604	35150	0.039346	0	36	37604	353	34231	32240	0.010949	0	73	34231	0	0	0	nan	0	0	0	0.028397	0.001208	0.028397	0.001208	0.638695	0.027170
25	C	262	37610	35870	0.007304	0	34	37610	175	34239	32662	0.005358	0	70	34239	0	0	0	nan	0	0	0	0.001946	0.000606	0.001946	0.000606	0.043769	0.013630
26	G	602	37613	35946	0.016747	0	28	37613	437	34243	32729	0.013352	0	62	34243	0	0	0	nan	0	0	0	0.003395	0.000935	0.003395	0.000935	0.076359	0.021030
27	C	351	37618	36103	0.009722	0	28	37618	251	34255	32765	0.007661	0	64	34255	0	0	0	nan	0	0	0	0.002062	0.000709	0.002062	0.000709	0.046378	0.015947
28	C	275	37620	36043	0.007630	0	26	37620	293	34258	32746	0.008948	0	63	34258	0	0	0	nan	0	0	0	-0.001318	0.000696	-0.001318	0.000696	-0.029644	0.015654
29	U	226	37621	35797	0.006313	0	20	37621	168	34268	32604	0.005153	0	60	34268	0	0	0	nan	0	0	0	0.001161	0.000578	0.001161	0.000578	0.026113	0.013000
30	G	1265	37625	35687	0.035447	0	20	37625	426	34274	32534	0.013094	0	59	34274	0	0	0	nan	0	0	0	0.022353	0.001181	0.022353	0.001181	0.502755	0.026563
31	C	442	37636	35787	0.012351	0	19	37636	349	34285	32561	0.010718	0	59	34285	0	0	0	nan	0	0	0	0.001633	0.000821	0.001633	0.000821	0.036729	0.018466
32	U	545	37796	35990	0.015143	0	19	37796	571	34396	32744	0.017438	0	60	34396	0	0	0	nan	0	0	0	-0.002295	0.000976	-0.002295	0.000976	-0.051618	0.021952
33	U	462	37947	36126	0.012789	0	19	37947	468	34494	32808	0.014265	0	61	34494	0	0	0	nan	0	0	0	-0.001476	0.000888	-0.001476	0.000888	-0.033198	0.019973
34	U	1629	38068	35593	0.045767	0	18	38068	875	34572	32784	0.026690	0	61	34572	0	0	0	nan	0	0	0	0.019078	0.001449	0.019078	0.001449	0.429095	0.032590
35	G	1783	38119	36160	0.049309	0	18	38119	334	34586	32804	0.010182	0	62	34586	0	0	0	nan	0	0	0	0.039127	0.001294	0.039127	0.001294	0.880030	0.029104
36	C	2047	38172	35795	0.057187	0	19	38172	156	34610	32297	0.004830	0	63	34610	0	0	0	nan	0	0	0	0.052357	0.001322	0.052357	0.001322	1.177594	0.029734
37	A	1664	38218	36029	0.046185	0	19	38218	200	34650	32574	0.006140	0	63	34650	0	0	0	nan	0	0	0	0.040045	0.001213	0.040045	0.001213	0.900677	0.027282
38	C	3606	38231	35902	0.100440	0	19	38231	315	34651	32419	0.009717	0	63	34651	0	0	0	nan	0	0	0	0.090724	0.001760	0.090724	0.001760	2.040530	0.039585
39	G	981	38242	36544	0.026844	0	19	38242	301	34655	33117	0.009089	0	63	34655	0	0	0	nan	0	0	0	0.017755	0.001005	0.017755	0.001005	0.399339	0.022604
40	C	339	38249	36786	0.009215	0	19	38249	251	34659	33309	0.007536	0	63	34659	0	0	0	nan	0	0	0	0.001680	0.000690	0.001680	0.000690	0.037786	0.015519
41	A	288	38254	37004	0.007783	0	19	38254	116	34657	33580	0.003454	0	63	34657	0	0	0	nan	0	0	0	0.004329	0.000560	0.004329	0.000560	0.097366	0.012595
42	G	867	38245	36655	0.023653	0	19	38245	480	34652	33280	0.014423	0	63	34652	0	0	0	nan	0	0	0	0.009230	0.001039	0.009230	0.001039	0.207598	0.023369
43	G	1147	38236	36692	0.031260	0	19	38236	247	34647	33299	0.007418	0	63	34647	0	0	0	nan	0	0	0	0.023843	0.001037	0.023843	0.001037	0.536268	0.023324
44	A	445	38238	36750	0.012109	0	19	38238	250	34651	33311	0.007505	0	63	34651	0	0	0	nan	0	0	0	0.004604	0.000745	0.004604	0.000745	0.103551	0.016756
45	G	517	38232	36380	0.014211	0	19	38232	291	34643	33198	0.008766	0	63	34643	0	0	0	nan	0	0	0	0.005446	0.000809	0.005446	0.000809	0.122489	0.018196
46	G	7263	38219	36059	0.201420	0	19	38219	6645	34639	32684	0.203310	0	63	34639	0	0	0	nan	0	0	0	-0.001891	0.003436	nan	nan	nan	nan
47	U	489	38279	36300	0.013471	0	19	38279	417	34689	32949	0.012656	0	63	34689	0	0	0	nan	0	0	0	0.000815	0.000869	0.000815	0.000869	0.018331	0.019545
48	C	354	38279	36242	0.009768	0	19	38279	237	34688	32848	0.007215	0	63	34688	0	0	0	nan	0	0	0	0.002553	0.000699	0.002553	0.000699	0.057421	0.015722
49	U	342	38305	35952	0.009513	0	19	38305	287	34704	32613	0.008800	0	63	34704	0	0	0	nan	0	0	0	0.000713	0.000731	0.000713	0.000731	0.016037	0.016441
50	G	555	38307	35905	0.015457	0	19	38307	350	34708	32556	0.010751	0	63	34708	0	0	0	nan	0	0	0	0.004707	0.000872	0.004707	0.000872	0.105868	0.019613
51	C	437	38307	36153	0.012088	0	19	38307	358	34697	32751	0.010931	0	63	34697	0	0	0	nan	0	0	0	0.001157	0.000817	0.001157	0.000817	0.026023	0.018376
52	G	761	38301	36539	0.020827	0	19	38301	321	34695	33097	0.009699	0	63	34695	0	0	0	nan	0	0	0	0.011128	0.000929	0.011128	0.000929	0.250287	0.020895
53	G	1073	38293	36371	0.029502	0	19	38293	421	34689	32936	0.012782	0	63	34689	0	0	0	nan	0	0	0	0.016719	0.001095	0.016719	0.001095	0.376037	0.024628
54	U	676	38290	36418	0.018562	0	19	38290	711	34690	33002	0.021544	0	63	34690	0	0	0	nan	0	0	0	-0.002982	0.001078	-0.002982	0.001078	-0.067070	0.024246
55	U	680	38288	36463	0.018649	0	19	38288	636	34680	33127	0.019199	0	63	34680	0	0	0	nan	0	0	0	-0.000550	0.001045	-0.000550	0.001045	-0.012370	0.023504
56	C	520	38277	36346	0.014307	0	19	38277	370	34675	33068	0.011189	0	63	34675	0	0	0	nan	0	0	0	0.003118	0.000856	0.003118	0.000856	0.070129	0.019253
57	G	103	38272	35812	0.002876	0	19	38272	138	34670	32594	0.004234	0	63	34670	0	0	0	nan	0	0	0	-0.001358	0.000458	-0.001358	0.000458	-0.030544	0.010301
58	A	13028	38263	35630	0.365647	0	19	38263	252	34668	32492	0.007756	0	63	34668	0	0	0	nan	0	0	0	0.357891	0.003241	0.357891	0.003241	8.049549	0.072895
59	U	351	38259	35661	0.009843	0	19	38259	429	34657	32366	0.013255	0	63	34657	0	0	0	nan	0	0	0	-0.003412	0.000828	-0.003412	0.000828	-0.076741	0.018623
60	C	334	38258	35779	0.009335	0	19	38258	297	34650	32400	0.009167	0	63	34650	0	0	0	nan	0	0	0	0.000168	0.000737	0.000168	0.000737	0.003779	0.016576
61	C	170	38256	35684	0.004764	0	19	38256	223	34647	32202	0.006925	0	63	34647	0	0	0	nan	0	0	0	-0.002161	0.000590	-0.002161	0.000590	-0.048604	0.013270
62	C	135	38247	35477	0.003805	0	19	38247	151	34640	32014	0.004717	0	63	34640	0	0	0	nan	0	0	0	-0.000911	0.000505	-0.000911	0.000505	-0.020490	0.011358
63	G	741	38237	35683	0.020766	0	19	38237	564	34630	32272	0.017476	0	62	34630	0	0	0	nan	0	0	0	0.003290	0.001060	0.003290	0.001060	0.073997	0.023841
64	C	150	38225	36060	0.004160	0	17	38225	126	34599	32683	0.003855	0	45	34599	0	0	0	nan	0	0	0	0.000305	0.000483	0.000305	0.000483	0.006860	0.010863
65	A	268	38218	36479	0.007347	0	17	38218	270	34592	33161	0.008142	0	45	34592	0	0	0	nan	0	0	0	-0.000795	0.000669	-0.000795	0.000669	-0.017881	0.015047
66	U	233	38196	36791	0.006333	0	17	38196	172	34578	33422	0.005146	0	45	34578	0	0	0	nan	0	0	0	0.001187	0.000571	0.001187	0.000571	0.026698	0.012843
67	A	138	38191	36434	0.003788	0	17	38191	60	34573	33061	0.001815	0	45	34573	0	0	0	nan	0	0	0	0.001973	0.000399	0.001973	0.000399	0.044376	0.008974
68	G	1299	38184	36132	0.035952	0	17	38184	542	34560	32807	0.016521	0	45	34560	0	0	0	nan	0	0	0	0.019431	0.001224	0.019431	0.001224	0.437035	0.027530
69	C	328	38180	35840	0.009152	0	17	38180	240	34555	32517	0.007381	0	45	34555	0	0	0	nan	0	0	0	0.001771	0.000695	0.001771	0.000695	0.039833	0.015632
70	U	392	38168	35555	0.011025	0	17	38168	563	34547	32322	0.017418	0	45	34547	0	0	0	nan	0	0	0	-0.006393	0.000921	-0.006393	0.000921	-0.143789	0.020715
71	C	328	38149	35301	0.009292	0	17	38149	237	34536	32101	0.007383	0	45	34536	0	0	0	nan	0	0	0	0.001909	0.000702	0.001909	0.000702	0.042937	0.015789
72	C	233	38141	34278	0.006797	0	17	38141	228	34530	31252	0.007296	0	45	34530	0	0	0	nan	0	0	0	-0.000498	0.000657	-0.000498	0.000657	-0.011201	0.014777
73	A	1619	38116	34506	0.046919	0	17	38116	336	34501	31523	0.010659	0	45	34501	0	0	0	nan	0	0	0	0.036260	0.001303	0.036260	0.001303	0.815546	0.029307
74	C	1855	38059	34411	0.053907	0	17	38059	139	34477	31406	0.004426	0	43	34477	0	0	0	nan	0	0	0	0.049481	0.001307	0.049481	0.001307	1.112908	0.029397
75	C	1752	37910	33919	0.051652	0	17	37910	44	34444	31739	0.001386	0	40	34444	0	0	0	nan	0	0	0	0.050266	0.001252	0.050266	0.001252	1.130564	0.028160
76	A	0	36413	0	nan	0	17	36413	0	33924	0	nan	0	39	33924	0	0	0	nan	0	0	0	nan	nan	nan	nan	nan	nan