Nucleotide	Sequence	Modified_mutations	Modified_read_depth	Modified_effective_depth	Modified_rate	Modified_off_target_mapped_depth	Modified_low_mapq_mapped_depth	Modified_mapped_depth	Untreated_mutations	Untreated_read_depth	Untreated_effective_depth	Untreated_rate	Untreated_off_target_mapped_depth	Untreated_low_mapq_mapped_depth	Untreated_mapped_depth	Denatured_mutations	Denatured_read_depth	Denatured_effective_depth	Denatured_rate	Denatured_off_target_mapped_depth	Denatured_low_mapq_mapped_depth	Denatured_mapped_depth	Reactivity_profile	Std_err	HQ_profile	HQ_stderr	Norm_profile	Norm_stderr
1	G	0	21901	21407	0.000000	0	1	21901	0	20816	20326	0.000000	0	1	20816	0	0	0	nan	0	0	0	0.000000	0.000000	0.000000	0.000000	0.000000	0.000000
2	C	0	23056	21991	0.000000	0	1	23056	0	21285	20290	0.000000	0	1	21285	0	0	0	nan	0	0	0	0.000000	0.000000	0.000000	0.000000	0.000000	0.000000
3	G	379	23354	22065	0.017177	0	1	23354	158	21488	20270	0.007795	0	1	21488	0	0	0	nan	0	0	0	0.009382	0.001078	0.009382	0.001078	0.256804	0.029507
4	G	438	23486	21808	0.020084	0	1	23486	211	21544	19973	0.010564	0	1	21544	0	0	0	nan	0	0	0	0.009520	0.001204	0.009520	0.001204	0.260581	0.032956
5	G	1123	23599	22243	0.050488	0	1	23599	95	21598	20282	0.004684	0	1	21598	0	0	0	nan	0	0	0	0.045804	0.001581	0.045804	0.001581	1.253746	0.043275
6	A	186	23745	22810	0.008154	0	1	23745	34	21677	20790	0.001635	0	1	21677	0	0	0	nan	0	0	0	0.006519	0.000660	0.006519	0.000660	0.178438	0.018066
7	A	224	23988	23311	0.009609	0	3	23988	107	21820	21225	0.005041	0	1	21820	0	0	0	nan	0	0	0	0.004568	0.000806	0.004568	0.000806	0.125035	0.022062
8	U	291	24371	23703	0.012277	0	3	24371	264	21999	21425	0.012322	0	1	21999	0	0	0	nan	0	0	0	-0.000045	0.001046	-0.000045	0.001046	-0.001232	0.028631
9	A	925	24506	23650	0.039112	0	3	24506	37	22102	21370	0.001731	0	1	22102	0	0	0	nan	0	0	0	0.037381	0.001317	0.037381	0.001317	1.023192	0.036049
10	G	465	25298	24485	0.018991	0	3	25298	293	22138	21382	0.013703	0	1	22138	0	0	0	nan	0	0	0	0.005288	0.001190	0.005288	0.001190	0.144743	0.032573
11	C	128	25400	24476	0.005230	0	3	25400	107	22209	21360	0.005009	0	1	22209	0	0	0	nan	0	0	0	0.000220	0.000669	0.000220	0.000669	0.006022	0.018312
12	U	245	25876	24921	0.009831	0	3	25876	260	22684	21821	0.011915	0	1	22684	0	0	0	nan	0	0	0	-0.002084	0.000970	-0.002084	0.000970	-0.057043	0.026551
13	C	94	25959	25173	0.003734	0	3	25959	73	22872	22188	0.003290	0	1	22872	0	0	0	nan	0	0	0	0.000444	0.000545	0.000444	0.000545	0.012153	0.014918
14	A	237	26076	25179	0.009413	0	3	26076	20	23179	22359	0.000894	0	1	23179	0	0	0	nan	0	0	0	0.008518	0.000643	0.008518	0.000643	0.233155	0.017600
15	G	132	26135	24932	0.005294	0	3	26135	114	23208	22143	0.005148	0	1	23208	0	0	0	nan	0	0	0	0.000146	0.000667	0.000146	0.000667	0.003996	0.018257
16	U	626	26659	25174	0.024867	0	3	26659	778	24101	22742	0.034210	0	1	24101	0	0	0	nan	0	0	0	-0.009343	0.001579	-0.009343	0.001579	-0.255736	0.043220
17	U	37	26863	25346	0.001460	0	3	26863	24	24502	23154	0.001037	0	1	24502	0	0	0	nan	0	0	0	0.000423	0.000320	0.000423	0.000320	0.011578	0.008759
18	G	143	26959	25684	0.005568	0	3	26959	133	24723	23549	0.005648	0	1	24723	0	0	0	nan	0	0	0	-0.000080	0.000676	-0.000080	0.000676	-0.002190	0.018503
19	G	356	27078	25986	0.013700	0	3	27078	193	24842	23790	0.008113	0	1	24842	0	0	0	nan	0	0	0	0.005587	0.000932	0.005587	0.000932	0.152927	0.025511
20	U	205	27161	26347	0.007781	0	3	27161	318	24902	24068	0.013213	0	1	24902	0	0	0	nan	0	0	0	-0.005432	0.000919	-0.005432	0.000919	-0.148685	0.025155
21	A	99	27182	26478	0.003739	0	3	27182	55	24927	24184	0.002274	0	1	24927	0	0	0	nan	0	0	0	0.001465	0.000485	0.001465	0.000485	0.040100	0.013275
22	G	156	27223	25907	0.006022	0	3	27223	71	24954	23654	0.003002	0	1	24954	0	0	0	nan	0	0	0	0.003020	0.000599	0.003020	0.000599	0.082663	0.016396
23	A	250	27238	25679	0.009736	0	3	27238	57	24963	23446	0.002431	0	1	24963	0	0	0	nan	0	0	0	0.007304	0.000695	0.007304	0.000695	0.199925	0.019024
24	G	747	27236	25581	0.029201	0	3	27236	211	24956	23346	0.009038	0	1	24956	0	0	0	nan	0	0	0	0.020163	0.001236	0.020163	0.001236	0.551901	0.033832
25	C	121	27235	26053	0.004644	0	3	27235	90	24966	23865	0.003771	0	1	24966	0	0	0	nan	0	0	0	0.000873	0.000580	0.000873	0.000580	0.023896	0.015876
26	A	850	27245	26237	0.032397	0	3	27245	113	25011	24052	0.004698	0	1	25011	0	0	0	nan	0	0	0	0.027699	0.001196	0.027699	0.001196	0.758176	0.032737
27	C	281	27239	26040	0.010791	0	3	27239	193	25011	23850	0.008092	0	1	25011	0	0	0	nan	0	0	0	0.002699	0.000868	0.002699	0.000868	0.073877	0.023759
28	G	287	27236	25474	0.011266	0	3	27236	80	25004	23388	0.003421	0	1	25004	0	0	0	nan	0	0	0	0.007846	0.000767	0.007846	0.000767	0.214761	0.020994
29	A	256	27230	25385	0.010085	0	3	27230	177	25021	23344	0.007582	0	1	25021	0	0	0	nan	0	0	0	0.002502	0.000850	0.002502	0.000850	0.068485	0.023266
30	C	169	27220	25548	0.006615	0	3	27220	149	25019	23547	0.006328	0	1	25019	0	0	0	nan	0	0	0	0.000287	0.000726	0.000287	0.000726	0.007856	0.019872
31	C	160	27208	25976	0.006160	0	3	27208	121	25013	23876	0.005068	0	1	25013	0	0	0	nan	0	0	0	0.001092	0.000670	0.001092	0.000670	0.029890	0.018339
32	U	255	27208	25863	0.009860	0	3	27208	223	25023	23772	0.009381	0	1	25023	0	0	0	nan	0	0	0	0.000479	0.000881	0.000479	0.000881	0.013111	0.024115
33	U	272	27210	25717	0.010577	0	3	27210	197	25026	23681	0.008319	0	1	25026	0	0	0	nan	0	0	0	0.002258	0.000873	0.002258	0.000873	0.061806	0.023896
34	G	1401	27219	25743	0.054423	0	3	27219	329	25035	23751	0.013852	0	1	25035	0	0	0	nan	0	0	0	0.040571	0.001642	0.040571	0.001642	1.110508	0.044945
35	C	1719	27228	25612	0.067117	0	3	27228	329	25043	23669	0.013900	0	1	25043	0	0	0	nan	0	0	0	0.053217	0.001791	0.053217	0.001791	1.456655	0.049023
36	C	1665	27235	25981	0.064085	0	3	27235	133	25048	23957	0.005552	0	1	25048	0	0	0	nan	0	0	0	0.058534	0.001643	0.058534	0.001643	1.602191	0.044972
37	A	1452	27248	26202	0.055416	0	3	27248	42	25051	24102	0.001743	0	1	25051	0	0	0	nan	0	0	0	0.053673	0.001479	0.053673	0.001479	1.469136	0.040483
38	A	691	27248	26332	0.026242	0	3	27248	108	25044	24163	0.004470	0	1	25044	0	0	0	nan	0	0	0	0.021772	0.001087	0.021772	0.001087	0.595943	0.029753
39	G	808	27233	25827	0.031285	0	3	27233	376	25029	23701	0.015864	0	1	25029	0	0	0	nan	0	0	0	0.015421	0.001371	0.015421	0.001371	0.422103	0.037527
40	G	715	27222	25579	0.027953	0	3	27222	246	25017	23503	0.010467	0	1	25017	0	0	0	nan	0	0	0	0.017486	0.001240	0.017486	0.001240	0.478626	0.033941
41	U	586	27220	25767	0.022742	0	3	27220	590	25015	23644	0.024953	0	1	25015	0	0	0	nan	0	0	0	-0.002211	0.001392	-0.002211	0.001392	-0.060519	0.038102
42	C	329	27210	25876	0.012714	0	3	27210	228	25007	23792	0.009583	0	1	25007	0	0	0	nan	0	0	0	0.003131	0.000946	0.003131	0.000946	0.085702	0.025894
43	G	818	27192	25856	0.031637	0	3	27192	392	24988	23710	0.016533	0	2	24988	0	0	0	nan	0	0	0	0.015104	0.001386	0.015104	0.001386	0.413426	0.037938
44	G	425	27190	25587	0.016610	0	3	27190	244	24984	23443	0.010408	0	2	24984	0	0	0	nan	0	0	0	0.006202	0.001046	0.006202	0.001046	0.169761	0.028631
45	G	438	27182	25342	0.017284	0	3	27182	198	24980	23272	0.008508	0	2	24980	0	0	0	nan	0	0	0	0.008775	0.001024	0.008775	0.001024	0.240189	0.028029
46	G	6000	27175	25492	0.235368	0	3	27175	6075	24973	23339	0.260294	0	2	24973	0	0	0	nan	0	0	0	-0.024926	0.004515	nan	nan	nan	nan
47	U	368	27208	25853	0.014234	0	3	27208	311	24999	23666	0.013141	0	2	24999	0	0	0	nan	0	0	0	0.001093	0.001052	0.001093	0.001052	0.029918	0.028795
48	C	157	27196	25610	0.006130	0	3	27196	120	24987	23422	0.005123	0	2	24987	0	0	0	nan	0	0	0	0.001007	0.000677	0.001007	0.000677	0.027564	0.018531
49	G	731	27188	25823	0.028308	0	3	27188	280	24964	23664	0.011832	0	2	24964	0	0	0	nan	0	0	0	0.016476	0.001263	0.016476	0.001263	0.450981	0.034571
50	C	325	27157	25520	0.012735	0	3	27157	223	24937	23403	0.009529	0	2	24937	0	0	0	nan	0	0	0	0.003206	0.000952	0.003206	0.000952	0.087755	0.026058
51	G	257	27129	23406	0.010980	0	3	27129	99	24898	21603	0.004583	0	2	24898	0	0	0	nan	0	0	0	0.006397	0.000825	0.006397	0.000825	0.175099	0.022582
52	A	373	26915	22348	0.016691	0	3	26915	123	24710	20714	0.005938	0	2	24710	0	0	0	nan	0	0	0	0.010753	0.001017	0.010753	0.001017	0.294331	0.027837
53	G	776	26809	22148	0.035037	0	3	26809	217	24609	20447	0.010613	0	2	24609	0	0	0	nan	0	0	0	0.024424	0.001449	0.024424	0.001449	0.668533	0.039662
54	U	615	26729	23626	0.026031	0	3	26729	615	24525	21690	0.028354	0	2	24525	0	0	0	nan	0	0	0	-0.002323	0.001552	-0.002323	0.001552	-0.063585	0.042481
55	U	669	26536	19892	0.033632	0	3	26536	556	24347	18997	0.029268	0	2	24347	0	0	0	nan	0	0	0	0.004364	0.001798	0.004364	0.001798	0.119451	0.049215
56	C	415	26221	19503	0.021279	0	3	26221	306	24109	18660	0.016399	0	2	24109	0	0	0	nan	0	0	0	0.004880	0.001404	0.004880	0.001404	0.133575	0.038430
57	G	56	26153	18716	0.002992	0	3	26153	88	24032	17792	0.004946	0	2	24032	0	0	0	nan	0	0	0	-0.001954	0.000662	-0.001954	0.000662	-0.053485	0.018120
58	A	11633	25721	20932	0.555752	0	3	25721	80	23791	18998	0.004211	0	2	23791	0	0	0	nan	0	0	0	0.551541	0.005174	0.551541	0.005174	15.096768	0.141623
59	G	225	25673	20586	0.010930	0	3	25673	189	23674	18748	0.010081	0	2	23674	0	0	0	nan	0	0	0	0.000849	0.001034	0.000849	0.001034	0.023239	0.028303
60	U	221	25539	19185	0.011519	0	3	25539	295	23578	18529	0.015921	0	2	23578	0	0	0	nan	0	0	0	-0.004402	0.001208	-0.004402	0.001208	-0.120491	0.033065
61	C	118	25346	19088	0.006182	0	3	25346	163	23382	18403	0.008857	0	2	23382	0	0	0	nan	0	0	0	-0.002675	0.000897	-0.002675	0.000897	-0.073220	0.024553
62	U	213	25307	19058	0.011176	0	3	25307	190	23313	18329	0.010366	0	2	23313	0	0	0	nan	0	0	0	0.000810	0.001073	0.000810	0.001073	0.022171	0.029370
63	C	157	25285	20178	0.007781	0	2	25285	108	23289	18816	0.005740	0	2	23289	0	0	0	nan	0	0	0	0.002041	0.000831	0.002041	0.000831	0.055866	0.022746
64	G	751	25241	19222	0.039070	0	2	25241	183	23220	17681	0.010350	0	2	23220	0	0	0	nan	0	0	0	0.028720	0.001618	0.028720	0.001618	0.786123	0.044288
65	U	291	25214	20167	0.014430	0	2	25214	298	23194	18199	0.016375	0	2	23194	0	0	0	nan	0	0	0	-0.001945	0.001271	-0.001945	0.001271	-0.053238	0.034790
66	U	266	25201	20862	0.012750	0	2	25201	280	23175	18884	0.014827	0	2	23175	0	0	0	nan	0	0	0	-0.002077	0.001182	-0.002077	0.001182	-0.056852	0.032354
67	U	265	25154	19269	0.013753	0	2	25154	242	23130	17369	0.013933	0	2	23130	0	0	0	nan	0	0	0	-0.000180	0.001231	-0.000180	0.001231	-0.004927	0.033695
68	C	122	25060	18559	0.006574	0	2	25060	134	23051	16951	0.007905	0	2	23051	0	0	0	nan	0	0	0	-0.001332	0.000906	-0.001332	0.000906	-0.036459	0.024799
69	C	144	25024	18130	0.007943	0	2	25024	79	23021	16669	0.004739	0	2	23021	0	0	0	nan	0	0	0	0.003203	0.000850	0.003203	0.000850	0.087672	0.023266
70	C	121	24872	19322	0.006262	0	2	24872	61	22843	17869	0.003414	0	2	22843	0	0	0	nan	0	0	0	0.002849	0.000718	0.002849	0.000718	0.077983	0.019653
71	G	1089	24786	18976	0.057388	0	2	24786	163	22773	17344	0.009398	0	2	22773	0	0	0	nan	0	0	0	0.047990	0.001888	0.047990	0.001888	1.313581	0.051678
72	C	307	24780	18302	0.016774	0	2	24780	209	22763	16424	0.012725	0	2	22763	0	0	0	nan	0	0	0	0.004049	0.001301	0.004049	0.001301	0.110829	0.035611
73	U	200	24764	17237	0.011603	0	2	24764	161	22732	15393	0.010459	0	2	22732	0	0	0	nan	0	0	0	0.001144	0.001163	0.001144	0.001163	0.031314	0.031834
74	C	518	24735	17656	0.029338	0	2	24735	28	22719	15842	0.001767	0	2	22719	0	0	0	nan	0	0	0	0.027571	0.001332	0.027571	0.001332	0.754673	0.036459
75	C	222	24658	16885	0.013148	0	2	24658	15	22698	15582	0.000963	0	2	22698	0	0	0	nan	0	0	0	0.012185	0.000917	0.012185	0.000917	0.333528	0.025100
76	A	0	23710	0	nan	0	1	23710	0	22410	0	nan	0	2	22410	0	0	0	nan	0	0	0	nan	nan	nan	nan	nan	nan