Nucleotide	Sequence	Modified_mutations	Modified_read_depth	Modified_effective_depth	Modified_rate	Modified_off_target_mapped_depth	Modified_low_mapq_mapped_depth	Modified_mapped_depth	Untreated_mutations	Untreated_read_depth	Untreated_effective_depth	Untreated_rate	Untreated_off_target_mapped_depth	Untreated_low_mapq_mapped_depth	Untreated_mapped_depth	Denatured_mutations	Denatured_read_depth	Denatured_effective_depth	Denatured_rate	Denatured_off_target_mapped_depth	Denatured_low_mapq_mapped_depth	Denatured_mapped_depth	Reactivity_profile	Std_err	HQ_profile	HQ_stderr	Norm_profile	Norm_stderr
1	A	0	5504	5401	0.000000	0	0	5504	0	11184	10976	0.000000	0	0	11184	0	0	0	nan	0	0	0	0.000000	0.000000	0.000000	0.000000	0.000000	0.000000
2	G	0	5714	5495	0.000000	0	0	5714	0	11452	10965	0.000000	0	0	11452	0	0	0	nan	0	0	0	0.000000	0.000000	0.000000	0.000000	0.000000	0.000000
3	G	143	5962	5623	0.025431	0	0	5962	123	11668	10999	0.011183	0	0	11668	0	0	0	nan	0	0	0	0.014248	0.002354	0.014248	0.002354	0.480183	0.079334
4	G	222	5991	5571	0.039849	0	0	5991	110	11705	10978	0.010020	0	0	11705	0	0	0	nan	0	0	0	0.029829	0.002840	0.029829	0.002840	1.005291	0.095713
5	G	469	6018	5618	0.083482	0	0	6018	130	11724	10989	0.011830	0	0	11724	0	0	0	nan	0	0	0	0.071652	0.003992	0.071652	0.003992	2.414802	0.134538
6	C	42	6076	5708	0.007358	0	0	6076	45	11743	11063	0.004068	0	0	11743	0	0	0	nan	0	0	0	0.003290	0.001287	0.003290	0.001287	0.110879	0.043374
7	G	144	6089	5635	0.025555	0	0	6089	56	11774	10850	0.005161	0	0	11774	0	0	0	nan	0	0	0	0.020393	0.002238	0.020393	0.002238	0.687281	0.075425
8	U	977	6286	5878	0.166213	0	0	6286	1841	12053	11216	0.164141	0	0	12053	0	0	0	nan	0	0	0	0.002072	0.006551	nan	nan	nan	nan
9	A	65	6434	6054	0.010737	0	0	6434	15	12282	11457	0.001309	0	0	12282	0	0	0	nan	0	0	0	0.009427	0.001374	0.009427	0.001374	0.317707	0.046306
10	G	275	6576	6186	0.044455	0	0	6576	95	12315	11478	0.008277	0	0	12315	0	0	0	nan	0	0	0	0.036179	0.002812	0.036179	0.002812	1.219298	0.094769
11	U	69	6762	6321	0.010916	0	0	6762	149	12519	11570	0.012878	0	0	12519	0	0	0	nan	0	0	0	-0.001962	0.001685	-0.001962	0.001685	-0.066123	0.056788
12	U	79	7042	6502	0.012150	0	0	7042	123	12927	11800	0.010424	0	0	12927	0	0	0	nan	0	0	0	0.001726	0.001659	0.001726	0.001659	0.058169	0.055911
13	C	81	7112	6720	0.012054	0	0	7112	53	13132	12306	0.004307	0	0	13132	0	0	0	nan	0	0	0	0.007747	0.001464	0.007747	0.001464	0.261088	0.049339
14	A	11	7194	6761	0.001627	0	0	7194	10	13421	12539	0.000798	0	0	13421	0	0	0	nan	0	0	0	0.000829	0.000552	0.000829	0.000552	0.027939	0.018603
15	A	39	7294	6920	0.005636	0	0	7294	62	13583	12828	0.004833	0	0	13583	0	0	0	nan	0	0	0	0.000803	0.001091	0.000803	0.001091	0.027063	0.036769
16	U	143	7584	7121	0.020081	0	0	7584	292	14124	13193	0.022133	0	0	14124	0	0	0	nan	0	0	0	-0.002052	0.002121	-0.002052	0.002121	-0.069156	0.071482
17	U	10	7684	7170	0.001395	0	0	7684	13	14389	13376	0.000972	0	0	14389	0	0	0	nan	0	0	0	0.000423	0.000517	0.000423	0.000517	0.014256	0.017424
18	G	47	7714	7233	0.006498	0	0	7714	63	14473	13538	0.004654	0	0	14473	0	0	0	nan	0	0	0	0.001844	0.001115	0.001844	0.001115	0.062146	0.037578
19	G	177	7780	7344	0.024101	0	0	7780	107	14527	13676	0.007824	0	0	14527	0	0	0	nan	0	0	0	0.016277	0.001963	0.016277	0.001963	0.548564	0.066157
20	U	73	7831	7480	0.009759	0	0	7831	175	14566	13866	0.012621	0	0	14566	0	0	0	nan	0	0	0	-0.002861	0.001488	-0.002861	0.001488	-0.096421	0.050148
21	A	30	7843	7484	0.004009	0	0	7843	35	14584	13909	0.002516	0	0	14584	0	0	0	nan	0	0	0	0.001492	0.000846	0.001492	0.000846	0.050283	0.028512
22	G	85	7863	7398	0.011490	0	0	7863	38	14601	13782	0.002757	0	0	14601	0	0	0	nan	0	0	0	0.008732	0.001324	0.008732	0.001324	0.294284	0.044621
23	A	70	7869	7325	0.009556	0	0	7869	30	14611	13623	0.002202	0	0	14611	0	0	0	nan	0	0	0	0.007354	0.001211	0.007354	0.001211	0.247843	0.040813
24	G	338	7872	7299	0.046308	0	0	7872	165	14611	13470	0.012249	0	0	14611	0	0	0	nan	0	0	0	0.034058	0.002693	0.034058	0.002693	1.147816	0.090759
25	C	42	7873	7297	0.005756	0	0	7873	72	14613	13451	0.005353	0	0	14613	0	0	0	nan	0	0	0	0.000403	0.001089	0.000403	0.001089	0.013582	0.036701
26	A	744	7875	7329	0.101515	0	0	7875	106	14619	13548	0.007824	0	0	14619	0	0	0	nan	0	0	0	0.093690	0.003798	0.093690	0.003798	3.157522	0.127999
27	C	96	7872	7286	0.013176	0	0	7872	152	14617	13506	0.011254	0	0	14617	0	0	0	nan	0	0	0	0.001922	0.001625	0.001922	0.001625	0.064775	0.054765
28	C	39	7876	7251	0.005379	0	0	7876	97	14610	13355	0.007263	0	0	14610	0	0	0	nan	0	0	0	-0.001885	0.001134	-0.001885	0.001134	-0.063528	0.038218
29	G	173	7878	7158	0.024169	0	0	7878	177	14603	13217	0.013392	0	0	14603	0	0	0	nan	0	0	0	0.010777	0.002095	0.010777	0.002095	0.363204	0.070605
30	G	209	7878	7181	0.029105	0	0	7878	166	14600	13286	0.012494	0	0	14600	0	0	0	nan	0	0	0	0.016610	0.002235	0.016610	0.002235	0.559787	0.075324
31	U	89	7900	7304	0.012185	0	0	7900	190	14612	13553	0.014019	0	0	14612	0	0	0	nan	0	0	0	-0.001834	0.001644	-0.001834	0.001644	-0.061809	0.055406
32	C	408	7902	7407	0.055083	0	0	7902	724	14612	13753	0.052643	0	0	14612	0	0	0	nan	0	0	0	0.002440	0.003356	nan	nan	nan	nan
33	U	204	7962	7498	0.027207	0	0	7962	409	14643	13837	0.029558	0	0	14643	0	0	0	nan	0	0	0	-0.002351	0.002401	-0.002351	0.002401	-0.079233	0.080918
34	C	349	7976	7511	0.046465	0	0	7976	124	14657	13738	0.009026	0	1	14657	0	0	0	nan	0	0	0	0.037439	0.002616	0.037439	0.002616	1.261762	0.088164
35	C	235	8040	7626	0.030816	0	0	8040	123	14681	13757	0.008941	0	2	14681	0	0	0	nan	0	0	0	0.021875	0.002166	0.021875	0.002166	0.737227	0.072998
36	A	188	8096	7659	0.024546	0	0	8096	29	14709	13728	0.002112	0	2	14709	0	0	0	nan	0	0	0	0.022434	0.001833	0.022434	0.001833	0.756066	0.061775
37	A	626	8118	7489	0.083589	0	0	8118	1181	14721	13372	0.088319	0	2	14721	0	0	0	nan	0	0	0	-0.004730	0.004215	nan	nan	nan	nan
38	A	290	8247	6825	0.042491	0	0	8247	10	14785	12005	0.000833	0	2	14785	0	0	0	nan	0	0	0	0.041658	0.002509	0.041658	0.002509	1.403950	0.084558
39	A	104	8275	6833	0.015220	0	0	8275	146	14786	12008	0.012159	0	2	14786	0	0	0	nan	0	0	0	0.003062	0.001800	0.003062	0.001800	0.103195	0.060663
40	C	103	8273	6967	0.014784	0	0	8273	164	14774	12296	0.013338	0	2	14774	0	0	0	nan	0	0	0	0.001446	0.001791	0.001446	0.001791	0.048733	0.060360
41	C	84	8270	7604	0.011047	0	0	8270	138	14760	13542	0.010191	0	2	14760	0	0	0	nan	0	0	0	0.000856	0.001485	0.000856	0.001485	0.028849	0.050047
42	G	206	8263	7523	0.027383	0	0	8263	168	14742	13360	0.012575	0	2	14742	0	0	0	nan	0	0	0	0.014808	0.002140	0.014808	0.002140	0.499056	0.072122
43	G	206	8260	7482	0.027533	0	0	8260	230	14730	13292	0.017304	0	2	14730	0	0	0	nan	0	0	0	0.010229	0.002232	0.010229	0.002232	0.344736	0.075222
44	G	190	8252	7510	0.025300	0	0	8252	171	14717	13321	0.012837	0	2	14717	0	0	0	nan	0	0	0	0.012463	0.002081	0.012463	0.002081	0.420026	0.070133
45	U	133	8262	7490	0.017757	0	0	8262	198	14711	13219	0.014978	0	2	14711	0	0	0	nan	0	0	0	0.002779	0.001872	0.002779	0.001872	0.093657	0.063090
46	G	899	8254	7565	0.118837	0	0	8254	1791	14697	13331	0.134349	0	2	14697	0	0	0	nan	0	0	0	-0.015512	0.005078	nan	nan	nan	nan
47	U	65	8462	7785	0.008349	0	0	8462	107	14801	13442	0.007960	0	2	14801	0	0	0	nan	0	0	0	0.000389	0.001290	0.000389	0.001290	0.013110	0.043475
48	U	82	8471	7657	0.010709	0	0	8471	125	14808	13125	0.009524	0	2	14808	0	0	0	nan	0	0	0	0.001185	0.001457	0.001185	0.001457	0.039937	0.049104
49	G	177	8507	7669	0.023080	0	0	8507	137	14814	13207	0.010373	0	2	14814	0	0	0	nan	0	0	0	0.012707	0.001948	0.012707	0.001948	0.428249	0.065651
50	G	202	8510	7703	0.026224	0	0	8510	294	14813	13254	0.022182	0	2	14813	0	0	0	nan	0	0	0	0.004042	0.002253	0.004042	0.002253	0.136223	0.075930
51	G	91	8507	7852	0.011589	0	0	8507	89	14810	13588	0.006550	0	2	14810	0	0	0	nan	0	0	0	0.005040	0.001399	0.005040	0.001399	0.169857	0.047149
52	A	132	8501	7988	0.016525	0	0	8501	77	14805	13785	0.005586	0	2	14805	0	0	0	nan	0	0	0	0.010939	0.001573	0.010939	0.001573	0.368664	0.053013
53	G	234	8491	8033	0.029130	0	0	8491	124	14794	13823	0.008971	0	2	14794	0	0	0	nan	0	0	0	0.020159	0.002068	0.020159	0.002068	0.679395	0.069695
54	U	162	8487	7982	0.020296	0	0	8487	313	14788	13846	0.022606	0	2	14788	0	0	0	nan	0	0	0	-0.002310	0.002043	-0.002310	0.002043	-0.077851	0.068853
55	U	172	8475	7580	0.022691	0	0	8475	253	14768	13221	0.019136	0	2	14768	0	0	0	nan	0	0	0	0.003555	0.002107	0.003555	0.002107	0.119810	0.071010
56	C	148	8460	7545	0.019616	0	0	8460	154	14749	13128	0.011731	0	2	14749	0	0	0	nan	0	0	0	0.007885	0.001869	0.007885	0.001869	0.265739	0.062989
57	G	23	8460	7416	0.003101	0	0	8460	41	14740	12974	0.003160	0	2	14740	0	0	0	nan	0	0	0	-0.000059	0.000813	-0.000059	0.000813	-0.001988	0.027400
58	A	3886	8450	7568	0.513478	0	0	8450	51	14724	13266	0.003844	0	2	14724	0	0	0	nan	0	0	0	0.509633	0.008255	0.509633	0.008255	17.175553	0.278208
59	G	71	8447	7504	0.009462	0	0	8447	134	14714	13133	0.010203	0	2	14714	0	0	0	nan	0	0	0	-0.000742	0.001428	-0.000742	0.001428	-0.025007	0.048126
60	U	91	8443	7421	0.012262	0	0	8443	209	14702	13101	0.015953	0	2	14702	0	0	0	nan	0	0	0	-0.003690	0.001694	-0.003690	0.001694	-0.124360	0.057091
61	C	36	8437	7475	0.004816	0	0	8437	84	14692	13205	0.006361	0	2	14692	0	0	0	nan	0	0	0	-0.001545	0.001061	-0.001545	0.001061	-0.052069	0.035758
62	U	45	8427	7573	0.005942	0	0	8427	122	14669	13326	0.009155	0	2	14669	0	0	0	nan	0	0	0	-0.003213	0.001213	-0.003213	0.001213	-0.108284	0.040880
63	C	61	8420	7676	0.007947	0	0	8420	125	14645	13348	0.009365	0	2	14645	0	0	0	nan	0	0	0	-0.001418	0.001318	-0.001418	0.001318	-0.047789	0.044419
64	U	49	8415	7634	0.006419	0	0	8415	99	14631	13242	0.007476	0	2	14631	0	0	0	nan	0	0	0	-0.001058	0.001185	-0.001058	0.001185	-0.035657	0.039937
65	C	78	8411	7373	0.010579	0	0	8411	117	14627	12723	0.009196	0	2	14627	0	0	0	nan	0	0	0	0.001383	0.001469	0.001383	0.001469	0.046610	0.049508
66	C	58	8409	7125	0.008140	0	0	8409	83	14619	12376	0.006707	0	2	14619	0	0	0	nan	0	0	0	0.001434	0.001298	0.001434	0.001298	0.048328	0.043745
67	G	188	8407	7162	0.026250	0	0	8407	132	14616	12469	0.010586	0	2	14616	0	0	0	nan	0	0	0	0.015663	0.002125	0.015663	0.002125	0.527871	0.071616
68	C	48	8407	7361	0.006521	0	0	8407	82	14615	12825	0.006394	0	2	14615	0	0	0	nan	0	0	0	0.000127	0.001177	0.000127	0.001177	0.004280	0.039667
69	C	34	8400	7628	0.004457	0	0	8400	49	14607	13236	0.003702	0	2	14607	0	0	0	nan	0	0	0	0.000755	0.000930	0.000755	0.000930	0.025445	0.031343
70	C	15	8391	7659	0.001958	0	0	8391	28	14583	13251	0.002113	0	2	14583	0	0	0	nan	0	0	0	-0.000155	0.000644	-0.000155	0.000644	-0.005224	0.021704
71	C	65	8383	7265	0.008947	0	0	8383	104	14576	12633	0.008232	0	2	14576	0	0	0	nan	0	0	0	0.000715	0.001372	0.000715	0.001372	0.024097	0.046239
72	U	77	8381	7050	0.010922	0	0	8381	110	14572	12248	0.008981	0	2	14572	0	0	0	nan	0	0	0	0.001941	0.001511	0.001941	0.001511	0.065415	0.050923
73	G	230	8373	6900	0.033333	0	0	8373	89	14566	11957	0.007443	0	2	14566	0	0	0	nan	0	0	0	0.025890	0.002335	0.025890	0.002335	0.872540	0.078694
74	C	193	8372	7026	0.027469	0	0	8372	73	14565	12179	0.005994	0	2	14565	0	0	0	nan	0	0	0	0.021475	0.002098	0.021475	0.002098	0.723746	0.070706
75	C	71	8363	6900	0.010290	0	0	8363	25	14559	12365	0.002022	0	2	14559	0	0	0	nan	0	0	0	0.008268	0.001286	0.008268	0.001286	0.278647	0.043341
76	A	0	8080	0	nan	0	0	8080	0	14389	0	nan	0	2	14389	0	0	0	nan	0	0	0	nan	nan	nan	nan	nan	nan