0.000000
0.000000
0.850000
0.000000
0.445553
0.146591
0.000000
0.000000
0.242842
0.399696
0.005698
0.219806
0.031165
0.850000
0.105811
0.465484
0.850000
0.060359
0.560169
0.463782
0.000000
0.000000
0.167332
0.000000
0.522954
0.047288
0.739005
0.159122
0.000000
0.000000
0.084395
0.637677
0.000000
0.001485
0.850000
0.000000
0.291589
0.000000
0.184886
0.016690
0.496082
0.163200
0.090148
0.427648
0.337635
0.391972
0.000000
0.003646
0.041941
0.158798
0.102409
0.109484
0.259289
0.564192
0.000000
0.000000
0.000000
0.000000
0.850000
0.128200
0.000000
0.000000
0.004186
0.000000
0.000000
0.000000
0.000000
0.000000
0.000000
0.000000
0.051852
0.098061
0.850000
0.850000
0.850000
0.850000
0.000000
