Nucleotide	Sequence	Modified_mutations	Modified_read_depth	Modified_effective_depth	Modified_rate	Modified_off_target_mapped_depth	Modified_low_mapq_mapped_depth	Modified_mapped_depth	Untreated_mutations	Untreated_read_depth	Untreated_effective_depth	Untreated_rate	Untreated_off_target_mapped_depth	Untreated_low_mapq_mapped_depth	Untreated_mapped_depth	Denatured_mutations	Denatured_read_depth	Denatured_effective_depth	Denatured_rate	Denatured_off_target_mapped_depth	Denatured_low_mapq_mapped_depth	Denatured_mapped_depth	Reactivity_profile	Std_err	HQ_profile	HQ_stderr	Norm_profile	Norm_stderr
1	G	0	1282	1242	0.000000	0	0	1282	0	2243	2190	0.000000	0	0	2243	0	0	0	nan	0	0	0	0.000000	0.000000	0.000000	0.000000	0.000000	0.000000
2	C	0	1409	1351	0.000000	0	0	1409	0	2321	2248	0.000000	0	0	2321	0	0	0	nan	0	0	0	0.000000	0.000000	0.000000	0.000000	0.000000	0.000000
3	C	2	1442	1385	0.001444	0	0	1442	6	2351	2259	0.002656	0	0	2351	0	0	0	nan	0	0	0	-0.001212	0.001489	-0.001212	0.001489	-0.037251	0.045764
4	G	22	1458	1397	0.015748	0	0	1458	5	2362	2279	0.002194	0	1	2362	0	0	0	nan	0	0	0	0.013554	0.003498	0.013554	0.003498	0.416583	0.107511
5	A	27	1493	1416	0.019068	0	0	1493	8	2382	2281	0.003507	0	1	2382	0	0	0	nan	0	0	0	0.015561	0.003873	0.015561	0.003873	0.478268	0.119037
6	U	9	1539	1488	0.006048	0	0	1539	8	2425	2365	0.003383	0	1	2425	0	0	0	nan	0	0	0	0.002666	0.002344	0.002666	0.002344	0.081940	0.072043
7	A	8	1611	1548	0.005168	0	0	1611	8	2500	2414	0.003314	0	1	2500	0	0	0	nan	0	0	0	0.001854	0.002171	0.001854	0.002171	0.056983	0.066726
8	U	371	1706	1653	0.224440	0	0	1706	463	2597	2522	0.183584	0	1	2597	0	0	0	nan	0	0	0	0.040856	0.014442	nan	nan	nan	nan
9	A	52	1867	1787	0.029099	0	0	1867	6	2772	2667	0.002250	0	1	2772	0	0	0	nan	0	0	0	0.026849	0.004139	0.026849	0.004139	0.825205	0.127212
10	G	33	1977	1891	0.017451	0	0	1977	41	2782	2680	0.015299	0	1	2782	0	0	0	nan	0	0	0	0.002153	0.003865	0.002153	0.003865	0.066173	0.118791
11	C	11	2000	1907	0.005768	0	0	2000	8	2810	2689	0.002975	0	1	2810	0	0	0	nan	0	0	0	0.002793	0.002033	0.002793	0.002033	0.085843	0.062484
12	U	24	2086	1987	0.012079	0	0	2086	33	2926	2792	0.011819	0	2	2926	0	0	0	nan	0	0	0	0.000259	0.003211	0.000259	0.003211	0.007960	0.098690
13	C	13	2100	2017	0.006445	0	0	2100	9	2955	2840	0.003169	0	2	2955	0	0	0	nan	0	0	0	0.003276	0.002076	0.003276	0.002076	0.100688	0.063806
14	A	17	2120	2015	0.008437	0	0	2120	2	2999	2874	0.000696	0	2	2999	0	0	0	nan	0	0	0	0.007741	0.002105	0.007741	0.002105	0.237920	0.064697
15	G	16	2127	1997	0.008012	0	0	2127	13	3003	2839	0.004579	0	2	3003	0	0	0	nan	0	0	0	0.003433	0.002372	0.003433	0.002372	0.105513	0.072904
16	U	56	2195	2035	0.027518	0	0	2195	102	3164	2951	0.034565	0	2	3164	0	0	0	nan	0	0	0	-0.007046	0.005023	-0.007046	0.005023	-0.216559	0.154382
17	U	2	2228	2058	0.000972	0	0	2228	6	3240	3009	0.001994	0	2	3240	0	0	0	nan	0	0	0	-0.001022	0.001065	-0.001022	0.001065	-0.031411	0.032733
18	G	20	2241	2088	0.009579	0	0	2241	26	3282	3081	0.008439	0	2	3282	0	0	0	nan	0	0	0	0.001140	0.002707	0.001140	0.002707	0.035038	0.083200
19	G	34	2260	2129	0.015970	0	0	2260	29	3308	3132	0.009259	0	2	3308	0	0	0	nan	0	0	0	0.006711	0.003234	0.006711	0.003234	0.206263	0.099397
20	U	26	2274	2179	0.011932	0	0	2274	49	3319	3194	0.015341	0	3	3319	0	0	0	nan	0	0	0	-0.003409	0.003206	-0.003409	0.003206	-0.104776	0.098537
21	A	2	2278	2197	0.000910	0	0	2278	5	3324	3199	0.001563	0	3	3324	0	0	0	nan	0	0	0	-0.000653	0.000950	-0.000653	0.000950	-0.020070	0.029198
22	G	8	2282	2167	0.003692	0	0	2282	7	3331	3140	0.002229	0	3	3331	0	0	0	nan	0	0	0	0.001462	0.001554	0.001462	0.001554	0.044935	0.047762
23	A	16	2283	2133	0.007501	0	0	2283	7	3337	3120	0.002244	0	3	3337	0	0	0	nan	0	0	0	0.005258	0.002058	0.005258	0.002058	0.161605	0.063253
24	G	59	2285	2125	0.027765	0	0	2285	36	3337	3127	0.011513	0	3	3337	0	0	0	nan	0	0	0	0.016252	0.004092	0.016252	0.004092	0.499506	0.125768
25	C	13	2288	2176	0.005974	0	0	2288	17	3339	3211	0.005294	0	3	3339	0	0	0	nan	0	0	0	0.000680	0.002096	0.000680	0.002096	0.020900	0.064421
26	A	311	2289	2161	0.143915	0	0	2289	10	3339	3193	0.003132	0	3	3339	0	0	0	nan	0	0	0	0.140783	0.008221	0.140783	0.008221	4.326973	0.252673
27	G	34	2290	2169	0.015675	0	0	2290	29	3342	3207	0.009043	0	3	3342	0	0	0	nan	0	0	0	0.006633	0.003170	0.006633	0.003170	0.203866	0.097430
28	C	16	2290	2149	0.007445	0	0	2290	18	3342	3167	0.005684	0	3	3342	0	0	0	nan	0	0	0	0.001762	0.002293	0.001762	0.002293	0.054155	0.070475
29	G	48	2289	2154	0.022284	0	0	2289	37	3342	3172	0.011665	0	3	3342	0	0	0	nan	0	0	0	0.010620	0.003745	0.010620	0.003745	0.326406	0.115103
30	C	17	2289	2160	0.007870	0	0	2289	9	3342	3190	0.002821	0	3	3342	0	0	0	nan	0	0	0	0.005049	0.002128	0.005049	0.002128	0.155181	0.065404
31	A	25	2288	2170	0.011521	0	2	2288	26	3341	3196	0.008135	0	5	3341	0	0	0	nan	0	0	0	0.003386	0.002803	0.003386	0.002803	0.104069	0.086150
32	U	23	2287	2170	0.010599	0	7	2287	35	3340	3196	0.010951	0	8	3340	0	0	0	nan	0	0	0	-0.000352	0.002883	-0.000352	0.002883	-0.010819	0.088609
33	U	32	2286	2160	0.014815	0	23	2286	25	3340	3179	0.007864	0	17	3340	0	0	0	nan	0	0	0	0.006951	0.003055	0.006951	0.003055	0.213639	0.093896
34	C	123	2286	2142	0.057423	0	30	2286	17	3340	3161	0.005378	0	20	3340	0	0	0	nan	0	0	0	0.052045	0.005339	0.052045	0.005339	1.599606	0.164094
35	G	78	2286	2108	0.037002	0	32	2286	21	3340	3130	0.006709	0	21	3340	0	0	0	nan	0	0	0	0.030293	0.004438	0.030293	0.004438	0.931057	0.136402
36	U	23	2285	2126	0.010818	0	36	2285	36	3339	3142	0.011458	0	28	3339	0	0	0	nan	0	0	0	-0.000639	0.002956	-0.000639	0.002956	-0.019640	0.090853
37	A	85	2284	2155	0.039443	0	38	2284	138	3337	3185	0.043328	0	30	3337	0	0	0	nan	0	0	0	-0.003885	0.005649	-0.003885	0.005649	-0.119406	0.173622
38	A	59	2284	2185	0.027002	0	44	2284	14	3336	3203	0.004371	0	33	3336	0	0	0	nan	0	0	0	0.022631	0.003704	0.022631	0.003704	0.695565	0.113843
39	U	20	2283	2158	0.009268	0	46	2283	29	3336	3149	0.009209	0	35	3336	0	0	0	nan	0	0	0	0.000059	0.002687	0.000059	0.002687	0.001813	0.082585
40	G	50	2282	2105	0.023753	0	47	2282	28	3336	3102	0.009026	0	36	3336	0	0	0	nan	0	0	0	0.014727	0.003767	0.014727	0.003767	0.452635	0.115779
41	C	25	2282	2106	0.011871	0	48	2282	34	3336	3101	0.010964	0	36	3336	0	0	0	nan	0	0	0	0.000907	0.003029	0.000907	0.003029	0.027877	0.093096
42	G	53	2282	2140	0.024766	0	49	2282	12	3335	3152	0.003807	0	36	3335	0	0	0	nan	0	0	0	0.020959	0.003575	0.020959	0.003575	0.644176	0.109878
43	A	22	2281	2194	0.010027	0	49	2281	12	3334	3212	0.003736	0	37	3334	0	0	0	nan	0	0	0	0.006291	0.002394	0.006291	0.002394	0.193354	0.073580
44	A	18	2279	2189	0.008223	0	49	2279	11	3334	3234	0.003401	0	37	3334	0	0	0	nan	0	0	0	0.004822	0.002193	0.004822	0.002193	0.148204	0.067402
45	G	58	2278	2121	0.027346	0	50	2278	35	3333	3150	0.011111	0	37	3333	0	0	0	nan	0	0	0	0.016234	0.004052	0.016234	0.004052	0.498953	0.124538
46	G	366	2278	2107	0.173707	0	51	2278	603	3332	3096	0.194767	0	37	3332	0	0	0	nan	0	0	0	-0.021061	0.012056	nan	nan	nan	nan
47	U	27	2277	2113	0.012778	0	53	2277	27	3332	3097	0.008718	0	40	3332	0	0	0	nan	0	0	0	0.004060	0.002977	0.004060	0.002977	0.124784	0.091498
48	C	13	2276	2115	0.006147	0	53	2276	12	3331	3085	0.003890	0	42	3331	0	0	0	nan	0	0	0	0.002257	0.002041	0.002257	0.002041	0.069369	0.062730
49	G	61	2275	2127	0.028679	0	53	2275	21	3330	3109	0.006755	0	42	3330	0	0	0	nan	0	0	0	0.021924	0.003957	0.021924	0.003957	0.673835	0.121619
50	U	26	2273	2127	0.012224	0	53	2273	31	3330	3106	0.009981	0	43	3330	0	0	0	nan	0	0	0	0.002243	0.002993	0.002243	0.002993	0.068939	0.091990
51	A	28	2273	2146	0.013048	0	53	2273	18	3330	3169	0.005680	0	43	3330	0	0	0	nan	0	0	0	0.007368	0.002806	0.007368	0.002806	0.226456	0.086243
52	G	30	2271	2127	0.014104	0	53	2271	39	3328	3149	0.012385	0	43	3328	0	0	0	nan	0	0	0	0.001719	0.003250	0.001719	0.003250	0.052834	0.099889
53	G	66	2270	2114	0.031220	0	53	2270	38	3323	3135	0.012121	0	43	3323	0	0	0	nan	0	0	0	0.019099	0.004317	0.019099	0.004317	0.587009	0.132683
54	U	45	2270	2112	0.021307	0	53	2270	109	3321	3119	0.034947	0	44	3321	0	0	0	nan	0	0	0	-0.013640	0.004614	-0.013640	0.004614	-0.419226	0.141812
55	U	41	2269	2120	0.019340	0	53	2269	62	3319	3109	0.019942	0	44	3319	0	0	0	nan	0	0	0	-0.000602	0.003942	-0.000602	0.003942	-0.018503	0.121158
56	C	49	2264	2111	0.023212	0	53	2264	63	3316	3082	0.020441	0	44	3316	0	0	0	nan	0	0	0	0.002770	0.004199	0.002770	0.004199	0.085136	0.129056
57	G	2	2262	2045	0.000978	0	53	2262	15	3314	2994	0.005010	0	44	3314	0	0	0	nan	0	0	0	-0.004032	0.001467	-0.004032	0.001467	-0.123924	0.045088
58	A	1132	2257	2005	0.564589	0	53	2257	19	3310	2986	0.006363	0	44	3310	0	0	0	nan	0	0	0	0.558226	0.016844	0.558226	0.016844	17.157104	0.517701
59	C	68	2257	2019	0.033680	0	53	2257	30	3309	3014	0.009954	0	44	3309	0	0	0	nan	0	0	0	0.023726	0.004470	0.023726	0.004470	0.729220	0.137386
60	U	9	2257	2045	0.004401	0	53	2257	32	3307	3085	0.010373	0	43	3307	0	0	0	nan	0	0	0	-0.005972	0.002348	-0.005972	0.002348	-0.183550	0.072166
61	C	13	2255	2037	0.006382	0	53	2255	30	3307	3048	0.009843	0	43	3307	0	0	0	nan	0	0	0	-0.003461	0.002522	-0.003461	0.002522	-0.106374	0.077514
62	C	9	2253	2039	0.004414	0	53	2253	25	3307	3041	0.008221	0	43	3307	0	0	0	nan	0	0	0	-0.003807	0.002206	-0.003807	0.002206	-0.117008	0.067802
63	U	14	2252	2068	0.006770	0	53	2252	14	3305	3064	0.004569	0	43	3305	0	0	0	nan	0	0	0	0.002201	0.002183	0.002201	0.002183	0.067648	0.067095
64	A	17	2251	2068	0.008221	0	53	2251	20	3302	3084	0.006485	0	42	3302	0	0	0	nan	0	0	0	0.001735	0.002465	0.001735	0.002465	0.053325	0.075762
65	U	31	2249	2045	0.015159	0	53	2249	40	3301	3038	0.013167	0	42	3301	0	0	0	nan	0	0	0	0.001992	0.003427	0.001992	0.003427	0.061224	0.105329
66	U	12	2247	1976	0.006073	0	53	2247	10	3299	2965	0.003373	0	42	3299	0	0	0	nan	0	0	0	0.002700	0.002052	0.002700	0.002052	0.082985	0.063068
67	A	25	2246	1987	0.012582	0	53	2246	21	3296	2986	0.007033	0	42	3296	0	0	0	nan	0	0	0	0.005549	0.002947	0.005549	0.002947	0.170549	0.090576
68	U	33	2242	1955	0.016880	0	53	2242	35	3293	2988	0.011714	0	42	3293	0	0	0	nan	0	0	0	0.005166	0.003543	0.005166	0.003543	0.158777	0.108894
69	C	23	2241	1889	0.012176	0	53	2241	30	3291	2866	0.010468	0	42	3291	0	0	0	nan	0	0	0	0.001708	0.003178	0.001708	0.003178	0.052495	0.097676
70	G	49	2238	1782	0.027497	0	53	2238	30	3287	2748	0.010917	0	42	3287	0	0	0	nan	0	0	0	0.016580	0.004405	0.016580	0.004405	0.509587	0.135388
71	G	111	2238	1814	0.061191	0	53	2238	49	3286	2743	0.017864	0	42	3286	0	0	0	nan	0	0	0	0.043327	0.006344	0.043327	0.006344	1.331658	0.194983
72	C	25	2238	1844	0.013557	0	53	2238	34	3286	2751	0.012359	0	42	3286	0	0	0	nan	0	0	0	0.001198	0.003442	0.001198	0.003442	0.036821	0.105790
73	A	114	2238	1963	0.058074	0	53	2238	35	3284	2925	0.011966	0	42	3284	0	0	0	nan	0	0	0	0.046109	0.005803	0.046109	0.005803	1.417162	0.178355
74	C	117	2235	1947	0.060092	0	53	2235	21	3277	2909	0.007219	0	42	3277	0	0	0	nan	0	0	0	0.052873	0.005775	0.052873	0.005775	1.625054	0.177495
75	C	70	2230	1936	0.036157	0	53	2230	4	3273	2987	0.001339	0	42	3273	0	0	0	nan	0	0	0	0.034818	0.004373	0.034818	0.004373	1.070133	0.134404
76	A	0	2140	0	nan	0	51	2140	0	3231	0	nan	0	40	3231	0	0	0	nan	0	0	0	nan	nan	nan	nan	nan	nan