0.000000
0.000000
0.828576
0.127144
0.019636
0.262939
0.000000
0.000000
0.762319
0.487094
0.238611
0.042390
0.031379
0.341780
0.254233
0.000000
0.000000
0.135117
0.113529
0.798336
0.000000
0.000000
0.130724
0.244008
0.850000
0.000000
0.850000
0.237879
0.096171
0.399168
0.000000
0.000000
0.000000
0.114261
0.000000
0.212846
0.000000
0.161994
0.850000
0.850000
0.101595
0.014347
0.850000
0.000000
0.352411
0.318293
0.850000
0.761858
0.000000
0.376793
0.003933
0.000000
0.115210
0.339691
0.000000
0.128011
0.099073
0.115373
0.850000
0.206201
0.000000
0.000000
0.005641
0.000000
0.273190
0.000000
0.172300
0.000000
0.423333
0.850000
0.125923
0.850000
0.197631
0.850000
0.482728
0.255697
0.000000
