Nucleotide	Sequence	Modified_mutations	Modified_read_depth	Modified_effective_depth	Modified_rate	Modified_off_target_mapped_depth	Modified_low_mapq_mapped_depth	Modified_mapped_depth	Untreated_mutations	Untreated_read_depth	Untreated_effective_depth	Untreated_rate	Untreated_off_target_mapped_depth	Untreated_low_mapq_mapped_depth	Untreated_mapped_depth	Denatured_mutations	Denatured_read_depth	Denatured_effective_depth	Denatured_rate	Denatured_off_target_mapped_depth	Denatured_low_mapq_mapped_depth	Denatured_mapped_depth	Reactivity_profile	Std_err	HQ_profile	HQ_stderr	Norm_profile	Norm_stderr
1	G	0	281	275	0.000000	0	3	281	0	485	468	0.000000	0	17	485	0	0	0	nan	0	0	0	0.000000	0.000000	nan	nan	nan	nan
2	C	0	324	316	0.000000	0	3	324	0	494	457	0.000000	0	17	494	0	0	0	nan	0	0	0	0.000000	0.000000	nan	nan	nan	nan
3	G	15	332	327	0.045872	0	3	332	1	498	470	0.002128	0	17	498	0	0	0	nan	0	0	0	0.043744	0.012034	nan	nan	nan	nan
4	A	5	342	337	0.014837	0	3	342	1	500	473	0.002114	0	17	500	0	0	0	nan	0	0	0	0.012723	0.006964	nan	nan	nan	nan
5	A	4	347	336	0.011905	0	3	347	0	501	486	0.000000	0	17	501	0	0	0	nan	0	0	0	0.011905	0.005952	nan	nan	nan	nan
6	G	9	352	335	0.026866	0	3	352	5	501	477	0.010482	0	17	501	0	0	0	nan	0	0	0	0.016383	0.010108	nan	nan	nan	nan
7	G	18	357	330	0.054545	0	3	357	3	502	469	0.006397	0	17	502	0	0	0	nan	0	0	0	0.048149	0.013376	nan	nan	nan	nan
8	U	5	374	347	0.014409	0	3	374	12	509	477	0.025157	0	18	509	0	0	0	nan	0	0	0	-0.010748	0.009709	nan	nan	nan	nan
9	G	9	379	355	0.025352	0	3	379	9	514	484	0.018595	0	19	514	0	0	0	nan	0	0	0	0.006757	0.010480	nan	nan	nan	nan
10	G	19	389	368	0.051630	0	3	389	13	517	487	0.026694	0	19	517	0	0	0	nan	0	0	0	0.024936	0.013968	nan	nan	nan	nan
11	C	5	401	378	0.013228	0	4	401	7	520	489	0.014315	0	19	520	0	0	0	nan	0	0	0	-0.001087	0.008017	nan	nan	nan	nan
12	G	11	405	376	0.029255	0	4	405	13	521	495	0.026263	0	19	521	0	0	0	nan	0	0	0	0.002993	0.011440	nan	nan	nan	nan
13	G	3	408	382	0.007853	0	4	408	4	523	503	0.007952	0	19	523	0	0	0	nan	0	0	0	-0.000099	0.006031	nan	nan	nan	nan
14	A	0	427	395	0.000000	0	4	427	3	559	531	0.005650	0	21	559	0	0	0	nan	0	0	0	-0.005650	0.003262	nan	nan	nan	nan
15	A	40	455	426	0.093897	0	4	455	59	577	545	0.108257	0	21	577	0	0	0	nan	0	0	0	-0.014360	0.020471	nan	nan	nan	nan
16	U	20	2656	2518	0.007943	0	27	2656	34	2973	2855	0.011909	0	47	2973	0	0	0	nan	0	0	0	-0.003966	0.002707	-0.003966	0.002707	-0.106536	0.072716
17	U	8	3067	2853	0.002804	0	31	3067	9	3403	3218	0.002797	0	50	3403	0	0	0	nan	0	0	0	0.000007	0.001361	0.000007	0.001361	0.000188	0.036559
18	G	51	3232	3028	0.016843	0	31	3232	65	3609	3409	0.019067	0	51	3609	0	0	0	nan	0	0	0	-0.002224	0.003340	-0.002224	0.003340	-0.059742	0.089720
19	G	96	3367	3188	0.030113	0	32	3367	44	3689	3492	0.012600	0	51	3689	0	0	0	nan	0	0	0	0.017513	0.003613	0.017513	0.003613	0.470438	0.097053
20	U	33	3554	3429	0.009624	0	34	3554	47	3717	3581	0.013125	0	51	3717	0	0	0	nan	0	0	0	-0.003501	0.002544	-0.003501	0.002544	-0.094045	0.068337
21	A	22	3581	3464	0.006351	0	35	3581	15	3738	3605	0.004161	0	51	3738	0	0	0	nan	0	0	0	0.002190	0.001728	0.002190	0.001728	0.058828	0.046418
22	G	37	3622	3468	0.010669	0	35	3622	18	3754	3576	0.005034	0	51	3754	0	0	0	nan	0	0	0	0.005635	0.002118	0.005635	0.002118	0.151369	0.056894
23	A	513	3643	3482	0.147329	0	35	3643	27	3769	3593	0.007515	0	51	3769	0	0	0	nan	0	0	0	0.139815	0.006664	0.139815	0.006664	3.755742	0.179010
24	C	28	3675	3507	0.007984	0	35	3675	25	3775	3612	0.006921	0	51	3775	0	0	0	nan	0	0	0	0.001063	0.002048	0.001063	0.002048	0.028555	0.055014
25	G	62	3678	3535	0.017539	0	35	3678	32	3780	3666	0.008729	0	50	3780	0	0	0	nan	0	0	0	0.008810	0.002710	0.008810	0.002710	0.236656	0.072797
26	C	29	3682	3527	0.008222	0	35	3682	18	3785	3633	0.004955	0	50	3785	0	0	0	nan	0	0	0	0.003268	0.001922	0.003268	0.001922	0.087786	0.051629
27	G	54	3682	3542	0.015246	0	35	3682	47	3787	3657	0.012852	0	50	3787	0	0	0	nan	0	0	0	0.002394	0.002796	0.002394	0.002796	0.064308	0.075107
28	C	43	3684	3540	0.012147	0	35	3684	53	3794	3655	0.014501	0	50	3794	0	0	0	nan	0	0	0	-0.002354	0.002720	-0.002354	0.002720	-0.063234	0.073065
29	U	21	3690	3573	0.005877	0	35	3690	22	3820	3725	0.005906	0	50	3820	0	0	0	nan	0	0	0	-0.000029	0.001797	-0.000029	0.001797	-0.000779	0.048271
30	A	21	3695	3573	0.005877	0	35	3695	10	3837	3732	0.002680	0	50	3837	0	0	0	nan	0	0	0	0.003198	0.001537	0.003198	0.001537	0.085905	0.041287
31	G	110	3697	3582	0.030709	0	35	3697	44	3839	3738	0.011771	0	50	3839	0	0	0	nan	0	0	0	0.018938	0.003424	0.018938	0.003424	0.508717	0.091976
32	C	32	3697	3555	0.009001	0	35	3697	32	3846	3708	0.008630	0	50	3846	0	0	0	nan	0	0	0	0.000371	0.002204	0.000371	0.002204	0.009966	0.059204
33	U	44	3704	3569	0.012328	0	35	3704	54	3870	3732	0.014469	0	50	3870	0	0	0	nan	0	0	0	-0.002141	0.002708	-0.002141	0.002708	-0.057512	0.072743
34	U	38	3739	3611	0.010523	0	35	3739	54	3899	3777	0.014297	0	50	3899	0	0	0	nan	0	0	0	-0.003774	0.002588	-0.003774	0.002588	-0.101378	0.069519
35	C	235	3750	3658	0.064243	0	35	3750	20	3916	3826	0.005227	0	48	3916	0	0	0	nan	0	0	0	0.059015	0.004351	0.059015	0.004351	1.585274	0.116878
36	A	84	3767	3668	0.022901	0	35	3767	66	3939	3844	0.017170	0	48	3939	0	0	0	nan	0	0	0	0.005731	0.003273	0.005731	0.003273	0.153947	0.087920
37	G	63	3771	3621	0.017399	0	33	3771	21	3941	3792	0.005538	0	46	3941	0	0	0	nan	0	0	0	0.011861	0.002503	0.011861	0.002503	0.318613	0.067236
38	G	1512	3773	3552	0.425676	0	33	3773	1573	3942	3686	0.426750	0	43	3942	0	0	0	nan	0	0	0	-0.001074	0.015350	nan	nan	nan	nan
39	U	61	3793	3569	0.017092	0	33	3793	98	3968	3730	0.026273	0	43	3968	0	0	0	nan	0	0	0	-0.009182	0.003440	-0.009182	0.003440	-0.246649	0.092406
40	G	45	3794	3567	0.012616	0	34	3794	9	3972	3745	0.002403	0	43	3972	0	0	0	nan	0	0	0	0.010212	0.002044	0.010212	0.002044	0.274317	0.054906
41	U	71	3802	3587	0.019794	0	34	3802	81	3991	3770	0.021485	0	43	3991	0	0	0	nan	0	0	0	-0.001692	0.003349	-0.001692	0.003349	-0.045451	0.089962
42	U	19	3814	3552	0.005349	0	33	3814	19	4000	3708	0.005124	0	41	4000	0	0	0	nan	0	0	0	0.000225	0.001699	0.000225	0.001699	0.006044	0.045639
43	A	24	3816	3543	0.006774	0	32	3816	7	4002	3737	0.001873	0	37	4002	0	0	0	nan	0	0	0	0.004901	0.001553	0.004901	0.001553	0.131652	0.041717
44	G	122	3816	3505	0.034807	0	30	3816	30	4002	3687	0.008137	0	35	4002	0	0	0	nan	0	0	0	0.026671	0.003484	0.026671	0.003484	0.716442	0.093588
45	U	29	3816	3553	0.008162	0	28	3816	24	4002	3760	0.006383	0	35	4002	0	0	0	nan	0	0	0	0.001779	0.001999	0.001779	0.001999	0.047788	0.053698
46	G	59	3816	3511	0.016804	0	24	3816	25	4002	3731	0.006701	0	34	4002	0	0	0	nan	0	0	0	0.010104	0.002566	0.010104	0.002566	0.271416	0.068928
47	U	26	3817	3520	0.007386	0	22	3817	37	4002	3757	0.009848	0	31	4002	0	0	0	nan	0	0	0	-0.002462	0.002172	-0.002462	0.002172	-0.066135	0.058345
48	U	0	3819	3535	0.000000	0	22	3819	0	4004	3777	0.000000	0	30	4004	0	0	0	nan	0	0	0	0.000000	0.000000	0.000000	0.000000	0.000000	0.000000
49	C	32	3819	3609	0.008867	0	22	3819	13	4004	3831	0.003393	0	30	4004	0	0	0	nan	0	0	0	0.005473	0.001828	0.005473	0.001828	0.147017	0.049104
50	U	45	3819	3637	0.012373	0	26	3819	37	4004	3840	0.009635	0	30	4004	0	0	0	nan	0	0	0	0.002737	0.002431	0.002737	0.002431	0.073522	0.065302
51	U	52	3819	3701	0.014050	0	26	3819	17	4004	3902	0.004357	0	31	4004	0	0	0	nan	0	0	0	0.009694	0.002217	0.009694	0.002217	0.260402	0.059554
52	A	192	3816	3707	0.051794	0	25	3816	19	4004	3903	0.004868	0	32	4004	0	0	0	nan	0	0	0	0.046926	0.003901	0.046926	0.003901	1.260537	0.104790
53	C	261	3815	3660	0.071311	0	26	3815	25	4004	3860	0.006477	0	32	4004	0	0	0	nan	0	0	0	0.064835	0.004600	0.064835	0.004600	1.741612	0.123566
54	G	87	3815	3566	0.024397	0	29	3815	40	4003	3781	0.010579	0	32	4003	0	0	0	nan	0	0	0	0.013818	0.003105	0.013818	0.003105	0.371182	0.083407
55	G	144	3815	3481	0.041367	0	29	3815	25	4002	3686	0.006782	0	32	4002	0	0	0	nan	0	0	0	0.034585	0.003705	0.034585	0.003705	0.929030	0.099525
56	A	47	3814	3528	0.013322	0	30	3814	22	4000	3722	0.005911	0	36	4000	0	0	0	nan	0	0	0	0.007411	0.002316	0.007411	0.002316	0.199076	0.062213
57	C	35	3813	3592	0.009744	0	30	3813	34	3998	3781	0.008992	0	36	3998	0	0	0	nan	0	0	0	0.000752	0.002256	0.000752	0.002256	0.020200	0.060601
58	G	92	3813	3593	0.025605	0	30	3813	38	3997	3789	0.010029	0	36	3997	0	0	0	nan	0	0	0	0.015576	0.003126	0.015576	0.003126	0.418406	0.083971
59	U	79	3812	3549	0.022260	0	30	3812	79	3995	3748	0.021078	0	39	3995	0	0	0	nan	0	0	0	0.001182	0.003449	0.001182	0.003449	0.031751	0.092648
60	G	90	3811	3525	0.025532	0	31	3811	43	3993	3720	0.011559	0	42	3993	0	0	0	nan	0	0	0	0.013973	0.003217	0.013973	0.003217	0.375346	0.086416
61	G	46	3806	3538	0.013002	0	33	3806	54	3986	3725	0.014497	0	43	3986	0	0	0	nan	0	0	0	-0.001495	0.002751	-0.001495	0.002751	-0.040159	0.073898
62	G	36	3796	3506	0.010268	0	33	3796	38	3971	3713	0.010234	0	43	3971	0	0	0	nan	0	0	0	0.000034	0.002384	0.000034	0.002384	0.000913	0.064040
63	G	76	3765	3189	0.023832	0	33	3765	35	3938	3256	0.010749	0	43	3938	0	0	0	nan	0	0	0	0.013083	0.003282	0.013083	0.003282	0.351438	0.088162
64	G	127	3444	1541	0.082414	0	33	3444	20	3436	1032	0.019380	0	41	3436	0	0	0	nan	0	0	0	0.063034	0.008501	0.063034	0.008501	1.693233	0.228356
65	U	19	2533	1432	0.013268	0	30	2533	8	2310	892	0.008969	0	37	2310	0	0	0	nan	0	0	0	0.004300	0.004395	0.004300	0.004395	0.115508	0.118059
66	U	15	2413	758	0.019789	0	30	2413	12	2159	362	0.033149	0	35	2159	0	0	0	nan	0	0	0	-0.013360	0.010848	nan	nan	nan	nan
67	C	31	1938	649	0.047766	0	30	1938	6	1403	328	0.018293	0	28	1403	0	0	0	nan	0	0	0	0.029473	0.011374	nan	nan	nan	nan
68	A	6	1905	566	0.010601	0	29	1905	2	1372	268	0.007463	0	26	1372	0	0	0	nan	0	0	0	0.003138	0.006825	nan	nan	nan	nan
69	A	458	1668	783	0.584930	0	26	1668	3	1153	404	0.007426	0	24	1153	0	0	0	nan	0	0	0	0.577504	0.027666	nan	nan	nan	nan
70	G	6	1606	773	0.007762	0	26	1606	7	1067	403	0.017370	0	23	1067	0	0	0	nan	0	0	0	-0.009608	0.007290	nan	nan	nan	nan
71	U	1	1564	426	0.002347	0	25	1564	1	1056	263	0.003802	0	23	1056	0	0	0	nan	0	0	0	-0.001455	0.004469	nan	nan	nan	nan
72	C	10	1547	360	0.027778	0	25	1547	3	1041	242	0.012397	0	22	1041	0	0	0	nan	0	0	0	0.015381	0.011331	nan	nan	nan	nan
73	C	6	1545	363	0.016529	0	25	1545	11	1040	250	0.044000	0	22	1040	0	0	0	nan	0	0	0	-0.027471	0.014884	nan	nan	nan	nan
74	C	17	1542	761	0.022339	0	25	1542	13	1040	516	0.025194	0	22	1040	0	0	0	nan	0	0	0	-0.002855	0.008842	-0.002855	0.008842	-0.076692	0.237516
75	C	38	1536	1037	0.036644	0	25	1536	35	1039	739	0.047361	0	22	1039	0	0	0	nan	0	0	0	-0.010717	0.009971	-0.010717	0.009971	-0.287882	0.267843
76	C	72	1526	1136	0.063380	0	25	1526	44	1030	793	0.055485	0	21	1030	0	0	0	nan	0	0	0	0.007895	0.011214	nan	nan	nan	nan
77	C	5	1512	1121	0.004460	0	25	1512	3	1023	765	0.003922	0	21	1023	0	0	0	nan	0	0	0	0.000539	0.003017	0.000539	0.003017	0.014479	0.081043
78	C	6	1475	1012	0.005929	0	24	1475	1	995	703	0.001422	0	21	995	0	0	0	nan	0	0	0	0.004506	0.002807	0.004506	0.002807	0.121041	0.075402
79	C	7	1369	372	0.018817	0	23	1369	1	896	214	0.004673	0	21	896	0	0	0	nan	0	0	0	0.014144	0.008510	nan	nan	nan	nan
80	U	2	1092	364	0.005495	0	19	1092	3	623	197	0.015228	0	18	623	0	0	0	nan	0	0	0	-0.009734	0.009612	nan	nan	nan	nan
81	C	5	1077	345	0.014493	0	19	1077	5	619	188	0.026596	0	18	619	0	0	0	nan	0	0	0	-0.012103	0.013545	nan	nan	nan	nan
82	G	12	1037	450	0.026667	0	18	1037	2	607	251	0.007968	0	18	607	0	0	0	nan	0	0	0	0.018699	0.009540	nan	nan	nan	nan
83	C	3	1006	139	0.021583	0	18	1006	4	594	73	0.054795	0	18	594	0	0	0	nan	0	0	0	-0.033212	0.030098	nan	nan	nan	nan
84	A	16	975	134	0.119403	0	17	975	2	577	74	0.027027	0	18	577	0	0	0	nan	0	0	0	0.092376	0.035444	nan	nan	nan	nan
85	C	19	967	132	0.143939	0	17	967	0	571	71	0.000000	0	18	571	0	0	0	nan	0	0	0	0.143939	0.033022	nan	nan	nan	nan
86	C	10	951	223	0.044843	0	17	951	0	562	157	0.000000	0	18	562	0	0	0	nan	0	0	0	0.044843	0.014181	nan	nan	nan	nan
87	A	0	855	0	nan	0	17	855	0	519	0	nan	0	17	519	0	0	0	nan	0	0	0	nan	nan	nan	nan	nan	nan