Nucleotide	Sequence	Modified_mutations	Modified_read_depth	Modified_effective_depth	Modified_rate	Modified_off_target_mapped_depth	Modified_low_mapq_mapped_depth	Modified_mapped_depth	Untreated_mutations	Untreated_read_depth	Untreated_effective_depth	Untreated_rate	Untreated_off_target_mapped_depth	Untreated_low_mapq_mapped_depth	Untreated_mapped_depth	Denatured_mutations	Denatured_read_depth	Denatured_effective_depth	Denatured_rate	Denatured_off_target_mapped_depth	Denatured_low_mapq_mapped_depth	Denatured_mapped_depth	Reactivity_profile	Std_err	HQ_profile	HQ_stderr	Norm_profile	Norm_stderr
1	G	0	3976	3875	0.000000	0	0	3976	0	8543	8324	0.000000	0	0	8543	0	0	0	nan	0	0	0	0.000000	0.000000	0.000000	0.000000	0.000000	0.000000
2	C	0	4310	4167	0.000000	0	0	4310	0	8876	8561	0.000000	0	0	8876	0	0	0	nan	0	0	0	0.000000	0.000000	0.000000	0.000000	0.000000	0.000000
3	C	23	4403	4232	0.005435	0	0	4403	20	8980	8604	0.002325	0	0	8980	0	0	0	nan	0	0	0	0.003110	0.001247	0.003110	0.001247	0.096953	0.038875
4	G	76	4445	4161	0.018265	0	0	4445	25	9020	8406	0.002974	0	0	9020	0	0	0	nan	0	0	0	0.015291	0.002178	0.015291	0.002178	0.476692	0.067899
5	A	37	4502	4214	0.008780	0	0	4502	27	9059	8440	0.003199	0	0	9059	0	0	0	nan	0	0	0	0.005581	0.001569	0.005581	0.001569	0.173986	0.048913
6	C	39	4539	4271	0.009131	0	0	4539	53	9085	8470	0.006257	0	0	9085	0	0	0	nan	0	0	0	0.002874	0.001696	0.002874	0.001696	0.089596	0.052872
7	U	48	4881	4662	0.010296	0	0	4881	85	9427	8874	0.009579	0	0	9427	0	0	0	nan	0	0	0	0.000717	0.001813	0.000717	0.001813	0.022352	0.056520
8	U	886	5128	4873	0.181818	0	0	5128	1140	9960	9419	0.121032	0	0	9960	0	0	0	nan	0	0	0	0.060786	0.007082	nan	nan	nan	nan
9	A	338	5572	5333	0.063379	0	0	5572	23	10480	9970	0.002307	0	0	10480	0	0	0	nan	0	0	0	0.061072	0.003481	0.061072	0.003481	1.903902	0.108519
10	G	59	5924	5689	0.010371	0	0	5924	128	10502	10049	0.012738	0	0	10502	0	0	0	nan	0	0	0	-0.002367	0.001758	-0.002367	0.001758	-0.073791	0.054805
11	C	38	5992	5728	0.006634	0	0	5992	64	10604	10086	0.006345	0	0	10604	0	0	0	nan	0	0	0	0.000289	0.001337	0.000289	0.001337	0.009009	0.041681
12	U	73	6395	6115	0.011938	0	0	6395	102	11031	10467	0.009745	0	0	11031	0	0	0	nan	0	0	0	0.002193	0.001698	0.002193	0.001698	0.068366	0.052935
13	C	19	6458	6202	0.003064	0	0	6458	27	11144	10642	0.002537	0	0	11144	0	0	0	nan	0	0	0	0.000526	0.000856	0.000526	0.000856	0.016398	0.026686
14	A	138	6523	6210	0.022222	0	0	6523	13	11315	10711	0.001214	0	0	11315	0	0	0	nan	0	0	0	0.021009	0.001921	0.021009	0.001921	0.654949	0.059887
15	G	87	6544	6190	0.014055	0	0	6544	76	11326	10660	0.007129	0	0	11326	0	0	0	nan	0	0	0	0.006925	0.001714	0.006925	0.001714	0.215885	0.053433
16	U	89	6668	6317	0.014089	0	0	6668	215	11486	10831	0.019850	0	0	11486	0	0	0	nan	0	0	0	-0.005761	0.002016	-0.005761	0.002016	-0.179597	0.062848
17	A	42	6691	6356	0.006608	0	0	6691	19	11533	10922	0.001740	0	0	11533	0	0	0	nan	0	0	0	0.004868	0.001095	0.004868	0.001095	0.151758	0.034136
18	G	161	6786	6406	0.025133	0	0	6786	100	11557	10960	0.009124	0	0	11557	0	0	0	nan	0	0	0	0.016009	0.002181	0.016009	0.002181	0.499076	0.067992
19	G	211	6815	6396	0.032989	0	0	6815	110	11587	10874	0.010116	0	0	11587	0	0	0	nan	0	0	0	0.022873	0.002467	0.022873	0.002467	0.713059	0.076908
20	U	75	6852	6499	0.011540	0	0	6852	154	11627	11065	0.013918	0	0	11627	0	0	0	nan	0	0	0	-0.002378	0.001742	-0.002378	0.001742	-0.074133	0.054306
21	A	26	6863	6564	0.003961	0	0	6863	27	11654	11143	0.002423	0	0	11654	0	0	0	nan	0	0	0	0.001538	0.000906	0.001538	0.000906	0.047947	0.028244
22	G	28	6879	6485	0.004318	0	0	6879	29	11684	11009	0.002634	0	0	11684	0	0	0	nan	0	0	0	0.001683	0.000951	0.001683	0.000951	0.052467	0.029647
23	A	38	6887	6418	0.005921	0	0	6887	40	11691	10856	0.003685	0	0	11691	0	0	0	nan	0	0	0	0.002236	0.001123	0.002236	0.001123	0.069707	0.035009
24	G	141	6890	6386	0.022080	0	0	6890	75	11693	10733	0.006988	0	0	11693	0	0	0	nan	0	0	0	0.015092	0.002027	0.015092	0.002027	0.470489	0.063191
25	C	32	6898	6505	0.004919	0	0	6898	62	11701	10966	0.005654	0	0	11701	0	0	0	nan	0	0	0	-0.000735	0.001128	-0.000735	0.001128	-0.022913	0.035165
26	A	507	6900	6539	0.077535	0	0	6900	11	11712	11033	0.000997	0	0	11712	0	0	0	nan	0	0	0	0.076538	0.003457	0.076538	0.003457	2.386050	0.107771
27	A	62	6909	6597	0.009398	0	0	6909	68	11718	11160	0.006093	0	0	11718	0	0	0	nan	0	0	0	0.003305	0.001404	0.003305	0.001404	0.103032	0.043769
28	C	58	6912	6497	0.008927	0	0	6912	88	11717	10884	0.008085	0	0	11717	0	0	0	nan	0	0	0	0.000842	0.001455	0.000842	0.001455	0.026249	0.045359
29	U	87	6916	6458	0.013472	0	0	6916	164	11727	10795	0.015192	0	0	11727	0	0	0	nan	0	0	0	-0.001721	0.001869	-0.001721	0.001869	-0.053652	0.058266
30	G	91	6927	6420	0.014174	0	0	6927	29	11741	10745	0.002699	0	0	11741	0	0	0	nan	0	0	0	0.011476	0.001568	0.011476	0.001568	0.357761	0.048882
31	A	33	6935	6462	0.005107	0	0	6935	74	11757	10874	0.006805	0	0	11757	0	0	0	nan	0	0	0	-0.001698	0.001190	-0.001698	0.001190	-0.052935	0.037098
32	C	537	6939	6486	0.082794	0	0	6939	531	11765	11017	0.048198	0	0	11765	0	0	0	nan	0	0	0	0.034595	0.004140	0.034595	0.004140	1.078489	0.129063
33	U	69	7070	6608	0.010442	0	0	7070	213	11856	11113	0.019167	0	0	11856	0	0	0	nan	0	0	0	-0.008725	0.001818	-0.008725	0.001818	-0.271999	0.056676
34	U	248	7099	6441	0.038503	0	0	7099	227	11877	11007	0.020623	0	0	11877	0	0	0	nan	0	0	0	0.017880	0.002802	0.017880	0.002802	0.557404	0.087352
35	G	161	7158	6594	0.024416	0	0	7158	32	11909	11014	0.002905	0	0	11909	0	0	0	nan	0	0	0	0.021511	0.001992	0.021511	0.001992	0.670599	0.062100
36	U	44	7216	6724	0.006544	0	0	7216	79	11938	11172	0.007071	0	0	11938	0	0	0	nan	0	0	0	-0.000528	0.001267	-0.000528	0.001267	-0.016460	0.039498
37	A	226	7229	6866	0.032916	0	0	7229	405	11945	11377	0.035598	0	0	11945	0	0	0	nan	0	0	0	-0.002682	0.002815	-0.002682	0.002815	-0.083611	0.087757
38	A	258	7271	6952	0.037112	0	0	7271	32	11990	11492	0.002785	0	0	11990	0	0	0	nan	0	0	0	0.034327	0.002362	0.034327	0.002362	1.070134	0.073635
39	U	84	7306	6962	0.012065	0	0	7306	136	12021	11449	0.011879	0	0	12021	0	0	0	nan	0	0	0	0.000187	0.001665	0.000187	0.001665	0.005830	0.051906
40	C	33	7320	7006	0.004710	0	0	7320	27	12035	11548	0.002338	0	0	12035	0	0	0	nan	0	0	0	0.002372	0.000935	0.002372	0.000935	0.073946	0.029148
41	A	44	7383	7048	0.006243	0	0	7383	18	12083	11583	0.001554	0	0	12083	0	0	0	nan	0	0	0	0.004689	0.001010	0.004689	0.001010	0.146178	0.031486
42	G	202	7381	7002	0.028849	0	0	7381	93	12070	11447	0.008124	0	0	12070	0	0	0	nan	0	0	0	0.020725	0.002198	0.020725	0.002198	0.646096	0.068522
43	U	99	7388	7036	0.014070	0	0	7388	142	12080	11486	0.012363	0	0	12080	0	0	0	nan	0	0	0	0.001708	0.001754	0.001708	0.001754	0.053246	0.054680
44	A	52	7391	7038	0.007388	0	0	7391	43	12085	11483	0.003745	0	0	12085	0	0	0	nan	0	0	0	0.003644	0.001173	0.003644	0.001173	0.113601	0.036568
45	G	170	7388	6913	0.024591	0	0	7388	106	12077	11383	0.009312	0	0	12077	0	0	0	nan	0	0	0	0.015279	0.002092	0.015279	0.002092	0.476318	0.065217
46	G	1277	7383	6861	0.186124	0	0	7383	2310	12081	11116	0.207809	0	0	12081	0	0	0	nan	0	0	0	-0.021684	0.006769	nan	nan	nan	nan
47	U	101	7428	6885	0.014670	0	0	7428	144	12105	11106	0.012966	0	0	12105	0	0	0	nan	0	0	0	0.001704	0.001816	0.001704	0.001816	0.053122	0.056613
48	C	28	7432	6779	0.004130	0	0	7432	62	12106	10996	0.005638	0	0	12106	0	0	0	nan	0	0	0	-0.001508	0.001059	-0.001508	0.001059	-0.047011	0.033014
49	A	92	7452	6884	0.013364	0	0	7452	63	12123	11175	0.005638	0	0	12123	0	0	0	nan	0	0	0	0.007727	0.001564	0.007727	0.001564	0.240887	0.048757
50	C	79	7456	6860	0.011516	0	0	7456	107	12126	11079	0.009658	0	0	12126	0	0	0	nan	0	0	0	0.001858	0.001597	0.001858	0.001597	0.057923	0.049786
51	C	39	7454	7062	0.005523	0	0	7454	40	12128	11416	0.003504	0	0	12128	0	0	0	nan	0	0	0	0.002019	0.001044	0.002019	0.001044	0.062942	0.032546
52	A	51	7462	7002	0.007284	0	0	7462	33	12131	11326	0.002914	0	0	12131	0	0	0	nan	0	0	0	0.004370	0.001139	0.004370	0.001139	0.136233	0.035508
53	G	181	7450	7006	0.025835	0	0	7450	107	12111	11370	0.009411	0	0	12111	0	0	0	nan	0	0	0	0.016424	0.002125	0.016424	0.002125	0.512013	0.066246
54	U	143	7447	6921	0.020662	0	0	7447	374	12108	11263	0.033206	0	0	12108	0	0	0	nan	0	0	0	-0.012544	0.002436	-0.012544	0.002436	-0.391056	0.075942
55	U	139	7443	6867	0.020242	0	0	7443	209	12103	11186	0.018684	0	0	12103	0	0	0	nan	0	0	0	0.001558	0.002149	0.001558	0.002149	0.048570	0.066994
56	C	66	7439	6836	0.009655	0	0	7439	195	12095	11112	0.017549	0	0	12095	0	0	0	nan	0	0	0	-0.007894	0.001730	-0.007894	0.001730	-0.246093	0.053932
57	G	10	7436	6776	0.001476	0	0	7436	45	12085	11209	0.004015	0	0	12085	0	0	0	nan	0	0	0	-0.002539	0.000759	-0.002539	0.000759	-0.079153	0.023662
58	A	3891	7427	6728	0.578329	0	0	7427	138	12083	11106	0.012426	0	0	12083	0	0	0	nan	0	0	0	0.565904	0.009332	0.565904	0.009332	17.641892	0.290922
59	U	67	7420	6801	0.009851	0	0	7420	174	12070	11168	0.015580	0	0	12070	0	0	0	nan	0	0	0	-0.005729	0.001686	-0.005729	0.001686	-0.178600	0.052561
60	U	63	7406	6745	0.009340	0	0	7406	176	12050	10841	0.016235	0	0	12050	0	0	0	nan	0	0	0	-0.006894	0.001698	-0.006894	0.001698	-0.214918	0.052935
61	C	31	7401	6742	0.004598	0	0	7401	127	12041	10821	0.011736	0	0	12041	0	0	0	nan	0	0	0	-0.007138	0.001329	-0.007138	0.001329	-0.222525	0.041431
62	C	49	7399	6616	0.007406	0	0	7399	79	12038	10621	0.007438	0	0	12038	0	0	0	nan	0	0	0	-0.000032	0.001349	-0.000032	0.001349	-0.000998	0.042055
63	G	77	7392	6546	0.011763	0	0	7392	87	12023	10505	0.008282	0	0	12023	0	0	0	nan	0	0	0	0.003481	0.001608	0.003481	0.001608	0.108519	0.050129
64	G	313	7389	6560	0.047713	0	0	7389	130	12011	10496	0.012386	0	0	12011	0	0	0	nan	0	0	0	0.035328	0.002907	0.035328	0.002907	1.101340	0.090625
65	U	60	7387	6720	0.008929	0	0	7387	101	12009	10785	0.009365	0	0	12009	0	0	0	nan	0	0	0	-0.000436	0.001482	-0.000436	0.001482	-0.013592	0.046201
66	A	54	7380	6894	0.007833	0	0	7380	24	12003	11153	0.002152	0	0	12003	0	0	0	nan	0	0	0	0.005681	0.001153	0.005681	0.001153	0.177104	0.035944
67	G	172	7374	6859	0.025077	0	0	7374	91	11983	11094	0.008203	0	0	11983	0	0	0	nan	0	0	0	0.016874	0.002097	0.016874	0.002097	0.526042	0.065373
68	U	152	7368	6796	0.022366	0	0	7368	175	11980	11016	0.015886	0	0	11980	0	0	0	nan	0	0	0	0.006480	0.002176	0.006480	0.002176	0.202012	0.067836
69	C	61	7364	6657	0.009163	0	0	7364	100	11973	10788	0.009270	0	0	11973	0	0	0	nan	0	0	0	-0.000106	0.001495	-0.000106	0.001495	-0.003305	0.046606
70	G	182	7360	6518	0.027923	0	0	7360	107	11967	10561	0.010132	0	0	11967	0	0	0	nan	0	0	0	0.017791	0.002290	0.017791	0.002290	0.554629	0.071390
71	G	362	7352	6487	0.055804	0	0	7352	181	11964	10507	0.017227	0	0	11964	0	0	0	nan	0	0	0	0.038577	0.003200	0.038577	0.003200	1.202627	0.099759
72	C	170	7350	6245	0.027222	0	0	7350	239	11963	10283	0.023242	0	0	11963	0	0	0	nan	0	0	0	0.003980	0.002573	0.003980	0.002573	0.124075	0.080213
73	A	186	7345	6464	0.028775	0	0	7345	71	11957	10692	0.006640	0	0	11957	0	0	0	nan	0	0	0	0.022134	0.002252	0.022134	0.002252	0.690021	0.070205
74	C	261	7327	6367	0.040993	0	0	7327	45	11938	10500	0.004286	0	0	11938	0	0	0	nan	0	0	0	0.036707	0.002617	0.036707	0.002617	1.144330	0.081584
75	C	290	7310	6335	0.045777	0	0	7310	24	11928	10716	0.002240	0	0	11928	0	0	0	nan	0	0	0	0.043538	0.002727	0.043538	0.002727	1.357284	0.085013
76	A	0	7019	0	nan	0	0	7019	0	11778	0	nan	0	0	11778	0	0	0	nan	0	0	0	nan	nan	nan	nan	nan	nan