0.000000
0.000000
0.042069
0.411307
0.154531
0.177452
0.289791
0.000000
0.302006
0.000000
0.054120
0.142418
0.333634
0.463429
0.649609
0.075145
0.329087
0.236548
0.656562
0.000000
0.333185
0.373133
0.850000
0.043843
0.394973
0.609803
0.323458
0.000000
0.132569
0.098840
0.733624
0.000000
0.194805
0.006485
0.850000
0.532864
0.850000
0.850000
0.850000
0.771574
0.000000
0.850000
0.023757
0.850000
0.028896
0.100961
0.000000
0.138115
0.056098
0.513981
0.367668
0.850000
0.850000
0.718391
0.042313
0.850000
0.000000
0.098636
0.000000
0.092519
0.295256
0.047738
0.088338
0.202656
0.563616
0.000000
0.000000
0.109485
0.000000
0.850000
0.000000
0.000000
0.000000
0.000000
0.000000
0.000000
0.000000
0.009340
0.037379
0.000000
0.000000
0.000000
0.000000
0.547567
0.142071
0.480803
0.000000
0.000000
