Nucleotide	Sequence	Modified_mutations	Modified_read_depth	Modified_effective_depth	Modified_rate	Modified_off_target_mapped_depth	Modified_low_mapq_mapped_depth	Modified_mapped_depth	Untreated_mutations	Untreated_read_depth	Untreated_effective_depth	Untreated_rate	Untreated_off_target_mapped_depth	Untreated_low_mapq_mapped_depth	Untreated_mapped_depth	Denatured_mutations	Denatured_read_depth	Denatured_effective_depth	Denatured_rate	Denatured_off_target_mapped_depth	Denatured_low_mapq_mapped_depth	Denatured_mapped_depth	Reactivity_profile	Std_err	HQ_profile	HQ_stderr	Norm_profile	Norm_stderr
1	G	0	369	361	0.000000	0	0	369	0	806	787	0.000000	0	0	806	0	0	0	nan	0	0	0	0.000000	0.000000	nan	nan	nan	nan
2	C	0	394	381	0.000000	0	0	394	0	827	793	0.000000	0	0	827	0	0	0	nan	0	0	0	0.000000	0.000000	nan	nan	nan	nan
3	G	8	397	379	0.021108	0	0	397	6	830	787	0.007624	0	0	830	0	0	0	nan	0	0	0	0.013484	0.008086	nan	nan	nan	nan
4	G	13	399	373	0.034853	0	0	399	11	834	782	0.014066	0	0	834	0	0	0	nan	0	0	0	0.020786	0.010556	nan	nan	nan	nan
5	G	46	403	374	0.122995	0	0	403	5	834	782	0.006394	0	0	834	0	0	0	nan	0	0	0	0.116601	0.018359	nan	nan	nan	nan
6	A	4	407	380	0.010526	0	0	407	6	834	786	0.007634	0	0	834	0	0	0	nan	0	0	0	0.002893	0.006117	nan	nan	nan	nan
7	G	7	410	376	0.018617	0	0	410	8	840	784	0.010204	0	0	840	0	0	0	nan	0	0	0	0.008413	0.007908	nan	nan	nan	nan
8	U	117	417	379	0.308707	0	0	417	257	849	788	0.326142	0	0	849	0	0	0	nan	0	0	0	-0.017435	0.035049	nan	nan	nan	nan
9	G	9	433	393	0.022901	0	0	433	9	877	821	0.010962	0	0	877	0	0	0	nan	0	0	0	0.011939	0.008463	nan	nan	nan	nan
10	G	17	443	415	0.040964	0	0	443	19	888	839	0.022646	0	0	888	0	0	0	nan	0	0	0	0.018318	0.011212	nan	nan	nan	nan
11	C	7	450	428	0.016355	0	0	450	11	894	857	0.012835	0	0	894	0	0	0	nan	0	0	0	0.003520	0.007293	nan	nan	nan	nan
12	G	9	453	434	0.020737	0	0	453	6	900	869	0.006904	0	0	900	0	0	0	nan	0	0	0	0.013833	0.007465	nan	nan	nan	nan
13	A	1	464	440	0.002273	0	0	464	6	943	900	0.006667	0	0	943	0	0	0	nan	0	0	0	-0.004394	0.003546	nan	nan	nan	nan
14	A	2	469	441	0.004535	0	0	469	2	971	911	0.002195	0	0	971	0	0	0	nan	0	0	0	0.002340	0.003563	nan	nan	nan	nan
15	A	61	486	450	0.135556	0	0	486	216	987	922	0.234273	0	0	987	0	0	0	nan	0	0	0	-0.098718	0.023565	nan	nan	nan	nan
16	U	23	1228	1167	0.019709	0	0	1228	56	2320	2216	0.025271	0	0	2320	0	0	0	nan	0	0	0	-0.005562	0.005319	-0.005562	0.005319	-0.153781	0.147062
17	U	4	1391	1319	0.003033	0	0	1391	10	2593	2458	0.004068	0	0	2593	0	0	0	nan	0	0	0	-0.001036	0.001989	-0.001036	0.001989	-0.028644	0.054993
18	G	27	1480	1386	0.019481	0	0	1480	56	2760	2604	0.021505	0	0	2760	0	0	0	nan	0	0	0	-0.002025	0.004724	-0.002025	0.004724	-0.055988	0.130611
19	G	50	1533	1453	0.034412	0	0	1533	27	2812	2667	0.010124	0	0	2812	0	0	0	nan	0	0	0	0.024288	0.005242	0.024288	0.005242	0.671527	0.144933
20	U	23	1623	1556	0.014781	0	0	1623	52	2828	2724	0.019090	0	0	2828	0	0	0	nan	0	0	0	-0.004308	0.004063	-0.004308	0.004063	-0.119110	0.112336
21	A	13	1635	1581	0.008223	0	0	1635	5	2836	2732	0.001830	0	0	2836	0	0	0	nan	0	0	0	0.006392	0.002423	0.006392	0.002423	0.176729	0.066992
22	G	23	1650	1480	0.015541	0	0	1650	19	2843	2507	0.007579	0	0	2843	0	0	0	nan	0	0	0	0.007962	0.003677	0.007962	0.003677	0.220137	0.101664
23	A	227	1670	1497	0.151637	0	0	1670	16	2849	2508	0.006380	0	0	2849	0	0	0	nan	0	0	0	0.145257	0.010190	0.145257	0.010190	4.016138	0.281738
24	C	16	1686	1519	0.010533	0	0	1686	15	2851	2513	0.005969	0	0	2851	0	0	0	nan	0	0	0	0.004564	0.003051	0.004564	0.003051	0.126188	0.084356
25	G	31	1687	1632	0.018995	0	0	1687	21	2858	2762	0.007603	0	0	2858	0	0	0	nan	0	0	0	0.011392	0.003794	0.011392	0.003794	0.314972	0.104898
26	C	9	1688	1408	0.006392	0	0	1688	8	2861	2328	0.003436	0	0	2861	0	0	0	nan	0	0	0	0.002956	0.002453	0.002956	0.002453	0.081729	0.067822
27	A	111	1692	1405	0.079004	0	0	1692	16	2869	2344	0.006826	0	0	2869	0	0	0	nan	0	0	0	0.072178	0.007690	0.072178	0.007690	1.995613	0.212617
28	C	10	1694	1375	0.007273	0	0	1694	31	2875	2297	0.013496	0	0	2875	0	0	0	nan	0	0	0	-0.006223	0.003341	-0.006223	0.003341	-0.172057	0.092374
29	C	2	1695	1595	0.001254	0	0	1695	7	2878	2685	0.002607	0	0	2878	0	0	0	nan	0	0	0	-0.001353	0.001326	-0.001353	0.001326	-0.037408	0.036662
30	A	13	1696	1589	0.008181	0	0	1696	21	2881	2674	0.007853	0	0	2881	0	0	0	nan	0	0	0	0.000328	0.002844	0.000328	0.002844	0.009069	0.078632
31	G	47	1697	1630	0.028834	0	0	1697	17	2881	2746	0.006191	0	0	2881	0	0	0	nan	0	0	0	0.022644	0.004466	0.022644	0.004466	0.626073	0.123478
32	A	41	1701	1606	0.025529	0	0	1701	51	2883	2700	0.018889	0	0	2883	0	0	0	nan	0	0	0	0.006640	0.004785	0.006640	0.004785	0.183586	0.132298
33	U	55	1729	1630	0.033742	0	0	1729	97	2918	2721	0.035649	0	0	2918	0	0	0	nan	0	0	0	-0.001906	0.005814	-0.001906	0.005814	-0.052698	0.160748
34	U	35	1786	1680	0.020833	0	0	1786	54	2958	2776	0.019452	0	0	2958	0	0	0	nan	0	0	0	0.001381	0.004405	0.001381	0.004405	0.038183	0.121792
35	U	96	2021	1925	0.049870	0	0	2021	161	3143	3031	0.053118	0	0	3143	0	0	0	nan	0	0	0	-0.003248	0.006590	nan	nan	nan	nan
36	A	68	2080	1988	0.034205	0	0	2080	86	3202	3087	0.027859	0	0	3202	0	0	0	nan	0	0	0	0.006346	0.005122	0.006346	0.005122	0.175457	0.141616
37	G	34	2097	1987	0.017111	0	0	2097	8	3214	3068	0.002608	0	0	3214	0	0	0	nan	0	0	0	0.014504	0.003076	0.014504	0.003076	0.401014	0.085047
38	G	755	2098	1970	0.383249	0	0	2098	1290	3214	3007	0.428999	0	0	3214	0	0	0	nan	0	0	0	-0.045750	0.018363	nan	nan	nan	nan
39	U	24	2114	2008	0.011952	0	0	2114	58	3243	3072	0.018880	0	0	3243	0	0	0	nan	0	0	0	-0.006928	0.003478	-0.006928	0.003478	-0.191549	0.096161
40	U	28	2121	2026	0.013820	0	0	2121	41	3257	3117	0.013154	0	0	3257	0	0	0	nan	0	0	0	0.000667	0.003323	0.000667	0.003323	0.018442	0.091876
41	C	13	2132	2040	0.006373	0	0	2132	9	3268	3138	0.002868	0	0	3268	0	0	0	nan	0	0	0	0.003504	0.002009	0.003504	0.002009	0.096880	0.055546
42	U	18	2142	2018	0.008920	0	0	2142	18	3290	3118	0.005773	0	0	3290	0	0	0	nan	0	0	0	0.003147	0.002504	0.003147	0.002504	0.087010	0.069232
43	G	39	2144	1994	0.019559	0	0	2144	36	3290	3060	0.011765	0	0	3290	0	0	0	nan	0	0	0	0.007794	0.003695	0.007794	0.003695	0.215492	0.102161
44	G	56	2146	1999	0.028014	0	0	2146	24	3289	3055	0.007856	0	0	3289	0	0	0	nan	0	0	0	0.020158	0.004073	0.020158	0.004073	0.557338	0.112612
45	C	24	2147	2006	0.011964	0	0	2147	22	3289	3056	0.007199	0	0	3289	0	0	0	nan	0	0	0	0.004765	0.002884	0.004765	0.002884	0.131745	0.079738
46	G	52	2148	2029	0.025628	0	0	2148	49	3289	3106	0.015776	0	0	3289	0	0	0	nan	0	0	0	0.009852	0.004208	0.009852	0.004208	0.272393	0.116345
47	C	24	2149	2033	0.011805	0	0	2149	30	3289	3117	0.009625	0	0	3289	0	0	0	nan	0	0	0	0.002181	0.002982	0.002181	0.002982	0.060301	0.082448
48	C	13	2152	2046	0.006354	0	0	2152	17	3288	3129	0.005433	0	0	3288	0	0	0	nan	0	0	0	0.000921	0.002200	0.000921	0.002200	0.025464	0.060827
49	G	55	2153	2048	0.026855	0	0	2153	39	3287	3140	0.012420	0	0	3287	0	0	0	nan	0	0	0	0.014435	0.004131	0.014435	0.004131	0.399106	0.114216
50	C	117	2155	2045	0.057213	0	0	2155	27	3288	3131	0.008623	0	0	3288	0	0	0	nan	0	0	0	0.048589	0.005544	0.048589	0.005544	1.343413	0.153283
51	A	54	2159	2089	0.025850	0	0	2159	10	3288	3185	0.003140	0	0	3288	0	0	0	nan	0	0	0	0.022710	0.003655	0.022710	0.003655	0.627897	0.101055
52	A	24	2160	2071	0.011589	0	0	2160	7	3287	3144	0.002226	0	0	3287	0	0	0	nan	0	0	0	0.009362	0.002511	0.009362	0.002511	0.258845	0.069425
53	G	60	2160	2034	0.029499	0	0	2160	45	3284	3099	0.014521	0	0	3284	0	0	0	nan	0	0	0	0.014978	0.004380	0.014978	0.004380	0.414119	0.121100
54	G	206	2158	2008	0.102590	0	0	2158	49	3284	3047	0.016081	0	0	3284	0	0	0	nan	0	0	0	0.086508	0.007508	0.086508	0.007508	2.391816	0.207585
55	U	23	2157	2000	0.011500	0	0	2157	46	3284	3056	0.015052	0	0	3284	0	0	0	nan	0	0	0	-0.003552	0.003267	-0.003552	0.003267	-0.098207	0.090328
56	G	54	2157	1978	0.027300	0	0	2157	39	3285	3037	0.012842	0	0	3285	0	0	0	nan	0	0	0	0.014459	0.004246	0.014459	0.004246	0.399770	0.117396
57	U	24	2157	1992	0.012048	0	0	2157	62	3287	3066	0.020222	0	0	3287	0	0	0	nan	0	0	0	-0.008174	0.003556	-0.008174	0.003556	-0.225999	0.098318
58	G	50	2157	1987	0.025164	0	0	2157	27	3291	3055	0.008838	0	0	3291	0	0	0	nan	0	0	0	0.016326	0.003944	0.016326	0.003944	0.451389	0.109046
59	C	24	2156	2020	0.011881	0	0	2156	43	3289	3102	0.013862	0	0	3289	0	0	0	nan	0	0	0	-0.001981	0.003217	-0.001981	0.003217	-0.054772	0.088945
60	G	26	2155	2040	0.012745	0	0	2155	6	3289	3127	0.001919	0	0	3289	0	0	0	nan	0	0	0	0.010826	0.002619	0.010826	0.002619	0.299323	0.072411
61	A	19	2155	2065	0.009201	0	0	2155	15	3290	3154	0.004756	0	0	3290	0	0	0	nan	0	0	0	0.004445	0.002442	0.004445	0.002442	0.122898	0.067518
62	G	75	2154	2043	0.036711	0	0	2154	22	3290	3147	0.006991	0	0	3290	0	0	0	nan	0	0	0	0.029720	0.004493	0.029720	0.004493	0.821713	0.124225
63	U	40	2154	2022	0.019782	0	0	2154	55	3292	3126	0.017594	0	0	3292	0	0	0	nan	0	0	0	0.002188	0.003926	0.002188	0.003926	0.060495	0.108548
64	U	38	2153	1904	0.019958	0	0	2153	59	3292	2924	0.020178	0	0	3292	0	0	0	nan	0	0	0	-0.000220	0.004169	-0.000220	0.004169	-0.006083	0.115267
65	C	82	2153	1933	0.042421	0	0	2153	18	3290	2920	0.006164	0	0	3290	0	0	0	nan	0	0	0	0.036257	0.004905	0.036257	0.004905	1.002451	0.135616
66	A	29	2153	1901	0.015255	0	0	2153	10	3288	2878	0.003475	0	0	3288	0	0	0	nan	0	0	0	0.011780	0.003038	0.011780	0.003038	0.325699	0.083996
67	A	823	2152	1981	0.415447	0	0	2152	13	3288	3027	0.004295	0	0	3288	0	0	0	nan	0	0	0	0.411152	0.014530	0.411152	0.014530	11.367734	0.401733
68	G	28	2151	1989	0.014077	0	0	2151	29	3287	3025	0.009587	0	0	3287	0	0	0	nan	0	0	0	0.004491	0.003201	0.004491	0.003201	0.124169	0.088503
69	U	20	2151	2015	0.009926	0	0	2151	40	3283	3064	0.013055	0	0	3283	0	0	0	nan	0	0	0	-0.003129	0.003031	-0.003129	0.003031	-0.086512	0.083803
70	C	19	2151	2028	0.009369	0	0	2151	23	3281	3084	0.007458	0	0	3281	0	0	0	nan	0	0	0	0.001911	0.002653	0.001911	0.002653	0.052836	0.073351
71	U	14	2151	1958	0.007150	0	0	2151	27	3281	2972	0.009085	0	0	3281	0	0	0	nan	0	0	0	-0.001935	0.002590	-0.001935	0.002590	-0.053500	0.071610
72	C	15	2150	1925	0.007792	0	0	2150	18	3280	2919	0.006166	0	0	3280	0	0	0	nan	0	0	0	0.001626	0.002482	0.001626	0.002482	0.044956	0.068624
73	G	56	2147	1891	0.029614	0	0	2147	34	3278	2874	0.011830	0	0	3278	0	0	0	nan	0	0	0	0.017784	0.004447	0.017784	0.004447	0.491701	0.122953
74	C	17	2147	1906	0.008919	0	0	2147	36	3275	2915	0.012350	0	0	3275	0	0	0	nan	0	0	0	-0.003431	0.002986	-0.003431	0.002986	-0.094862	0.082558
75	C	12	2145	1886	0.006363	0	0	2145	18	3272	2892	0.006224	0	0	3272	0	0	0	nan	0	0	0	0.000139	0.002351	0.000139	0.002351	0.003843	0.065002
76	U	17	2143	1894	0.008976	0	0	2143	32	3271	2895	0.011054	0	0	3271	0	0	0	nan	0	0	0	-0.002078	0.002925	-0.002078	0.002925	-0.057454	0.080872
77	C	12	2141	1926	0.006231	0	0	2141	9	3271	2911	0.003092	0	0	3271	0	0	0	nan	0	0	0	0.003139	0.002073	0.003139	0.002073	0.086789	0.057315
78	C	4	2139	1982	0.002018	0	0	2139	21	3268	2982	0.007042	0	0	3268	0	0	0	nan	0	0	0	-0.005024	0.001838	-0.005024	0.001838	-0.138906	0.050818
79	C	16	2136	1945	0.008226	0	0	2136	15	3266	2925	0.005128	0	0	3266	0	0	0	nan	0	0	0	0.003098	0.002446	0.003098	0.002446	0.085655	0.067628
80	G	107	2133	1949	0.054900	0	0	2133	23	3262	2958	0.007776	0	0	3262	0	0	0	nan	0	0	0	0.047124	0.005549	0.047124	0.005549	1.302908	0.153422
81	C	60	2133	1600	0.037500	0	0	2133	87	3261	2309	0.037679	0	0	3261	0	0	0	nan	0	0	0	-0.000179	0.006305	-0.000179	0.006305	-0.004949	0.174324
82	A	40	2133	1640	0.024390	0	0	2133	35	3254	2387	0.014663	0	0	3254	0	0	0	nan	0	0	0	0.009727	0.004584	0.009727	0.004584	0.268937	0.126741
83	C	56	2125	1605	0.034891	0	0	2125	9	3249	2332	0.003859	0	0	3249	0	0	0	nan	0	0	0	0.031032	0.004837	0.031032	0.004837	0.857988	0.133736
84	C	44	2120	1789	0.024595	0	0	2120	4	3245	2840	0.001408	0	0	3245	0	0	0	nan	0	0	0	0.023186	0.003774	0.023186	0.003774	0.641058	0.104345
85	A	0	2040	0	nan	0	0	2040	0	3204	0	nan	0	0	3204	0	0	0	nan	0	0	0	nan	nan	nan	nan	nan	nan