Nucleotide	Sequence	Modified_mutations	Modified_read_depth	Modified_effective_depth	Modified_rate	Modified_off_target_mapped_depth	Modified_low_mapq_mapped_depth	Modified_mapped_depth	Untreated_mutations	Untreated_read_depth	Untreated_effective_depth	Untreated_rate	Untreated_off_target_mapped_depth	Untreated_low_mapq_mapped_depth	Untreated_mapped_depth	Denatured_mutations	Denatured_read_depth	Denatured_effective_depth	Denatured_rate	Denatured_off_target_mapped_depth	Denatured_low_mapq_mapped_depth	Denatured_mapped_depth	Reactivity_profile	Std_err	HQ_profile	HQ_stderr	Norm_profile	Norm_stderr
1	G	0	1528	1472	0.000000	0	63	1528	0	1738	1664	0.000000	0	20	1738	0	0	0	nan	0	0	0	0.000000	0.000000	0.000000	0.000000	0.000000	0.000000
2	G	0	1584	1506	0.000000	0	65	1584	0	1773	1684	0.000000	0	21	1773	0	0	0	nan	0	0	0	0.000000	0.000000	0.000000	0.000000	0.000000	0.000000
3	U	15	1654	1565	0.009585	0	65	1654	21	1799	1703	0.012331	0	21	1799	0	0	0	nan	0	0	0	-0.002747	0.003656	-0.002747	0.003656	-0.076441	0.101736
4	G	18	1670	1589	0.011328	0	65	1670	17	1808	1709	0.009947	0	21	1808	0	0	0	nan	0	0	0	0.001381	0.003599	0.001381	0.003599	0.038429	0.100150
5	G	45	1688	1600	0.028125	0	66	1688	35	1814	1693	0.020673	0	21	1814	0	0	0	nan	0	0	0	0.007452	0.005458	0.007452	0.005458	0.207368	0.151881
6	G	42	1698	1614	0.026022	0	66	1698	14	1823	1698	0.008245	0	21	1823	0	0	0	nan	0	0	0	0.017777	0.004580	0.017777	0.004580	0.494683	0.127448
7	G	44	1707	1583	0.027795	0	66	1707	23	1834	1691	0.013601	0	21	1834	0	0	0	nan	0	0	0	0.014194	0.005060	0.014194	0.005060	0.394979	0.140805
8	U	366	1807	1673	0.218769	0	74	1807	707	1966	1774	0.398534	0	21	1966	0	0	0	nan	0	0	0	-0.179766	0.018853	nan	nan	nan	nan
9	U	106	1944	1838	0.057671	0	75	1944	268	2241	2117	0.126594	0	26	2241	0	0	0	nan	0	0	0	-0.068923	0.009549	nan	nan	nan	nan
10	C	16	2069	1983	0.008069	0	77	2069	20	2773	2663	0.007510	0	32	2773	0	0	0	nan	0	0	0	0.000558	0.002625	0.000558	0.002625	0.015528	0.073046
11	C	23	2146	2066	0.011133	0	81	2146	19	2828	2723	0.006978	0	35	2828	0	0	0	nan	0	0	0	0.004155	0.002820	0.004155	0.002820	0.115622	0.078473
12	C	43	2193	2095	0.020525	0	83	2193	28	2887	2758	0.010152	0	37	2887	0	0	0	nan	0	0	0	0.010373	0.003671	0.010373	0.003671	0.288651	0.102153
13	G	36	2205	1986	0.018127	0	83	2205	7	2899	2583	0.002710	0	39	2899	0	0	0	nan	0	0	0	0.015417	0.003190	0.015417	0.003190	0.429011	0.088769
14	A	71	2228	1994	0.035607	0	84	2228	15	2909	2585	0.005803	0	39	2909	0	0	0	nan	0	0	0	0.029804	0.004483	0.029804	0.004483	0.829360	0.124749
15	G	46	2247	2011	0.022874	0	85	2247	22	2932	2623	0.008387	0	39	2932	0	0	0	nan	0	0	0	0.014487	0.003817	0.014487	0.003817	0.403132	0.106216
16	C	113	2328	2207	0.051201	0	87	2328	59	2961	2808	0.021011	0	40	2961	0	0	0	nan	0	0	0	0.030189	0.005539	0.030189	0.005539	0.840074	0.154135
17	G	78	2356	2234	0.034915	0	87	2356	87	2976	2823	0.030818	0	40	2976	0	0	0	nan	0	0	0	0.004097	0.005152	0.004097	0.005152	0.114008	0.143365
18	G	83	2389	2280	0.036404	0	89	2389	50	2996	2845	0.017575	0	40	2996	0	0	0	nan	0	0	0	0.018829	0.004706	0.018829	0.004706	0.523957	0.130955
19	C	165	2448	2359	0.069945	0	91	2448	23	3015	2891	0.007956	0	40	3015	0	0	0	nan	0	0	0	0.061989	0.005692	0.061989	0.005692	1.724977	0.158392
20	C	28	2510	2457	0.011396	0	92	2510	13	3053	2983	0.004358	0	40	3053	0	0	0	nan	0	0	0	0.007038	0.002470	0.007038	0.002470	0.195847	0.068733
21	A	80	2589	2515	0.031809	0	96	2589	7	3107	3007	0.002328	0	40	3107	0	0	0	nan	0	0	0	0.029481	0.003664	0.029481	0.003664	0.820372	0.101959
22	A	32	2629	2539	0.012603	0	97	2629	8	3130	3031	0.002639	0	40	3130	0	0	0	nan	0	0	0	0.009964	0.002416	0.009964	0.002416	0.277270	0.067230
23	A	294	2655	2522	0.116574	0	99	2655	17	3147	3004	0.005659	0	40	3147	0	0	0	nan	0	0	0	0.110915	0.006936	0.110915	0.006936	3.086449	0.193009
24	G	70	2721	2540	0.027559	0	100	2721	62	3152	2973	0.020854	0	40	3152	0	0	0	nan	0	0	0	0.006705	0.004227	0.006705	0.004227	0.186581	0.117625
25	G	88	2739	2517	0.034962	0	99	2739	59	3163	2943	0.020048	0	40	3163	0	0	0	nan	0	0	0	0.014915	0.004550	0.014915	0.004550	0.415042	0.126614
26	G	107	2746	2531	0.042276	0	99	2746	16	3171	2945	0.005433	0	40	3171	0	0	0	nan	0	0	0	0.036843	0.004307	0.036843	0.004307	1.025236	0.119852
27	A	362	2754	2564	0.141186	0	99	2754	13	3186	2984	0.004357	0	40	3186	0	0	0	nan	0	0	0	0.136829	0.007518	0.136829	0.007518	3.807561	0.209205
28	G	52	2760	2612	0.019908	0	99	2760	29	3188	3025	0.009587	0	40	3188	0	0	0	nan	0	0	0	0.010321	0.003285	0.010321	0.003285	0.287204	0.091412
29	C	15	2770	2635	0.005693	0	100	2770	11	3190	3057	0.003598	0	40	3190	0	0	0	nan	0	0	0	0.002094	0.001827	0.002094	0.001827	0.058270	0.050840
30	A	26	2771	2667	0.009749	0	100	2771	15	3192	3078	0.004873	0	40	3192	0	0	0	nan	0	0	0	0.004875	0.002289	0.004875	0.002289	0.135657	0.063696
31	G	118	2774	2596	0.045455	0	100	2774	18	3196	3022	0.005956	0	40	3196	0	0	0	nan	0	0	0	0.039498	0.004414	0.039498	0.004414	1.099117	0.122829
32	A	51	2779	2586	0.019722	0	100	2779	30	3202	3018	0.009940	0	40	3202	0	0	0	nan	0	0	0	0.009781	0.003305	0.009781	0.003305	0.272177	0.091969
33	C	61	2784	2604	0.023425	0	100	2784	30	3203	3017	0.009944	0	40	3203	0	0	0	nan	0	0	0	0.013482	0.003506	0.013482	0.003506	0.375166	0.097562
34	U	30	2792	2649	0.011325	0	99	2792	22	3210	3034	0.007251	0	40	3210	0	0	0	nan	0	0	0	0.004074	0.002582	0.004074	0.002582	0.113368	0.071850
35	G	86	2795	2634	0.032650	0	98	2795	109	3218	3026	0.036021	0	39	3218	0	0	0	nan	0	0	0	-0.003371	0.004929	-0.003371	0.004929	-0.093805	0.137160
36	U	30	2856	2696	0.011128	0	100	2856	33	3291	3105	0.010628	0	39	3291	0	0	0	nan	0	0	0	0.000500	0.002748	0.000500	0.002748	0.013914	0.076469
37	A	50	2872	2741	0.018242	0	98	2872	5	3311	3179	0.001573	0	38	3311	0	0	0	nan	0	0	0	0.016669	0.002674	0.016669	0.002674	0.463851	0.074410
38	A	343	2882	2776	0.123559	0	97	2882	448	3317	3234	0.138528	0	38	3317	0	0	0	nan	0	0	0	-0.014969	0.009346	nan	nan	nan	nan
39	A	162	2976	2870	0.056446	0	96	2976	18	3450	3348	0.005376	0	39	3450	0	0	0	nan	0	0	0	0.051070	0.004612	0.051070	0.004612	1.421133	0.128339
40	U	36	3004	2879	0.012504	0	96	3004	44	3467	3360	0.013095	0	39	3467	0	0	0	nan	0	0	0	-0.000591	0.002871	-0.000591	0.002871	-0.016446	0.079892
41	C	23	3012	2871	0.008011	0	96	3012	36	3480	3342	0.010772	0	39	3480	0	0	0	nan	0	0	0	-0.002761	0.002452	-0.002761	0.002452	-0.076831	0.068232
42	U	14	3036	2857	0.004900	0	96	3036	29	3517	3337	0.008690	0	39	3517	0	0	0	nan	0	0	0	-0.003790	0.002078	-0.003790	0.002078	-0.105465	0.057825
43	G	92	3041	2861	0.032157	0	95	3041	51	3525	3332	0.015306	0	37	3525	0	0	0	nan	0	0	0	0.016850	0.003979	0.016850	0.003979	0.468888	0.110724
44	C	19	3048	2854	0.006657	0	95	3048	39	3528	3330	0.011712	0	36	3528	0	0	0	nan	0	0	0	-0.005054	0.002419	-0.005054	0.002419	-0.140638	0.067314
45	C	30	3050	2866	0.010468	0	94	3050	21	3530	3338	0.006291	0	35	3530	0	0	0	nan	0	0	0	0.004176	0.002353	0.004176	0.002353	0.116206	0.065477
46	G	45	3052	2818	0.015969	0	94	3052	22	3533	3257	0.006755	0	35	3533	0	0	0	nan	0	0	0	0.009214	0.002782	0.009214	0.002782	0.256399	0.077415
47	U	41	3079	2857	0.014351	0	95	3079	52	3544	3278	0.015863	0	33	3544	0	0	0	nan	0	0	0	-0.001513	0.003140	-0.001513	0.003140	-0.042102	0.087377
48	C	32	3081	2850	0.011228	0	94	3081	9	3545	3297	0.002730	0	30	3545	0	0	0	nan	0	0	0	0.008498	0.002183	0.008498	0.002183	0.236475	0.060747
49	A	160	3100	2929	0.054626	0	94	3100	19	3556	3393	0.005600	0	29	3556	0	0	0	nan	0	0	0	0.049026	0.004506	0.049026	0.004506	1.364254	0.125389
50	C	70	3102	2937	0.023834	0	94	3102	6	3558	3416	0.001756	0	29	3558	0	0	0	nan	0	0	0	0.022077	0.002938	0.022077	0.002938	0.614340	0.081756
51	A	115	3105	2948	0.039009	0	94	3105	16	3563	3403	0.004702	0	29	3563	0	0	0	nan	0	0	0	0.034308	0.003823	0.034308	0.003823	0.954694	0.106383
52	G	88	3104	2774	0.031723	0	99	3104	21	3563	3231	0.006500	0	30	3563	0	0	0	nan	0	0	0	0.025224	0.003667	0.025224	0.003667	0.701912	0.102042
53	A	70	3104	2768	0.025289	0	99	3104	27	3563	3231	0.008357	0	33	3563	0	0	0	nan	0	0	0	0.016932	0.003424	0.016932	0.003424	0.471169	0.095280
54	C	44	3103	2785	0.015799	0	99	3103	22	3562	3241	0.006788	0	33	3562	0	0	0	nan	0	0	0	0.009011	0.002787	0.009011	0.002787	0.250750	0.077554
55	U	41	3103	2922	0.014031	0	111	3103	47	3562	3369	0.013951	0	37	3562	0	0	0	nan	0	0	0	0.000081	0.002990	0.000081	0.002990	0.002254	0.083203
56	U	29	3103	2918	0.009938	0	167	3103	43	3560	3354	0.012821	0	55	3560	0	0	0	nan	0	0	0	-0.002882	0.002689	-0.002882	0.002689	-0.080198	0.074827
57	C	56	3102	2895	0.019344	0	176	3102	41	3560	3305	0.012405	0	61	3560	0	0	0	nan	0	0	0	0.006938	0.003230	0.006938	0.003230	0.193065	0.089882
58	G	39	3102	2899	0.013453	0	182	3102	17	3558	3340	0.005090	0	68	3558	0	0	0	nan	0	0	0	0.008363	0.002483	0.008363	0.002483	0.232718	0.069095
59	A	26	3101	2890	0.008997	0	184	3101	9	3558	3318	0.002712	0	69	3558	0	0	0	nan	0	0	0	0.006284	0.001983	0.006284	0.001983	0.174866	0.055181
60	A	22	3097	2899	0.007589	0	184	3097	13	3558	3368	0.003860	0	71	3558	0	0	0	nan	0	0	0	0.003729	0.001940	0.003729	0.001940	0.103767	0.053985
61	G	50	3097	2840	0.017606	0	184	3097	41	3557	3273	0.012527	0	72	3557	0	0	0	nan	0	0	0	0.005079	0.003166	0.005079	0.003166	0.141334	0.088101
62	G	86	3096	2822	0.030475	0	184	3096	34	3556	3245	0.010478	0	72	3556	0	0	0	nan	0	0	0	0.019997	0.003745	0.019997	0.003745	0.556460	0.104213
63	U	61	3095	2819	0.021639	0	184	3095	106	3555	3254	0.032575	0	73	3555	0	0	0	nan	0	0	0	-0.010936	0.004206	-0.010936	0.004206	-0.304318	0.117041
64	U	60	3094	2837	0.021149	0	184	3094	59	3556	3305	0.017852	0	73	3556	0	0	0	nan	0	0	0	0.003297	0.003586	0.003297	0.003586	0.091746	0.099788
65	C	65	3091	2814	0.023099	0	184	3091	56	3554	3269	0.017131	0	73	3554	0	0	0	nan	0	0	0	0.005968	0.003667	0.005968	0.003667	0.166072	0.102042
66	G	15	3088	2771	0.005413	0	183	3088	17	3551	3211	0.005294	0	73	3551	0	0	0	nan	0	0	0	0.000119	0.001898	0.000119	0.001898	0.003311	0.052816
67	A	1479	3086	2635	0.561290	0	183	3086	7	3547	2941	0.002380	0	73	3547	0	0	0	nan	0	0	0	0.558910	0.014623	0.558910	0.014623	15.552873	0.406916
68	A	52	3082	2689	0.019338	0	183	3082	36	3543	2968	0.012129	0	73	3543	0	0	0	nan	0	0	0	0.007209	0.003358	0.007209	0.003358	0.200606	0.093444
69	U	17	3078	2685	0.006331	0	183	3078	29	3542	2986	0.009712	0	73	3542	0	0	0	nan	0	0	0	-0.003381	0.002369	-0.003381	0.002369	-0.094084	0.065923
70	C	11	3073	2683	0.004100	0	183	3073	29	3536	3128	0.009271	0	73	3536	0	0	0	nan	0	0	0	-0.005171	0.002119	-0.005171	0.002119	-0.143894	0.058966
71	C	41	3069	2660	0.015414	0	183	3069	49	3530	3133	0.015640	0	73	3530	0	0	0	nan	0	0	0	-0.000226	0.003284	-0.000226	0.003284	-0.006289	0.091384
72	U	33	3067	2674	0.012341	0	183	3067	31	3524	3126	0.009917	0	73	3524	0	0	0	nan	0	0	0	0.002424	0.002791	0.002424	0.002791	0.067453	0.077666
73	U	34	3065	2753	0.012350	0	183	3065	49	3521	3220	0.015217	0	73	3521	0	0	0	nan	0	0	0	-0.002867	0.003035	-0.002867	0.003035	-0.079780	0.084455
74	C	44	3059	2688	0.016369	0	183	3059	59	3518	3117	0.018928	0	73	3518	0	0	0	nan	0	0	0	-0.002559	0.003487	-0.002559	0.003487	-0.071210	0.097033
75	C	34	3057	2653	0.012816	0	183	3057	46	3511	3028	0.015192	0	73	3511	0	0	0	nan	0	0	0	-0.002376	0.003138	-0.002376	0.003138	-0.066117	0.087322
76	C	28	3053	2584	0.010836	0	183	3053	22	3509	2948	0.007463	0	73	3509	0	0	0	nan	0	0	0	0.003373	0.002593	0.003373	0.002593	0.093861	0.072156
77	C	35	3051	2565	0.013645	0	183	3051	30	3507	2919	0.010277	0	73	3507	0	0	0	nan	0	0	0	0.003368	0.002973	0.003368	0.002973	0.093722	0.082730
78	C	14	3041	2142	0.006536	0	183	3041	11	3502	2527	0.004353	0	73	3502	0	0	0	nan	0	0	0	0.002183	0.002185	0.002183	0.002185	0.060747	0.060802
79	A	35	3038	2237	0.015646	0	183	3038	34	3499	2656	0.012801	0	73	3499	0	0	0	nan	0	0	0	0.002845	0.003437	0.002845	0.003437	0.079168	0.095642
80	C	26	3037	2163	0.012020	0	183	3037	27	3499	2621	0.010301	0	73	3499	0	0	0	nan	0	0	0	0.001719	0.003080	0.001719	0.003080	0.047835	0.085708
81	C	92	3036	2166	0.042475	0	183	3036	156	3499	2593	0.060162	0	73	3499	0	0	0	nan	0	0	0	-0.017687	0.006543	nan	nan	nan	nan
82	A	77	3026	2152	0.035781	0	183	3026	21	3489	2570	0.008171	0	73	3489	0	0	0	nan	0	0	0	0.027609	0.004450	0.027609	0.004450	0.768280	0.123831
83	C	100	3023	2255	0.044346	0	183	3023	16	3480	2664	0.006006	0	73	3480	0	0	0	nan	0	0	0	0.038340	0.004682	0.038340	0.004682	1.066893	0.130287
84	C	62	3010	2560	0.024219	0	182	3010	6	3470	3054	0.001965	0	73	3470	0	0	0	nan	0	0	0	0.022254	0.003179	0.022254	0.003179	0.619265	0.088463
85	A	0	2879	0	nan	0	175	2879	0	3403	0	nan	0	73	3403	0	0	0	nan	0	0	0	nan	nan	nan	nan	nan	nan