0.000000
0.000000
0.159266
0.540286
0.850000
0.027234
0.059707
0.000000
0.850000
0.246621
0.074439
0.159312
0.523808
0.850000
0.291574
0.850000
0.240393
0.211091
0.441946
0.032152
0.850000
0.176319
0.850000
0.049136
0.850000
0.011560
0.000000
0.305846
0.456263
0.000000
0.000000
0.000000
0.850000
0.000000
0.447254
0.000000
0.000000
0.000000
0.000000
0.000000
0.124126
0.122035
0.126310
0.015076
0.000000
0.000000
0.077335
0.085287
0.085011
0.157634
0.463710
0.413126
0.000000
0.000000
0.149039
0.000000
0.850000
0.032772
0.000000
0.000000
0.000000
0.000000
0.000000
0.850000
0.000000
0.000000
0.000000
0.031968
0.012893
0.000000
0.161656
0.436844
0.763166
0.273786
0.000000
