0.000000
0.000000
0.000000
0.038429
0.207368
0.494683
0.394979
0.000000
0.000000
0.015528
0.115622
0.288651
0.429011
0.829360
0.403132
0.840074
0.114008
0.523957
0.850000
0.195847
0.820372
0.277270
0.850000
0.186581
0.415042
0.850000
0.850000
0.287204
0.058270
0.135657
0.850000
0.272177
0.375166
0.113368
0.000000
0.013914
0.463851
0.000000
0.850000
0.000000
0.000000
0.000000
0.468888
0.000000
0.116206
0.256399
0.000000
0.236475
0.850000
0.614340
0.850000
0.701912
0.471169
0.250750
0.002254
0.000000
0.193065
0.232718
0.174866
0.103767
0.141334
0.556460
0.000000
0.091746
0.166072
0.003311
0.850000
0.200606
0.000000
0.000000
0.000000
0.067453
0.000000
0.000000
0.000000
0.093861
0.093722
0.060747
0.079168
0.047835
0.000000
0.768280
0.850000
0.619265
0.000000
