0.000000
0.000000
0.850000
0.000000
0.133634
0.058301
0.850000
0.000000
0.218066
0.311191
0.000000
0.254081
0.043895
0.676701
0.143193
0.123832
0.850000
0.092366
0.388392
0.850000
0.000000
0.034905
0.159765
0.000000
0.850000
0.053860
0.466434
0.105499
0.000000
0.768038
0.000000
0.035284
0.000000
0.091472
0.000000
0.502178
0.445935
0.000000
0.000000
0.490317
0.000000
0.156191
0.586583
0.650651
0.275149
0.587287
0.000000
0.000000
0.008232
0.172384
0.008070
0.173765
0.240136
0.826773
0.000000
0.000000
0.246093
0.266483
0.850000
0.227463
0.000000
0.009965
0.060142
0.000000
0.000000
0.000000
0.035744
0.850000
0.129681
0.477049
0.000000
0.030545
0.850000
0.850000
0.850000
0.541280
0.000000
