0.000000
0.000000
0.096953
0.476692
0.173986
0.089596
0.022352
0.000000
0.850000
0.000000
0.009009
0.068366
0.016398
0.654949
0.215885
0.000000
0.151758
0.499076
0.713059
0.000000
0.047947
0.052467
0.069707
0.470489
0.000000
0.850000
0.103032
0.026249
0.000000
0.357761
0.000000
0.850000
0.000000
0.557404
0.670599
0.000000
0.000000
0.850000
0.005830
0.073946
0.146178
0.646096
0.053246
0.113601
0.476318
0.000000
0.053122
0.000000
0.240887
0.057923
0.062942
0.136233
0.512013
0.000000
0.048570
0.000000
0.000000
0.850000
0.000000
0.000000
0.000000
0.000000
0.108519
0.850000
0.000000
0.177104
0.526042
0.202012
0.000000
0.554629
0.850000
0.124075
0.690021
0.850000
0.850000
0.000000
