0.000000
0.000000
0.480183
0.850000
0.850000
0.110879
0.687281
0.000000
0.317707
0.850000
0.000000
0.058169
0.261088
0.027939
0.027063
0.000000
0.014256
0.062146
0.548564
0.000000
0.050283
0.294284
0.247843
0.850000
0.013582
0.850000
0.064775
0.000000
0.363204
0.559787
0.000000
0.000000
0.000000
0.850000
0.737227
0.756066
0.000000
0.850000
0.103195
0.048733
0.028849
0.499056
0.344736
0.420026
0.093657
0.000000
0.013110
0.039937
0.428249
0.136223
0.169857
0.368664
0.679395
0.000000
0.119810
0.265739
0.000000
0.850000
0.000000
0.000000
0.000000
0.000000
0.000000
0.000000
0.046610
0.048328
0.527871
0.004280
0.025445
0.000000
0.024097
0.065415
0.850000
0.723746
0.278647
0.000000
