0.000000
0.000000
0.000000
0.416583
0.478268
0.081940
0.056983
0.000000
0.825205
0.066173
0.085843
0.007960
0.100688
0.237920
0.105513
0.000000
0.000000
0.035038
0.206263
0.000000
0.000000
0.044935
0.161605
0.499506
0.020900
0.850000
0.203866
0.054155
0.326406
0.155181
0.104069
0.000000
0.213639
0.850000
0.850000
0.000000
0.000000
0.695565
0.001813
0.452635
0.027877
0.644176
0.193354
0.148204
0.498953
0.000000
0.124784
0.069369
0.673835
0.068939
0.226456
0.052834
0.587009
0.000000
0.000000
0.085136
0.000000
0.850000
0.729220
0.000000
0.000000
0.000000
0.067648
0.053325
0.061224
0.082985
0.170549
0.158777
0.052495
0.509587
0.850000
0.036821
0.850000
0.850000
0.850000
0.000000
