0.000000
0.000000
0.509576
0.413125
0.850000
0.142207
0.537025
0.000000
0.106595
0.020788
0.018372
0.000000
0.000871
0.027514
0.173704
0.063169
0.198019
0.424117
0.000000
0.037157
0.136700
0.065346
0.099673
0.000000
0.334762
0.127383
0.266390
0.219198
0.850000
0.016892
0.000000
0.038659
0.850000
0.850000
0.850000
0.850000
0.354657
0.850000
0.050087
0.055768
0.040509
0.032586
0.007597
0.000000
0.000000
0.056617
0.324335
0.028711
0.080257
0.137984
0.196059
0.000000
0.138115
0.137940
0.000000
0.850000
0.000000
0.000000
0.000000
0.000000
0.065890
0.032912
0.000000
0.218763
0.850000
0.127753
0.073443
0.143839
0.850000
0.040052
0.000000
0.697908
0.385698
0.000000
