0.000000
0.000000
0.133260
0.309473
0.126504
0.518903
0.765329
0.000000
0.089380
0.185774
0.251498
0.154952
0.018886
0.802022
0.000000
0.389679
0.850000
0.088214
0.506579
0.850000
0.000000
0.068055
0.113964
0.054888
0.000000
0.018800
0.320545
0.076364
0.012670
0.172543
0.357843
0.286248
0.000000
0.000000
0.850000
0.546552
0.120892
0.821534
0.850000
0.000000
0.000000
0.000000
0.549833
0.102244
0.000000
0.461101
0.000000
0.115108
0.024951
0.709598
0.067083
0.024433
0.394449
0.331553
0.105266
0.022404
0.039002
0.363757
0.850000
0.033434
0.014850
0.000000
0.092531
0.123202
0.088819
0.051025
0.014094
0.041334
0.000000
0.048564
0.850000
0.056119
0.249037
0.135678
0.850000
0.850000
0.000000
