Nucleotide	Sequence	Modified_mutations	Modified_read_depth	Modified_effective_depth	Modified_rate	Modified_off_target_mapped_depth	Modified_low_mapq_mapped_depth	Modified_mapped_depth	Untreated_mutations	Untreated_read_depth	Untreated_effective_depth	Untreated_rate	Untreated_off_target_mapped_depth	Untreated_low_mapq_mapped_depth	Untreated_mapped_depth	Denatured_mutations	Denatured_read_depth	Denatured_effective_depth	Denatured_rate	Denatured_off_target_mapped_depth	Denatured_low_mapq_mapped_depth	Denatured_mapped_depth	Reactivity_profile	Std_err	HQ_profile	HQ_stderr	Norm_profile	Norm_stderr
1	G	0	1335	1312	0.000000	0	0	1335	0	2127	2081	0.000000	0	0	2127	0	0	0	nan	0	0	0	0.000000	0.000000	0.000000	0.000000	0.000000	0.000000
2	C	0	1481	1438	0.000000	0	0	1481	0	2187	2102	0.000000	0	0	2187	0	0	0	nan	0	0	0	0.000000	0.000000	0.000000	0.000000	0.000000	0.000000
3	G	40	1500	1445	0.027682	0	0	1500	9	2206	2107	0.004271	0	0	2206	0	0	0	nan	0	0	0	0.023410	0.004603	0.023410	0.004603	0.509576	0.100196
4	G	39	1523	1438	0.027121	0	0	1523	17	2213	2088	0.008142	0	0	2213	0	0	0	nan	0	0	0	0.018979	0.004771	0.018979	0.004771	0.413125	0.103853
5	G	155	1529	1449	0.106970	0	0	1529	18	2216	2090	0.008612	0	0	2216	0	0	0	nan	0	0	0	0.098358	0.008829	0.098358	0.008829	2.141003	0.192185
6	C	16	1547	1480	0.010811	0	0	1547	9	2220	2104	0.004278	0	0	2220	0	0	0	nan	0	0	0	0.006533	0.003056	0.006533	0.003056	0.142207	0.066521
7	G	49	1553	1474	0.033243	0	0	1553	18	2231	2100	0.008571	0	0	2231	0	0	0	nan	0	0	0	0.024671	0.005161	0.024671	0.005161	0.537025	0.112342
8	U	164	1625	1554	0.105534	0	0	1625	209	2315	2202	0.094914	0	0	2315	0	0	0	nan	0	0	0	0.010620	0.010536	nan	nan	nan	nan
9	A	10	1673	1608	0.006219	0	0	1673	3	2376	2269	0.001322	0	0	2376	0	0	0	nan	0	0	0	0.004897	0.002110	0.004897	0.002110	0.106595	0.045929
10	G	21	1699	1631	0.012876	0	0	1699	27	2383	2265	0.011921	0	0	2383	0	0	0	nan	0	0	0	0.000955	0.003627	0.000955	0.003627	0.020788	0.078951
11	U	26	1732	1657	0.015691	0	0	1732	34	2431	2290	0.014847	0	0	2431	0	0	0	nan	0	0	0	0.000844	0.003994	0.000844	0.003994	0.018372	0.086939
12	U	11	1809	1715	0.006414	0	0	1809	26	2553	2395	0.010856	0	0	2553	0	0	0	nan	0	0	0	-0.004442	0.002876	-0.004442	0.002876	-0.096691	0.062603
13	C	12	1826	1753	0.006845	0	0	1826	17	2626	2498	0.006805	0	0	2626	0	0	0	nan	0	0	0	0.000040	0.002575	0.000040	0.002575	0.000871	0.056051
14	A	5	1841	1755	0.002849	0	0	1841	4	2668	2524	0.001585	0	0	2668	0	0	0	nan	0	0	0	0.001264	0.001500	0.001264	0.001500	0.027514	0.032651
15	A	26	1846	1777	0.014631	0	0	1846	17	2678	2556	0.006651	0	0	2678	0	0	0	nan	0	0	0	0.007980	0.003292	0.007980	0.003292	0.173704	0.071658
16	U	19	1850	1755	0.010826	0	0	1850	20	2682	2524	0.007924	0	0	2682	0	0	0	nan	0	0	0	0.002902	0.003051	0.002902	0.003051	0.063169	0.066413
17	G	34	1853	1752	0.019406	0	0	1853	26	2686	2522	0.010309	0	0	2686	0	0	0	nan	0	0	0	0.009097	0.003894	0.009097	0.003894	0.198019	0.084762
18	G	54	1855	1767	0.030560	0	0	1855	28	2694	2528	0.011076	0	0	2694	0	0	0	nan	0	0	0	0.019484	0.004656	0.019484	0.004656	0.424117	0.101349
19	U	23	1865	1805	0.012742	0	0	1865	45	2706	2578	0.017455	0	0	2706	0	0	0	nan	0	0	0	-0.004713	0.003719	-0.004713	0.003719	-0.102590	0.080953
20	A	8	1869	1817	0.004403	0	0	1869	7	2706	2597	0.002695	0	0	2706	0	0	0	nan	0	0	0	0.001707	0.001860	0.001707	0.001860	0.037157	0.040487
21	G	14	1871	1781	0.007861	0	0	1871	4	2707	2530	0.001581	0	0	2707	0	0	0	nan	0	0	0	0.006280	0.002245	0.006280	0.002245	0.136700	0.048868
22	A	10	1871	1705	0.005865	0	0	1871	7	2710	2445	0.002863	0	0	2710	0	0	0	nan	0	0	0	0.003002	0.002147	0.003002	0.002147	0.065346	0.046735
23	A	19	1875	1716	0.011072	0	0	1875	16	2712	2464	0.006494	0	0	2712	0	0	0	nan	0	0	0	0.004579	0.003015	0.004579	0.003015	0.099673	0.065629
24	C	13	1875	1723	0.007545	0	0	1875	31	2712	2502	0.012390	0	0	2712	0	0	0	nan	0	0	0	-0.004845	0.003055	-0.004845	0.003055	-0.105463	0.066500
25	G	37	1873	1778	0.020810	0	0	1873	14	2714	2578	0.005431	0	0	2714	0	0	0	nan	0	0	0	0.015379	0.003716	0.015379	0.003716	0.334762	0.080888
26	A	20	1873	1766	0.011325	0	0	1873	14	2713	2558	0.005473	0	0	2713	0	0	0	nan	0	0	0	0.005852	0.002924	0.005852	0.002924	0.127383	0.063648
27	G	30	1873	1777	0.016882	0	0	1873	12	2712	2584	0.004644	0	0	2712	0	0	0	nan	0	0	0	0.012238	0.003361	0.012238	0.003361	0.266390	0.073160
28	A	20	1874	1780	0.011236	0	0	1874	3	2714	2574	0.001166	0	0	2714	0	0	0	nan	0	0	0	0.010070	0.002601	0.010070	0.002601	0.219198	0.056617
29	G	117	1873	1775	0.065915	0	0	1873	33	2714	2552	0.012931	0	0	2714	0	0	0	nan	0	0	0	0.052984	0.006496	0.052984	0.006496	1.153327	0.141401
30	C	16	1872	1780	0.008989	0	0	1872	21	2715	2557	0.008213	0	0	2715	0	0	0	nan	0	0	0	0.000776	0.002874	0.000776	0.002874	0.016892	0.062560
31	U	18	1872	1787	0.010073	0	0	1872	31	2714	2561	0.012105	0	0	2714	0	0	0	nan	0	0	0	-0.002032	0.003219	-0.002032	0.003219	-0.044231	0.070069
32	U	22	1873	1808	0.012168	0	0	1873	27	2719	2598	0.010393	0	0	2719	0	0	0	nan	0	0	0	0.001776	0.003276	0.001776	0.003276	0.038659	0.071310
33	C	101	1878	1807	0.055894	0	0	1878	23	2724	2586	0.008894	0	0	2724	0	0	0	nan	0	0	0	0.047000	0.005863	0.047000	0.005863	1.023070	0.127623
34	C	106	1881	1807	0.058661	0	0	1881	16	2728	2587	0.006185	0	0	2728	0	0	0	nan	0	0	0	0.052476	0.005904	0.052476	0.005904	1.142269	0.128515
35	C	124	1883	1791	0.069235	0	0	1883	11	2728	2554	0.004307	0	0	2728	0	0	0	nan	0	0	0	0.064928	0.006352	0.064928	0.006352	1.413317	0.138267
36	A	83	1884	1771	0.046866	0	0	1884	3	2729	2486	0.001207	0	0	2729	0	0	0	nan	0	0	0	0.045659	0.005191	0.045659	0.005191	0.993880	0.112995
37	A	35	1881	1757	0.019920	0	0	1881	9	2727	2481	0.003628	0	0	2727	0	0	0	nan	0	0	0	0.016293	0.003578	0.016293	0.003578	0.354657	0.077884
38	G	98	1881	1751	0.055968	0	0	1881	20	2725	2484	0.008052	0	0	2725	0	0	0	nan	0	0	0	0.047916	0.005933	0.047916	0.005933	1.043009	0.129146
39	C	11	1881	1773	0.006204	0	0	1881	10	2725	2562	0.003903	0	0	2725	0	0	0	nan	0	0	0	0.002301	0.002241	0.002301	0.002241	0.050087	0.048781
40	U	22	1882	1778	0.012373	0	0	1882	25	2726	2548	0.009812	0	0	2726	0	0	0	nan	0	0	0	0.002562	0.003288	0.002562	0.003288	0.055768	0.071571
41	C	11	1883	1783	0.006169	0	0	1883	11	2728	2553	0.004309	0	0	2728	0	0	0	nan	0	0	0	0.001861	0.002269	0.001861	0.002269	0.040509	0.049390
42	U	9	1885	1803	0.004992	0	0	1885	9	2728	2575	0.003495	0	0	2728	0	0	0	nan	0	0	0	0.001497	0.002031	0.001497	0.002031	0.032586	0.044210
43	A	9	1885	1805	0.004986	0	0	1885	12	2729	2588	0.004637	0	0	2729	0	0	0	nan	0	0	0	0.000349	0.002134	0.000349	0.002134	0.007597	0.046452
44	U	14	1885	1814	0.007718	0	0	1885	23	2728	2624	0.008765	0	0	2728	0	0	0	nan	0	0	0	-0.001047	0.002756	-0.001047	0.002756	-0.022791	0.059991
45	A	6	1889	1805	0.003324	0	0	1889	10	2730	2615	0.003824	0	0	2730	0	0	0	nan	0	0	0	-0.000500	0.001818	-0.000500	0.001818	-0.010884	0.039573
46	C	26	1889	1772	0.014673	0	0	1889	31	2730	2568	0.012072	0	0	2730	0	0	0	nan	0	0	0	0.002601	0.003603	0.002601	0.003603	0.056617	0.078428
47	G	34	1889	1770	0.019209	0	0	1889	11	2725	2553	0.004309	0	0	2725	0	0	0	nan	0	0	0	0.014900	0.003541	0.014900	0.003541	0.324335	0.077079
48	A	12	1889	1735	0.006916	0	0	1889	14	2721	2501	0.005598	0	0	2721	0	0	0	nan	0	0	0	0.001319	0.002495	0.001319	0.002495	0.028711	0.054310
49	G	32	1889	1726	0.018540	0	0	1889	37	2718	2491	0.014853	0	0	2718	0	0	0	nan	0	0	0	0.003687	0.004087	0.003687	0.004087	0.080257	0.088964
50	G	30	1889	1696	0.017689	0	0	1889	28	2716	2467	0.011350	0	0	2716	0	0	0	nan	0	0	0	0.006339	0.003877	0.006339	0.003877	0.137984	0.084392
51	G	37	1886	1722	0.021487	0	0	1886	31	2712	2484	0.012480	0	0	2712	0	0	0	nan	0	0	0	0.009007	0.004184	0.009007	0.004184	0.196059	0.091075
52	U	29	1884	1760	0.016477	0	0	1884	46	2709	2543	0.018089	0	0	2709	0	0	0	nan	0	0	0	-0.001612	0.004059	-0.001612	0.004059	-0.035089	0.088354
53	U	37	1884	1780	0.020787	0	0	1884	37	2708	2562	0.014442	0	0	2708	0	0	0	nan	0	0	0	0.006345	0.004161	0.006345	0.004161	0.138115	0.090574
54	C	23	1884	1768	0.013009	0	0	1884	17	2707	2548	0.006672	0	0	2707	0	0	0	nan	0	0	0	0.006337	0.003159	0.006337	0.003159	0.137940	0.068763
55	G	1	1883	1749	0.000572	0	0	1883	11	2706	2515	0.004374	0	0	2706	0	0	0	nan	0	0	0	-0.003802	0.001437	-0.003802	0.001437	-0.082760	0.031280
56	A	1258	1881	1726	0.728853	0	0	1881	29	2706	2497	0.011614	0	0	2706	0	0	0	nan	0	0	0	0.717239	0.020662	0.717239	0.020662	15.612468	0.449759
57	U	20	1881	1738	0.011507	0	0	1881	36	2704	2491	0.014452	0	0	2704	0	0	0	nan	0	0	0	-0.002945	0.003525	-0.002945	0.003525	-0.064105	0.076730
58	U	11	1881	1732	0.006351	0	0	1881	30	2700	2434	0.012325	0	0	2700	0	0	0	nan	0	0	0	-0.005974	0.002955	-0.005974	0.002955	-0.130039	0.064323
59	C	2	1880	1690	0.001183	0	0	1880	12	2698	2390	0.005021	0	0	2698	0	0	0	nan	0	0	0	-0.003837	0.001674	-0.003837	0.001674	-0.083522	0.036439
60	C	6	1878	1664	0.003606	0	0	1878	9	2698	2355	0.003822	0	0	2698	0	0	0	nan	0	0	0	-0.000216	0.001947	-0.000216	0.001947	-0.004702	0.042381
61	C	25	1878	1655	0.015106	0	0	1878	29	2695	2401	0.012078	0	0	2695	0	0	0	nan	0	0	0	0.003027	0.003763	0.003027	0.003763	0.065890	0.081911
62	U	26	1876	1687	0.015412	0	0	1876	34	2693	2446	0.013900	0	0	2693	0	0	0	nan	0	0	0	0.001512	0.003849	0.001512	0.003849	0.032912	0.083783
63	U	20	1875	1699	0.011772	0	0	1875	44	2691	2481	0.017735	0	0	2691	0	0	0	nan	0	0	0	-0.005963	0.003752	-0.005963	0.003752	-0.129799	0.081671
64	C	28	1874	1683	0.016637	0	0	1874	16	2689	2429	0.006587	0	0	2689	0	0	0	nan	0	0	0	0.010050	0.003549	0.010050	0.003549	0.218763	0.077253
65	G	89	1874	1680	0.052976	0	0	1874	23	2682	2423	0.009492	0	0	2682	0	0	0	nan	0	0	0	0.043484	0.005954	0.043484	0.005954	0.946536	0.129603
66	C	27	1874	1661	0.016255	0	0	1874	25	2679	2407	0.010386	0	0	2679	0	0	0	nan	0	0	0	0.005869	0.003755	0.005869	0.003755	0.127753	0.081737
67	C	16	1871	1692	0.009456	0	0	1871	15	2677	2466	0.006083	0	0	2677	0	0	0	nan	0	0	0	0.003374	0.002838	0.003374	0.002838	0.073443	0.061776
68	C	18	1870	1685	0.010682	0	0	1870	10	2677	2454	0.004075	0	0	2677	0	0	0	nan	0	0	0	0.006608	0.002828	0.006608	0.002828	0.143839	0.061558
69	G	176	1869	1692	0.104019	0	0	1869	56	2675	2445	0.022904	0	0	2675	0	0	0	nan	0	0	0	0.081115	0.008417	0.081115	0.008417	1.765667	0.183217
70	C	41	1869	1688	0.024289	0	0	1869	55	2675	2450	0.022449	0	0	2675	0	0	0	nan	0	0	0	0.001840	0.004853	0.001840	0.004853	0.040052	0.105637
71	U	10	1868	1691	0.005914	0	0	1868	33	2671	2467	0.013377	0	0	2671	0	0	0	nan	0	0	0	-0.007463	0.002987	-0.007463	0.002987	-0.162451	0.065019
72	C	57	1868	1671	0.034111	0	0	1868	5	2668	2440	0.002049	0	0	2668	0	0	0	nan	0	0	0	0.032062	0.004610	0.032062	0.004610	0.697908	0.100348
73	C	31	1860	1635	0.018960	0	0	1860	3	2664	2416	0.001242	0	0	2664	0	0	0	nan	0	0	0	0.017719	0.003480	0.017719	0.003480	0.385698	0.075751
74	A	0	1796	0	nan	0	0	1796	0	2640	0	nan	0	0	2640	0	0	0	nan	0	0	0	nan	nan	nan	nan	nan	nan