Nucleotide	Sequence	Modified_mutations	Modified_read_depth	Modified_effective_depth	Modified_rate	Modified_off_target_mapped_depth	Modified_low_mapq_mapped_depth	Modified_mapped_depth	Untreated_mutations	Untreated_read_depth	Untreated_effective_depth	Untreated_rate	Untreated_off_target_mapped_depth	Untreated_low_mapq_mapped_depth	Untreated_mapped_depth	Denatured_mutations	Denatured_read_depth	Denatured_effective_depth	Denatured_rate	Denatured_off_target_mapped_depth	Denatured_low_mapq_mapped_depth	Denatured_mapped_depth	Reactivity_profile	Std_err	HQ_profile	HQ_stderr	Norm_profile	Norm_stderr
1	G	0	3437	3321	0.000000	0	0	3437	0	2411	2298	0.000000	0	0	2411	0	0	0	nan	0	0	0	0.000000	0.000000	0.000000	0.000000	0.000000	0.000000
2	G	0	3551	3411	0.000000	0	0	3551	0	2451	2320	0.000000	0	0	2451	0	0	0	nan	0	0	0	0.000000	0.000000	0.000000	0.000000	0.000000	0.000000
3	C	29	3646	3502	0.008281	0	0	3646	14	2462	2356	0.005942	0	0	2462	0	0	0	nan	0	0	0	0.002339	0.002211	0.002339	0.002211	0.086205	0.081487
4	U	16	3701	3596	0.004449	0	0	3701	12	2487	2413	0.004973	0	0	2487	0	0	0	nan	0	0	0	-0.000524	0.001816	-0.000524	0.001816	-0.019312	0.066929
5	A	21	3785	3662	0.005735	0	0	3785	9	2517	2443	0.003684	0	0	2517	0	0	0	nan	0	0	0	0.002051	0.001753	0.002051	0.001753	0.075590	0.064607
6	C	31	3820	3684	0.008415	0	0	3820	18	2531	2429	0.007410	0	0	2531	0	0	0	nan	0	0	0	0.001004	0.002310	0.001004	0.002310	0.037003	0.085136
7	G	136	3841	3653	0.037230	0	0	3841	6	2538	2416	0.002483	0	0	2538	0	0	0	nan	0	0	0	0.034746	0.003350	0.034746	0.003350	1.280574	0.123465
8	U	749	3950	3774	0.198463	0	0	3950	395	2615	2487	0.158826	0	0	2615	0	0	0	nan	0	0	0	0.039637	0.010791	nan	nan	nan	nan
9	A	128	4087	3935	0.032529	0	0	4087	8	2729	2608	0.003067	0	0	2729	0	0	0	nan	0	0	0	0.029461	0.003073	0.029461	0.003073	1.085794	0.113256
10	G	87	4206	4054	0.021460	0	0	4206	32	2740	2633	0.012153	0	0	2740	0	0	0	nan	0	0	0	0.009307	0.003148	0.009307	0.003148	0.343012	0.116020
11	C	29	4234	4070	0.007125	0	0	4234	18	2765	2655	0.006780	0	0	2765	0	0	0	nan	0	0	0	0.000346	0.002075	0.000346	0.002075	0.012752	0.076475
12	U	33	4457	4274	0.007721	0	0	4457	31	2927	2798	0.011079	0	0	2927	0	0	0	nan	0	0	0	-0.003358	0.002401	-0.003358	0.002401	-0.123760	0.088490
13	C	15	4486	4320	0.003472	0	0	4486	5	2962	2840	0.001761	0	0	2962	0	0	0	nan	0	0	0	0.001712	0.001193	0.001712	0.001193	0.063096	0.043968
14	A	68	4521	4321	0.015737	0	0	4521	3	3034	2890	0.001038	0	0	3034	0	0	0	nan	0	0	0	0.014699	0.002000	0.014699	0.002000	0.541736	0.073711
15	G	31	4524	4289	0.007228	0	0	4524	22	3040	2874	0.007655	0	0	3040	0	0	0	nan	0	0	0	-0.000427	0.002085	-0.000427	0.002085	-0.015737	0.076843
16	U	79	4636	4334	0.018228	0	0	4636	75	3153	2947	0.025450	0	0	3153	0	0	0	nan	0	0	0	-0.007222	0.003584	-0.007222	0.003584	-0.266169	0.132089
17	U	31	4680	4365	0.007102	0	0	4680	26	3210	2994	0.008684	0	0	3210	0	0	0	nan	0	0	0	-0.001582	0.002128	-0.001582	0.002128	-0.058305	0.078428
18	G	23	4728	4448	0.005171	0	0	4728	3	3269	3062	0.000980	0	0	3269	0	0	0	nan	0	0	0	0.004191	0.001218	0.004191	0.001218	0.154461	0.044890
19	G	45	4759	4487	0.010029	0	0	4759	17	3295	3108	0.005470	0	0	3295	0	0	0	nan	0	0	0	0.004559	0.001999	0.004559	0.001999	0.168023	0.073674
20	U	96	4868	4631	0.020730	0	0	4868	133	3356	3202	0.041537	0	0	3356	0	0	0	nan	0	0	0	-0.020807	0.004177	-0.020807	0.004177	-0.766848	0.153945
21	U	10	4924	4698	0.002129	0	0	4924	10	3431	3303	0.003028	0	0	3431	0	0	0	nan	0	0	0	-0.000899	0.001170	-0.000899	0.001170	-0.033133	0.043121
22	A	19	4959	4757	0.003994	0	0	4959	8	3467	3332	0.002401	0	0	3467	0	0	0	nan	0	0	0	0.001593	0.001249	0.001593	0.001249	0.058710	0.046032
23	G	26	4971	4729	0.005498	0	0	4971	11	3475	3307	0.003326	0	0	3475	0	0	0	nan	0	0	0	0.002172	0.001473	0.002172	0.001473	0.080050	0.054288
24	A	43	4972	4667	0.009214	0	0	4972	6	3477	3256	0.001843	0	0	3477	0	0	0	nan	0	0	0	0.007371	0.001594	0.007371	0.001594	0.271660	0.058747
25	G	160	4973	4621	0.034625	0	0	4973	40	3478	3232	0.012376	0	0	3478	0	0	0	nan	0	0	0	0.022248	0.003365	0.022248	0.003365	0.819957	0.124018
26	C	15	4975	4644	0.003230	0	0	4975	12	3482	3248	0.003695	0	0	3482	0	0	0	nan	0	0	0	-0.000465	0.001354	-0.000465	0.001354	-0.017138	0.049902
27	A	159	4981	4685	0.033938	0	0	4981	18	3495	3291	0.005469	0	0	3495	0	0	0	nan	0	0	0	0.028469	0.002984	0.028469	0.002984	1.049233	0.109976
28	C	21	4982	4737	0.004433	0	0	4982	9	3493	3337	0.002697	0	0	3493	0	0	0	nan	0	0	0	0.001736	0.001321	0.001736	0.001321	0.063981	0.048686
29	A	37	4983	4706	0.007862	0	0	4983	21	3501	3328	0.006310	0	0	3501	0	0	0	nan	0	0	0	0.001552	0.001889	0.001552	0.001889	0.057199	0.069620
30	U	63	4987	4699	0.013407	0	0	4987	65	3513	3316	0.019602	0	0	3513	0	0	0	nan	0	0	0	-0.006195	0.002960	-0.006195	0.002960	-0.228319	0.109092
31	C	25	4988	4689	0.005332	0	0	4988	17	3520	3305	0.005144	0	0	3520	0	0	0	nan	0	0	0	0.000188	0.001641	0.000188	0.001641	0.006929	0.060480
32	A	65	4997	4728	0.013748	0	0	4997	19	3539	3362	0.005651	0	0	3539	0	0	0	nan	0	0	0	0.008096	0.002142	0.008096	0.002142	0.298380	0.078944
33	C	122	4997	4743	0.025722	0	0	4997	29	3541	3389	0.008557	0	0	3541	0	0	0	nan	0	0	0	0.017165	0.002819	0.017165	0.002819	0.632621	0.103895
34	U	45	5020	4783	0.009408	0	0	5020	26	3550	3395	0.007658	0	1	3550	0	0	0	nan	0	0	0	0.001750	0.002055	0.001750	0.002055	0.064497	0.075738
35	C	66	5026	4823	0.013684	0	0	5026	23	3553	3410	0.006745	0	1	3553	0	0	0	nan	0	0	0	0.006940	0.002194	0.006940	0.002194	0.255776	0.080861
36	A	70	5039	4808	0.014559	0	0	5039	12	3561	3384	0.003546	0	1	3561	0	0	0	nan	0	0	0	0.011013	0.002019	0.011013	0.002019	0.405887	0.074411
37	U	36	5052	4776	0.007538	0	0	5052	24	3564	3361	0.007141	0	1	3564	0	0	0	nan	0	0	0	0.000397	0.001924	0.000397	0.001924	0.014632	0.070910
38	A	130	5055	4736	0.027449	0	0	5055	114	3569	3366	0.033868	0	1	3569	0	0	0	nan	0	0	0	-0.006419	0.003982	-0.006419	0.003982	-0.236574	0.146758
39	A	231	5069	4731	0.048827	0	0	5069	4	3572	3371	0.001187	0	1	3572	0	0	0	nan	0	0	0	0.047640	0.003267	0.047640	0.003267	1.755786	0.120406
40	U	54	5075	4720	0.011441	0	0	5075	58	3570	3347	0.017329	0	1	3570	0	0	0	nan	0	0	0	-0.005888	0.002757	-0.005888	0.002757	-0.217004	0.101610
41	G	50	5079	4742	0.010544	0	0	5079	20	3570	3366	0.005942	0	1	3570	0	0	0	nan	0	0	0	0.004602	0.001997	0.004602	0.001997	0.169608	0.073600
42	A	68	5084	4795	0.014181	0	0	5084	39	3572	3363	0.011597	0	1	3572	0	0	0	nan	0	0	0	0.002585	0.002531	0.002585	0.002531	0.095271	0.093281
43	U	65	5075	4785	0.013584	0	0	5075	52	3564	3365	0.015453	0	1	3564	0	0	0	nan	0	0	0	-0.001869	0.002726	-0.001869	0.002726	-0.068883	0.100468
44	G	442	5070	4635	0.095361	0	0	5070	259	3562	3268	0.079253	0	1	3562	0	0	0	nan	0	0	0	0.016108	0.006695	nan	nan	nan	nan
45	G	143	5070	4632	0.030872	0	0	5070	62	3562	3249	0.019083	0	1	3562	0	0	0	nan	0	0	0	0.011789	0.003541	0.011789	0.003541	0.434487	0.130505
46	G	30	5069	4596	0.006527	0	0	5069	11	3563	3228	0.003408	0	1	3563	0	0	0	nan	0	0	0	0.003120	0.001573	0.003120	0.001573	0.114989	0.057973
47	G	106	5085	4568	0.023205	0	0	5085	49	3582	3203	0.015298	0	1	3582	0	0	0	nan	0	0	0	0.007907	0.003139	0.007907	0.003139	0.291415	0.115689
48	U	1017	5453	5050	0.201386	0	0	5453	723	3698	3408	0.212148	0	1	3698	0	0	0	nan	0	0	0	-0.010762	0.010106	nan	nan	nan	nan
49	C	3	5586	5240	0.000573	0	0	5586	3	3781	3526	0.000851	0	1	3781	0	0	0	nan	0	0	0	-0.000278	0.000592	-0.000278	0.000592	-0.010246	0.021818
50	A	15	5613	5378	0.002789	0	0	5613	7	3810	3644	0.001921	0	1	3810	0	0	0	nan	0	0	0	0.000868	0.001023	0.000868	0.001023	0.031990	0.037703
51	C	24	5614	5424	0.004425	0	0	5614	10	3810	3673	0.002723	0	1	3810	0	0	0	nan	0	0	0	0.001702	0.001248	0.001702	0.001248	0.062728	0.045995
52	A	50	5615	5367	0.009316	0	0	5615	18	3812	3647	0.004936	0	1	3812	0	0	0	nan	0	0	0	0.004381	0.001758	0.004381	0.001758	0.161463	0.064792
53	G	184	5609	5223	0.035229	0	0	5609	81	3810	3544	0.022856	0	1	3810	0	0	0	nan	0	0	0	0.012373	0.003632	0.012373	0.003632	0.456011	0.133858
54	G	221	5606	5171	0.042738	0	0	5606	61	3805	3499	0.017434	0	1	3805	0	0	0	nan	0	0	0	0.025305	0.003640	0.025305	0.003640	0.932623	0.134153
55	U	140	5607	5186	0.026996	0	0	5607	119	3804	3490	0.034097	0	1	3804	0	0	0	nan	0	0	0	-0.007102	0.003870	-0.007102	0.003870	-0.261746	0.142630
56	U	91	5608	5247	0.017343	0	0	5608	61	3805	3525	0.017305	0	1	3805	0	0	0	nan	0	0	0	0.000038	0.002866	0.000038	0.002866	0.001401	0.105627
57	C	101	5607	5233	0.019301	0	0	5607	42	3804	3517	0.011942	0	1	3804	0	0	0	nan	0	0	0	0.007359	0.002662	0.007359	0.002662	0.271218	0.098109
58	G	14	5607	5177	0.002704	0	0	5607	18	3804	3546	0.005076	0	1	3804	0	0	0	nan	0	0	0	-0.002372	0.001398	-0.002372	0.001398	-0.087421	0.051524
59	A	2511	5606	5147	0.487857	0	0	5606	22	3804	3475	0.006331	0	1	3804	0	0	0	nan	0	0	0	0.481526	0.009829	0.481526	0.009829	17.746783	0.362251
60	A	83	5605	5214	0.015919	0	0	5605	42	3803	3529	0.011901	0	1	3803	0	0	0	nan	0	0	0	0.004017	0.002535	0.004017	0.002535	0.148048	0.093428
61	U	56	5603	5169	0.010834	0	0	5603	56	3802	3478	0.016101	0	1	3802	0	0	0	nan	0	0	0	-0.005267	0.002593	-0.005267	0.002593	-0.194117	0.095566
62	C	35	5595	5113	0.006845	0	0	5595	48	3800	3471	0.013829	0	1	3800	0	0	0	nan	0	0	0	-0.006984	0.002307	-0.006984	0.002307	-0.257397	0.085025
63	C	47	5594	5049	0.009309	0	0	5594	33	3798	3443	0.009585	0	1	3798	0	0	0	nan	0	0	0	-0.000276	0.002151	-0.000276	0.002151	-0.010172	0.079276
64	C	41	5586	4998	0.008203	0	0	5586	29	3792	3387	0.008562	0	1	3792	0	0	0	nan	0	0	0	-0.000359	0.002042	-0.000359	0.002042	-0.013231	0.075259
65	G	173	5583	4971	0.034802	0	0	5583	41	3790	3365	0.012184	0	1	3790	0	0	0	nan	0	0	0	0.022618	0.003259	0.022618	0.003259	0.833593	0.120111
66	U	76	5581	5028	0.015115	0	0	5581	45	3790	3395	0.013255	0	1	3790	0	0	0	nan	0	0	0	0.001861	0.002629	0.001861	0.002629	0.068588	0.096893
67	C	46	5578	5048	0.009113	0	0	5578	30	3789	3430	0.008746	0	1	3789	0	0	0	nan	0	0	0	0.000366	0.002087	0.000366	0.002087	0.013489	0.076917
68	G	142	5576	5009	0.028349	0	0	5576	37	3787	3421	0.010816	0	1	3787	0	0	0	nan	0	0	0	0.017533	0.002970	0.017533	0.002970	0.646184	0.109460
69	U	38	5574	4997	0.007605	0	0	5574	35	3786	3428	0.010210	0	1	3786	0	0	0	nan	0	0	0	-0.002605	0.002121	-0.002605	0.002121	-0.096008	0.078170
70	A	17	5572	5041	0.003372	0	0	5572	10	3785	3440	0.002907	0	1	3785	0	0	0	nan	0	0	0	0.000465	0.001230	0.000465	0.001230	0.017138	0.045332
71	G	182	5571	5064	0.035940	0	0	5571	81	3784	3465	0.023377	0	1	3784	0	0	0	nan	0	0	0	0.012563	0.003721	0.012563	0.003721	0.463013	0.137139
72	C	57	5568	5009	0.011380	0	0	5568	29	3782	3420	0.008480	0	1	3782	0	0	0	nan	0	0	0	0.002900	0.002180	0.002900	0.002180	0.106880	0.080345
73	C	54	5567	4890	0.011043	0	0	5567	51	3781	3326	0.015334	0	1	3781	0	0	0	nan	0	0	0	-0.004291	0.002621	-0.004291	0.002621	-0.158146	0.096598
74	A	195	5564	4968	0.039251	0	0	5564	41	3773	3370	0.012166	0	1	3773	0	0	0	nan	0	0	0	0.027085	0.003393	0.027085	0.003393	0.998226	0.125050
75	C	230	5561	4862	0.047306	0	0	5561	14	3771	3270	0.004281	0	1	3771	0	0	0	nan	0	0	0	0.043024	0.003322	0.043024	0.003322	1.585662	0.122433
76	C	243	5544	4844	0.050165	0	0	5544	10	3767	3350	0.002985	0	1	3767	0	0	0	nan	0	0	0	0.047180	0.003354	0.047180	0.003354	1.738833	0.123613
77	A	0	5358	0	nan	0	0	5358	0	3707	0	nan	0	1	3707	0	0	0	nan	0	0	0	nan	nan	nan	nan	nan	nan