0.000000
0.000000
0.097514
0.039957
0.039566
0.123170
0.805874
0.000000
0.850000
0.130196
0.086691
0.051312
0.000000
0.462730
0.000000
0.720461
0.000000
0.219442
0.240236
0.728942
0.000000
0.026614
0.076116
0.263408
0.754953
0.090346
0.850000
0.004365
0.249924
0.105214
0.260853
0.024343
0.000000
0.138748
0.000000
0.850000
0.815172
0.835363
0.850000
0.200493
0.044712
0.580400
0.440126
0.753178
0.388104
0.121467
0.850000
0.000000
0.006103
0.263799
0.038502
0.092227
0.198506
0.850000
0.000000
0.080197
0.000000
0.000000
0.850000
0.000000
0.000000
0.000000
0.000000
0.068913
0.000000
0.022498
0.024591
0.217171
0.413405
0.048296
0.103653
0.844802
0.025337
0.597965
0.850000
0.749630
0.000000
