Nucleotide	Sequence	Modified_mutations	Modified_read_depth	Modified_effective_depth	Modified_rate	Modified_off_target_mapped_depth	Modified_low_mapq_mapped_depth	Modified_mapped_depth	Untreated_mutations	Untreated_read_depth	Untreated_effective_depth	Untreated_rate	Untreated_off_target_mapped_depth	Untreated_low_mapq_mapped_depth	Untreated_mapped_depth	Denatured_mutations	Denatured_read_depth	Denatured_effective_depth	Denatured_rate	Denatured_off_target_mapped_depth	Denatured_low_mapq_mapped_depth	Denatured_mapped_depth	Reactivity_profile	Std_err	HQ_profile	HQ_stderr	Norm_profile	Norm_stderr
1	G	0	3737	3640	0.000000	0	4	3737	0	5234	5099	0.000000	0	12	5234	0	0	0	nan	0	0	0	0.000000	0.000000	0.000000	0.000000	0.000000	0.000000
2	C	0	4005	3861	0.000000	0	4	4005	0	5359	5160	0.000000	0	12	5359	0	0	0	nan	0	0	0	0.000000	0.000000	0.000000	0.000000	0.000000	0.000000
3	U	24	4113	3938	0.006094	0	4	4113	33	5443	5195	0.006352	0	13	5443	0	0	0	nan	0	0	0	-0.000258	0.001664	-0.000258	0.001664	-0.011006	0.070982
4	G	52	4205	4019	0.012939	0	4	4205	17	5483	5229	0.003251	0	13	5483	0	0	0	nan	0	0	0	0.009687	0.001960	0.009687	0.001960	0.413223	0.083609
5	A	37	4330	4138	0.008942	0	4	4330	28	5544	5263	0.005320	0	13	5544	0	0	0	nan	0	0	0	0.003621	0.001781	0.003621	0.001781	0.154463	0.075973
6	U	31	4451	4342	0.007140	0	5	4451	42	5614	5462	0.007689	0	13	5614	0	0	0	nan	0	0	0	-0.000550	0.001747	-0.000550	0.001747	-0.023462	0.074523
7	A	31	4603	4452	0.006963	0	6	4603	21	5773	5552	0.003782	0	13	5773	0	0	0	nan	0	0	0	0.003181	0.001498	0.003181	0.001498	0.135693	0.063901
8	U	859	4691	4466	0.192342	0	6	4691	838	5855	5560	0.150719	0	13	5855	0	0	0	nan	0	0	0	0.041623	0.008377	nan	nan	nan	nan
9	G	41	5078	4790	0.008559	0	7	5078	57	6114	5712	0.009979	0	13	6114	0	0	0	nan	0	0	0	-0.001419	0.001880	-0.001419	0.001880	-0.060531	0.080196
10	G	116	5117	4834	0.023997	0	7	5117	95	6155	5779	0.016439	0	13	6155	0	0	0	nan	0	0	0	0.007558	0.002794	0.007558	0.002794	0.322405	0.119185
11	C	52	5152	4970	0.010463	0	7	5152	33	6182	5918	0.005576	0	15	6182	0	0	0	nan	0	0	0	0.004887	0.001746	0.004887	0.001746	0.208467	0.074480
12	U	50	5423	5261	0.009504	0	7	5423	49	6383	6190	0.007916	0	16	6383	0	0	0	nan	0	0	0	0.001588	0.001757	0.001588	0.001757	0.067740	0.074949
13	C	24	5473	5326	0.004506	0	7	5473	27	6442	6266	0.004309	0	16	6442	0	0	0	nan	0	0	0	0.000197	0.001238	0.000197	0.001238	0.008404	0.052810
14	A	41	5552	5383	0.007617	0	7	5552	8	6563	6348	0.001260	0	16	6563	0	0	0	nan	0	0	0	0.006356	0.001270	0.006356	0.001270	0.271131	0.054175
15	G	29	5592	5347	0.005424	0	7	5592	34	6576	6266	0.005426	0	17	6576	0	0	0	nan	0	0	0	-0.000003	0.001371	-0.000003	0.001371	-0.000128	0.058483
16	U	138	5917	5597	0.024656	0	8	5917	207	7002	6612	0.031307	0	22	7002	0	0	0	nan	0	0	0	-0.006651	0.003023	-0.006651	0.003023	-0.283715	0.128953
17	U	6	6014	5654	0.001061	0	9	6014	9	7202	6804	0.001323	0	23	7202	0	0	0	nan	0	0	0	-0.000262	0.000618	-0.000262	0.000618	-0.011176	0.026362
18	G	68	6056	5729	0.011869	0	9	6056	59	7278	6907	0.008542	0	24	7278	0	0	0	nan	0	0	0	0.003327	0.001819	0.003327	0.001819	0.141921	0.077594
19	G	115	6123	5831	0.019722	0	9	6123	73	7338	7008	0.010417	0	24	7338	0	0	0	nan	0	0	0	0.009306	0.002207	0.009306	0.002207	0.396970	0.094145
20	U	70	6170	5963	0.011739	0	9	6170	95	7372	7102	0.013377	0	24	7372	0	0	0	nan	0	0	0	-0.001637	0.001963	-0.001637	0.001963	-0.069830	0.083737
21	A	17	6178	6007	0.002830	0	9	6178	16	7391	7167	0.002232	0	24	7391	0	0	0	nan	0	0	0	0.000598	0.000885	0.000598	0.000885	0.025509	0.037752
22	G	46	6201	5878	0.007826	0	9	6201	27	7408	6976	0.003870	0	24	7408	0	0	0	nan	0	0	0	0.003955	0.001373	0.003955	0.001373	0.168710	0.058569
23	A	52	6208	5826	0.008926	0	9	6208	23	7411	6913	0.003327	0	24	7411	0	0	0	nan	0	0	0	0.005598	0.001419	0.005598	0.001419	0.238796	0.060531
24	G	107	6210	5755	0.018593	0	9	6210	90	7411	6881	0.013079	0	24	7411	0	0	0	nan	0	0	0	0.005513	0.002265	0.005513	0.002265	0.235170	0.096619
25	C	46	6211	5851	0.007862	0	9	6211	47	7413	6982	0.006732	0	24	7413	0	0	0	nan	0	0	0	0.001130	0.001519	0.001130	0.001519	0.048203	0.064797
26	G	111	6211	5886	0.018858	0	9	6211	115	7418	7016	0.016391	0	24	7418	0	0	0	nan	0	0	0	0.002467	0.002354	0.002467	0.002354	0.105236	0.100416
27	C	24	6211	5922	0.004053	0	9	6211	17	7421	7049	0.002412	0	24	7421	0	0	0	nan	0	0	0	0.001641	0.001013	0.001641	0.001013	0.070001	0.043212
28	A	46	6215	5997	0.007671	0	9	6215	29	7433	7161	0.004050	0	24	7433	0	0	0	nan	0	0	0	0.003621	0.001358	0.003621	0.001358	0.154463	0.057929
29	C	38	6214	5711	0.006654	0	9	6214	33	7435	6827	0.004834	0	24	7435	0	0	0	nan	0	0	0	0.001820	0.001369	0.001820	0.001369	0.077637	0.058398
30	C	37	6210	5685	0.006508	0	9	6210	33	7429	6786	0.004863	0	24	7429	0	0	0	nan	0	0	0	0.001645	0.001364	0.001645	0.001364	0.070171	0.058185
31	C	42	6209	5610	0.007487	0	9	6209	40	7427	6719	0.005953	0	24	7427	0	0	0	nan	0	0	0	0.001533	0.001490	0.001533	0.001490	0.065394	0.063560
32	U	73	6213	5789	0.012610	0	9	6213	83	7424	6919	0.011996	0	24	7424	0	0	0	nan	0	0	0	0.000614	0.001978	0.000614	0.001978	0.026192	0.084376
33	U	89	6219	5754	0.015468	0	9	6219	70	7427	6855	0.010212	0	24	7427	0	0	0	nan	0	0	0	0.005256	0.002044	0.005256	0.002044	0.224207	0.087192
34	G	206	6228	5747	0.035845	0	9	6228	66	7434	6825	0.009670	0	24	7434	0	0	0	nan	0	0	0	0.026174	0.002767	0.026174	0.002767	1.116516	0.118033
35	G	416	6234	5812	0.071576	0	9	6234	327	7437	6896	0.047419	0	24	7437	0	0	0	nan	0	0	0	0.024157	0.004381	0.024157	0.004381	1.030476	0.186882
36	U	20	7017	6637	0.003013	0	10	7017	26	7755	7318	0.003553	0	24	7755	0	0	0	nan	0	0	0	-0.000539	0.000969	-0.000539	0.000969	-0.022992	0.041335
37	A	564	7068	6828	0.082601	0	9	7068	758	7783	7512	0.100905	0	24	7783	0	0	0	nan	0	0	0	-0.018304	0.005053	nan	nan	nan	nan
38	A	19	7415	7163	0.002653	0	9	7415	14	7923	7679	0.001823	0	24	7923	0	0	0	nan	0	0	0	0.000829	0.000780	0.000829	0.000780	0.035363	0.033273
39	G	50	7413	7001	0.007142	0	9	7413	36	7924	7502	0.004799	0	24	7924	0	0	0	nan	0	0	0	0.002343	0.001288	0.002343	0.001288	0.099946	0.054943
40	G	94	7418	6872	0.013679	0	9	7418	38	7929	7390	0.005142	0	23	7929	0	0	0	nan	0	0	0	0.008537	0.001639	0.008537	0.001639	0.364167	0.069916
41	G	197	7418	6880	0.028634	0	9	7418	80	7931	7355	0.010877	0	23	7931	0	0	0	nan	0	0	0	0.017757	0.002375	0.017757	0.002375	0.757468	0.101311
42	U	143	7419	6926	0.020647	0	9	7419	120	7931	7439	0.016131	0	22	7931	0	0	0	nan	0	0	0	0.004516	0.002269	0.004516	0.002269	0.192641	0.096790
43	G	137	7416	7056	0.019416	0	9	7416	31	7930	7571	0.004095	0	21	7930	0	0	0	nan	0	0	0	0.015322	0.001815	0.015322	0.001815	0.653597	0.077423
44	A	70	7421	7085	0.009880	0	9	7421	45	7931	7595	0.005925	0	22	7931	0	0	0	nan	0	0	0	0.003955	0.001475	0.003955	0.001475	0.168710	0.062920
45	G	113	7421	6971	0.016210	0	8	7421	80	7927	7522	0.010635	0	21	7927	0	0	0	nan	0	0	0	0.005575	0.001934	0.005575	0.001934	0.237815	0.082499
46	G	1471	7422	6972	0.210987	0	8	7422	1666	7927	7456	0.223444	0	20	7927	0	0	0	nan	0	0	0	-0.012457	0.007761	nan	nan	nan	nan
47	U	90	7437	7007	0.012844	0	8	7437	82	7947	7517	0.010909	0	19	7947	0	0	0	nan	0	0	0	0.001936	0.001812	0.001936	0.001812	0.082585	0.077295
48	C	103	7438	7012	0.014689	0	8	7438	72	7951	7499	0.009601	0	18	7951	0	0	0	nan	0	0	0	0.005088	0.001837	0.005088	0.001837	0.217041	0.078362
49	C	55	7450	6988	0.007871	0	8	7450	44	7958	7514	0.005856	0	16	7958	0	0	0	nan	0	0	0	0.002015	0.001380	0.002015	0.001380	0.085955	0.058867
50	C	50	7459	6940	0.007205	0	8	7459	61	7960	7478	0.008157	0	16	7960	0	0	0	nan	0	0	0	-0.000953	0.001459	-0.000953	0.001459	-0.040653	0.062237
51	C	45	7461	7020	0.006410	0	8	7461	29	7960	7546	0.003843	0	16	7960	0	0	0	nan	0	0	0	0.002567	0.001193	0.002567	0.001193	0.109502	0.050890
52	A	45	7457	7030	0.006401	0	8	7457	16	7955	7563	0.002116	0	16	7955	0	0	0	nan	0	0	0	0.004286	0.001091	0.004286	0.001091	0.182830	0.046539
53	G	163	7448	6966	0.023399	0	8	7448	81	7950	7474	0.010838	0	16	7950	0	0	0	nan	0	0	0	0.012562	0.002193	0.012562	0.002193	0.535863	0.093548
54	U	151	7443	6903	0.021875	0	8	7443	251	7949	7389	0.033969	0	16	7949	0	0	0	nan	0	0	0	-0.012095	0.002787	-0.012095	0.002787	-0.515942	0.118886
55	U	132	7441	6809	0.019386	0	8	7441	127	7948	7246	0.017527	0	16	7948	0	0	0	nan	0	0	0	0.001859	0.002295	0.001859	0.002295	0.079300	0.097899
56	C	87	7437	6807	0.012781	0	8	7437	109	7945	7270	0.014993	0	16	7945	0	0	0	nan	0	0	0	-0.002212	0.001985	-0.002212	0.001985	-0.094358	0.084675
57	G	10	7435	6364	0.001571	0	8	7435	26	7943	6993	0.003718	0	16	7943	0	0	0	nan	0	0	0	-0.002147	0.000882	-0.002147	0.000882	-0.091586	0.037624
58	A	3113	7429	6332	0.491630	0	8	7429	62	7938	7054	0.008789	0	16	7938	0	0	0	nan	0	0	0	0.482840	0.008882	0.482840	0.008882	20.596717	0.378883
59	C	199	7426	6404	0.031074	0	8	7426	53	7928	7081	0.007485	0	16	7928	0	0	0	nan	0	0	0	0.023590	0.002431	0.023590	0.002431	1.006289	0.103700
60	U	41	7421	6843	0.005992	0	8	7421	110	7916	7402	0.014861	0	16	7916	0	0	0	nan	0	0	0	-0.008869	0.001698	-0.008869	0.001698	-0.378329	0.072432
61	C	47	7409	6805	0.006907	0	8	7409	60	7904	7341	0.008173	0	16	7904	0	0	0	nan	0	0	0	-0.001267	0.001459	-0.001267	0.001459	-0.054047	0.062237
62	U	67	7395	6694	0.010009	0	8	7395	83	7894	7184	0.011553	0	16	7894	0	0	0	nan	0	0	0	-0.001544	0.001762	-0.001544	0.001762	-0.065863	0.075162
63	G	78	7391	6503	0.011994	0	8	7391	72	7892	6955	0.010352	0	16	7892	0	0	0	nan	0	0	0	0.001642	0.001826	0.001642	0.001826	0.070044	0.077892
64	G	98	7387	6436	0.015227	0	8	7387	77	7885	6824	0.011284	0	16	7885	0	0	0	nan	0	0	0	0.003943	0.002005	0.003943	0.002005	0.168198	0.085528
65	G	230	7385	6522	0.035265	0	7	7385	66	7876	6906	0.009557	0	15	7876	0	0	0	nan	0	0	0	0.025708	0.002606	0.025708	0.002606	1.096637	0.111165
66	U	34	7384	6710	0.005067	0	7	7384	55	7876	7105	0.007741	0	15	7876	0	0	0	nan	0	0	0	-0.002674	0.001358	-0.002674	0.001358	-0.114066	0.057929
67	A	19	7381	6891	0.002757	0	7	7381	14	7872	7371	0.001899	0	15	7872	0	0	0	nan	0	0	0	0.000858	0.000811	0.000858	0.000811	0.036600	0.034595
68	U	52	7377	6873	0.007566	0	7	7377	59	7867	7363	0.008013	0	15	7867	0	0	0	nan	0	0	0	-0.000447	0.001480	-0.000447	0.001480	-0.019068	0.063133
69	C	25	7372	6781	0.003687	0	7	7372	18	7861	7326	0.002457	0	15	7861	0	0	0	nan	0	0	0	0.001230	0.000938	0.001230	0.000938	0.052469	0.040013
70	A	45	7369	6650	0.006767	0	7	7369	24	7856	7178	0.003344	0	15	7856	0	0	0	nan	0	0	0	0.003423	0.001218	0.003423	0.001218	0.146016	0.051957
71	G	293	7355	6563	0.044644	0	7	7355	94	7843	7092	0.013254	0	15	7843	0	0	0	nan	0	0	0	0.031390	0.002945	0.031390	0.002945	1.339017	0.125626
72	C	64	7353	5962	0.010735	0	7	7353	70	7842	6623	0.010569	0	15	7842	0	0	0	nan	0	0	0	0.000165	0.001843	0.000165	0.001843	0.007038	0.078618
73	A	372	7348	5974	0.062270	0	7	7348	113	7837	6741	0.016763	0	15	7837	0	0	0	nan	0	0	0	0.045507	0.003593	0.045507	0.003593	1.941212	0.153268
74	C	354	7322	5899	0.060010	0	7	7322	38	7819	6639	0.005724	0	15	7819	0	0	0	nan	0	0	0	0.054286	0.003322	0.054286	0.003322	2.315702	0.141708
75	C	265	7312	6115	0.043336	0	7	7312	12	7809	6901	0.001739	0	15	7809	0	0	0	nan	0	0	0	0.041597	0.002709	0.041597	0.002709	1.774421	0.115559
76	A	0	7057	0	nan	0	6	7057	0	7700	0	nan	0	15	7700	0	0	0	nan	0	0	0	nan	nan	nan	nan	nan	nan