Nucleotide	Sequence	Modified_mutations	Modified_read_depth	Modified_effective_depth	Modified_rate	Modified_off_target_mapped_depth	Modified_low_mapq_mapped_depth	Modified_mapped_depth	Untreated_mutations	Untreated_read_depth	Untreated_effective_depth	Untreated_rate	Untreated_off_target_mapped_depth	Untreated_low_mapq_mapped_depth	Untreated_mapped_depth	Denatured_mutations	Denatured_read_depth	Denatured_effective_depth	Denatured_rate	Denatured_off_target_mapped_depth	Denatured_low_mapq_mapped_depth	Denatured_mapped_depth	Reactivity_profile	Std_err	HQ_profile	HQ_stderr	Norm_profile	Norm_stderr
1	G	0	3424	3290	0.000000	0	0	3424	0	5590	5403	0.000000	0	0	5590	0	0	0	nan	0	0	0	0.000000	0.000000	0.000000	0.000000	0.000000	0.000000
2	G	0	3571	3398	0.000000	0	0	3571	0	5759	5468	0.000000	0	0	5759	0	0	0	nan	0	0	0	0.000000	0.000000	0.000000	0.000000	0.000000	0.000000
3	G	188	3645	3498	0.053745	0	0	3645	55	5816	5524	0.009957	0	0	5816	0	0	0	nan	0	0	0	0.043788	0.004143	0.043788	0.004143	1.574719	0.148992
4	U	53	3767	3654	0.014505	0	0	3767	94	5885	5629	0.016699	0	0	5885	0	0	0	nan	0	0	0	-0.002195	0.002634	-0.002195	0.002634	-0.078937	0.094725
5	C	27	3782	3655	0.007387	0	0	3782	45	5913	5657	0.007955	0	0	5913	0	0	0	nan	0	0	0	-0.000568	0.001851	-0.000568	0.001851	-0.020427	0.066566
6	G	264	3821	3659	0.072151	0	0	3821	36	5966	5683	0.006335	0	0	5966	0	0	0	nan	0	0	0	0.065816	0.004564	0.065816	0.004564	2.366898	0.164132
7	U	64	4091	3886	0.016469	0	0	4091	101	6246	5893	0.017139	0	0	6246	0	0	0	nan	0	0	0	-0.000670	0.002673	-0.000670	0.002673	-0.024095	0.096127
8	U	226	4311	4139	0.054603	0	0	4311	225	6641	6351	0.035427	0	0	6641	0	0	0	nan	0	0	0	0.019175	0.004332	0.019175	0.004332	0.689578	0.155789
9	A	98	4494	4246	0.023081	0	0	4494	13	6974	6605	0.001968	0	0	6974	0	0	0	nan	0	0	0	0.021112	0.002395	0.021112	0.002395	0.759237	0.086130
10	G	99	4686	4434	0.022327	0	0	4686	119	7002	6649	0.017897	0	0	7002	0	0	0	nan	0	0	0	0.004430	0.002780	0.004430	0.002780	0.159313	0.099975
11	C	29	4725	4413	0.006571	0	0	4725	34	7049	6583	0.005165	0	0	7049	0	0	0	nan	0	0	0	0.001407	0.001508	0.001407	0.001508	0.050599	0.054231
12	U	62	4916	4602	0.013472	0	0	4916	92	7288	6738	0.013654	0	0	7288	0	0	0	nan	0	0	0	-0.000181	0.002226	-0.000181	0.002226	-0.006509	0.080052
13	C	18	4947	4660	0.003863	0	0	4947	17	7363	6868	0.002475	0	0	7363	0	0	0	nan	0	0	0	0.001387	0.001091	0.001387	0.001091	0.049880	0.039235
14	A	128	4991	4666	0.027432	0	0	4991	9	7469	6878	0.001309	0	0	7469	0	0	0	nan	0	0	0	0.026124	0.002464	0.026124	0.002464	0.939480	0.088611
15	G	33	5024	4688	0.007039	0	0	5024	27	7495	6910	0.003907	0	0	7495	0	0	0	nan	0	0	0	0.003132	0.001438	0.003132	0.001438	0.112634	0.051714
16	U	112	5365	4958	0.022590	0	0	5365	199	8051	7395	0.026910	0	0	8051	0	0	0	nan	0	0	0	-0.004320	0.002863	-0.004320	0.002863	-0.155357	0.102960
17	U	9	5468	5060	0.001779	0	0	5468	18	8297	7678	0.002344	0	0	8297	0	0	0	nan	0	0	0	-0.000566	0.000810	-0.000566	0.000810	-0.020355	0.029130
18	G	59	5530	5157	0.011441	0	0	5530	62	8419	7871	0.007877	0	0	8419	0	0	0	nan	0	0	0	0.003564	0.001794	0.003564	0.001794	0.128170	0.064516
19	G	76	5599	5268	0.014427	0	0	5599	64	8482	7932	0.008069	0	0	8482	0	0	0	nan	0	0	0	0.006358	0.001938	0.006358	0.001938	0.228649	0.069695
20	U	95	5646	5399	0.017596	0	0	5646	136	8534	8108	0.016774	0	0	8534	0	0	0	nan	0	0	0	0.000822	0.002308	0.000822	0.002308	0.029561	0.083001
21	A	19	5661	5352	0.003550	0	0	5661	15	8557	8051	0.001863	0	0	8557	0	0	0	nan	0	0	0	0.001687	0.000946	0.001687	0.000946	0.060668	0.034020
22	G	21	5676	5317	0.003950	0	0	5676	38	8569	8015	0.004741	0	0	8569	0	0	0	nan	0	0	0	-0.000792	0.001155	-0.000792	0.001155	-0.028482	0.041537
23	A	72	5680	5256	0.013699	0	0	5680	39	8575	7913	0.004929	0	0	8575	0	0	0	nan	0	0	0	0.008770	0.001797	0.008770	0.001797	0.315390	0.064624
24	G	191	5681	5270	0.036243	0	0	5681	80	8576	7887	0.010143	0	0	8576	0	0	0	nan	0	0	0	0.026100	0.002857	0.026100	0.002857	0.938617	0.102744
25	C	30	5687	5351	0.005606	0	0	5687	36	8578	8020	0.004489	0	0	8578	0	0	0	nan	0	0	0	0.001118	0.001268	0.001118	0.001268	0.040206	0.045600
26	A	263	5685	5280	0.049811	0	0	5685	19	8574	7916	0.002400	0	0	8574	0	0	0	nan	0	0	0	0.047410	0.003120	0.047410	0.003120	1.704975	0.112203
27	G	109	5685	5239	0.020805	0	0	5685	95	8567	7887	0.012045	0	0	8567	0	0	0	nan	0	0	0	0.008760	0.002345	0.008760	0.002345	0.315030	0.084332
28	U	72	5712	5208	0.013825	0	0	5712	159	8592	7836	0.020291	0	0	8592	0	0	0	nan	0	0	0	-0.006466	0.002290	-0.006466	0.002290	-0.232533	0.082354
29	U	55	5723	5192	0.010593	0	0	5723	72	8611	7876	0.009142	0	0	8611	0	0	0	nan	0	0	0	0.001452	0.001789	0.001452	0.001789	0.052217	0.064337
30	G	148	5761	5261	0.028132	0	0	5761	28	8641	7937	0.003528	0	0	8641	0	0	0	nan	0	0	0	0.024604	0.002407	0.024604	0.002407	0.884818	0.086561
31	A	42	5769	5269	0.007971	0	0	5769	45	8656	7926	0.005678	0	0	8656	0	0	0	nan	0	0	0	0.002294	0.001493	0.002294	0.001493	0.082498	0.053692
32	C	205	5775	5310	0.038606	0	0	5775	182	8658	7974	0.022824	0	0	8658	0	0	0	nan	0	0	0	0.015782	0.003183	0.015782	0.003183	0.567558	0.114468
33	U	49	5823	5394	0.009084	0	0	5823	93	8689	8044	0.011561	0	0	8689	0	0	0	nan	0	0	0	-0.002477	0.001767	-0.002477	0.001767	-0.089079	0.063545
34	U	375	5913	5506	0.068108	0	0	5913	242	8753	8125	0.029785	0	1	8753	0	0	0	nan	0	0	0	0.038323	0.004004	0.038323	0.004004	1.378185	0.143993
35	U	43	6083	5741	0.007490	0	1	6083	61	8850	8349	0.007306	0	1	8850	0	0	0	nan	0	0	0	0.000184	0.001476	0.000184	0.001476	0.006617	0.053080
36	U	38	6195	5855	0.006490	0	1	6195	55	8924	8443	0.006514	0	1	8924	0	0	0	nan	0	0	0	-0.000024	0.001371	-0.000024	0.001371	-0.000863	0.049304
37	A	211	6233	5957	0.035421	0	1	6233	313	8966	8580	0.036480	0	1	8966	0	0	0	nan	0	0	0	-0.001060	0.003193	-0.001060	0.003193	-0.038120	0.114828
38	A	215	6318	6035	0.035626	0	1	6318	35	9018	8638	0.004052	0	1	9018	0	0	0	nan	0	0	0	0.031574	0.002524	0.031574	0.002524	1.135475	0.090769
39	U	76	6377	5840	0.013014	0	1	6377	150	9046	8270	0.018138	0	1	9046	0	0	0	nan	0	0	0	-0.005124	0.002103	-0.005124	0.002103	-0.184271	0.075629
40	C	39	6398	5862	0.006653	0	1	6398	54	9061	8308	0.006500	0	1	9061	0	0	0	nan	0	0	0	0.000153	0.001385	0.000153	0.001385	0.005502	0.049808
41	A	29	6508	6050	0.004793	0	1	6508	9	9150	8464	0.001063	0	1	9150	0	0	0	nan	0	0	0	0.003730	0.000958	0.003730	0.000958	0.134140	0.034452
42	A	93	6512	6134	0.015161	0	1	6512	120	9149	8618	0.013924	0	1	9149	0	0	0	nan	0	0	0	0.001237	0.002022	0.001237	0.002022	0.044485	0.072716
43	U	175	6519	5977	0.029279	0	1	6519	241	9141	8352	0.028855	0	1	9141	0	0	0	nan	0	0	0	0.000424	0.002890	0.000424	0.002890	0.015248	0.103931
44	U	63	6525	5758	0.010941	0	1	6525	87	9147	8020	0.010848	0	1	9147	0	0	0	nan	0	0	0	0.000093	0.001804	0.000093	0.001804	0.003344	0.064876
45	G	80	6536	5746	0.013923	0	1	6536	79	9140	8028	0.009841	0	1	9140	0	0	0	nan	0	0	0	0.004082	0.001910	0.004082	0.001910	0.146798	0.068688
46	G	553	6556	5771	0.095824	0	1	6556	595	9166	8054	0.073876	0	1	9166	0	0	0	nan	0	0	0	0.021948	0.005077	nan	nan	nan	nan
47	U	831	7344	6677	0.124457	0	1	7344	1529	9661	8783	0.174086	0	2	9661	0	0	0	nan	0	0	0	-0.049629	0.006202	nan	nan	nan	nan
48	C	32	7543	6773	0.004725	0	1	7543	15	9841	8687	0.001727	0	2	9841	0	0	0	nan	0	0	0	0.002998	0.000947	0.002998	0.000947	0.107815	0.034056
49	G	79	7556	6877	0.011488	0	1	7556	48	9862	8836	0.005432	0	2	9862	0	0	0	nan	0	0	0	0.006055	0.001512	0.006055	0.001512	0.217752	0.054375
50	C	31	7565	6936	0.004469	0	1	7565	42	9872	8969	0.004683	0	2	9872	0	0	0	nan	0	0	0	-0.000213	0.001080	-0.000213	0.001080	-0.007660	0.038839
51	A	35	7564	7058	0.004959	0	1	7564	35	9867	9202	0.003804	0	2	9867	0	0	0	nan	0	0	0	0.001155	0.001056	0.001155	0.001056	0.041537	0.037976
52	G	140	7559	6918	0.020237	0	1	7559	155	9860	9048	0.017131	0	2	9860	0	0	0	nan	0	0	0	0.003106	0.002195	0.003106	0.002195	0.111699	0.078937
53	G	169	7556	6901	0.024489	0	1	7556	105	9860	8959	0.011720	0	2	9860	0	0	0	nan	0	0	0	0.012769	0.002204	0.012769	0.002204	0.459203	0.079261
54	U	133	7552	7043	0.018884	0	1	7552	238	9864	9180	0.025926	0	2	9864	0	0	0	nan	0	0	0	-0.007042	0.002346	-0.007042	0.002346	-0.253247	0.084368
55	U	123	7553	6934	0.017739	0	1	7553	155	9878	9036	0.017154	0	2	9878	0	0	0	nan	0	0	0	0.000585	0.002111	0.000585	0.002111	0.021038	0.075917
56	C	82	7550	6883	0.011913	0	1	7550	89	9877	8920	0.009978	0	2	9877	0	0	0	nan	0	0	0	0.001936	0.001688	0.001936	0.001688	0.069623	0.060704
57	G	26	7550	6776	0.003837	0	1	7550	40	9873	8874	0.004508	0	2	9873	0	0	0	nan	0	0	0	-0.000670	0.001036	-0.000670	0.001036	-0.024095	0.037257
58	A	2873	7546	6653	0.431835	0	1	7546	24	9872	8907	0.002695	0	2	9872	0	0	0	nan	0	0	0	0.429141	0.008075	0.429141	0.008075	15.432920	0.290396
59	A	59	7542	6713	0.008789	0	1	7542	80	9862	8970	0.008919	0	2	9862	0	0	0	nan	0	0	0	-0.000130	0.001518	-0.000130	0.001518	-0.004675	0.054591
60	U	49	7522	6602	0.007422	0	1	7522	114	9845	8658	0.013167	0	2	9845	0	0	0	nan	0	0	0	-0.005745	0.001626	-0.005745	0.001626	-0.206604	0.058475
61	C	26	7510	6774	0.003838	0	1	7510	44	9839	8690	0.005063	0	2	9839	0	0	0	nan	0	0	0	-0.001225	0.001072	-0.001225	0.001072	-0.044054	0.038552
62	C	36	7500	6668	0.005399	0	1	7500	43	9830	8608	0.004995	0	2	9830	0	0	0	nan	0	0	0	0.000404	0.001179	0.000404	0.001179	0.014529	0.042400
63	U	30	7496	6661	0.004504	0	1	7496	63	9821	8594	0.007331	0	2	9821	0	0	0	nan	0	0	0	-0.002827	0.001237	-0.002827	0.001237	-0.101666	0.044485
64	G	132	7493	6623	0.019931	0	1	7493	93	9809	8498	0.010944	0	2	9809	0	0	0	nan	0	0	0	0.008987	0.002073	0.008987	0.002073	0.323194	0.074550
65	C	28	7489	6352	0.004408	0	1	7489	48	9792	8237	0.005827	0	1	9792	0	0	0	nan	0	0	0	-0.001419	0.001184	-0.001419	0.001184	-0.051031	0.042579
66	A	16	7488	6507	0.002459	0	1	7488	39	9785	8510	0.004583	0	1	9785	0	0	0	nan	0	0	0	-0.002124	0.000957	-0.002124	0.000957	-0.076384	0.034416
67	C	51	7486	6419	0.007945	0	1	7486	53	9779	8400	0.006310	0	1	9779	0	0	0	nan	0	0	0	0.001636	0.001410	0.001636	0.001410	0.058834	0.050707
68	G	137	7483	5321	0.025747	0	1	7483	34	9776	7183	0.004733	0	1	9776	0	0	0	nan	0	0	0	0.021014	0.002345	0.021014	0.002345	0.755713	0.084332
69	A	63	7477	5330	0.011820	0	1	7477	69	9774	7165	0.009630	0	1	9774	0	0	0	nan	0	0	0	0.002190	0.001887	0.002190	0.001887	0.078758	0.067861
70	C	61	7474	5416	0.011263	0	1	7474	91	9770	7332	0.012411	0	1	9770	0	0	0	nan	0	0	0	-0.001148	0.001942	-0.001148	0.001942	-0.041285	0.069839
71	C	68	7465	6726	0.010110	0	1	7465	67	9767	8695	0.007706	0	1	9767	0	0	0	nan	0	0	0	0.002404	0.001546	0.002404	0.001546	0.086453	0.055598
72	C	99	7462	5938	0.016672	0	1	7462	107	9761	7930	0.013493	0	1	9761	0	0	0	nan	0	0	0	0.003179	0.002123	0.003179	0.002123	0.114324	0.076348
73	A	173	7458	5955	0.029051	0	1	7458	77	9758	7950	0.009686	0	1	9758	0	0	0	nan	0	0	0	0.019366	0.002469	0.019366	0.002469	0.696447	0.088791
74	C	183	7457	5992	0.030541	0	1	7457	30	9751	8044	0.003729	0	1	9751	0	0	0	nan	0	0	0	0.026811	0.002358	0.026811	0.002358	0.964187	0.084799
75	C	75	7429	6441	0.011644	0	1	7429	11	9740	8588	0.001281	0	1	9740	0	0	0	nan	0	0	0	0.010363	0.001399	0.010363	0.001399	0.372678	0.050311
76	A	0	7197	0	nan	0	0	7197	0	9592	0	nan	0	1	9592	0	0	0	nan	0	0	0	nan	nan	nan	nan	nan	nan