0.000000
0.000000
0.000000
0.000000
0.000000
0.000000
0.000000
0.000000
0.000000
0.000000
0.000000
0.000000
0.000000
0.000000
0.000000
0.000000
0.000188
0.000000
0.470438
0.000000
0.058828
0.151369
0.850000
0.028555
0.236656
0.087786
0.064308
0.000000
0.000000
0.085905
0.508717
0.009966
0.000000
0.000000
0.850000
0.153947
0.318613
0.000000
0.000000
0.274317
0.000000
0.006044
0.131652
0.716442
0.047788
0.271416
0.000000
0.000000
0.147017
0.073522
0.260402
0.850000
0.850000
0.371182
0.850000
0.199076
0.020200
0.418406
0.031751
0.375346
0.000000
0.000913
0.351438
0.850000
0.115508
0.000000
0.000000
0.000000
0.000000
0.000000
0.000000
0.000000
0.000000
0.000000
0.000000
0.000000
0.014479
0.121041
0.000000
0.000000
0.000000
0.000000
0.000000
0.000000
0.000000
0.000000
0.000000
