Nucleotide	Sequence	Modified_mutations	Modified_read_depth	Modified_effective_depth	Modified_rate	Modified_off_target_mapped_depth	Modified_low_mapq_mapped_depth	Modified_mapped_depth	Untreated_mutations	Untreated_read_depth	Untreated_effective_depth	Untreated_rate	Untreated_off_target_mapped_depth	Untreated_low_mapq_mapped_depth	Untreated_mapped_depth	Denatured_mutations	Denatured_read_depth	Denatured_effective_depth	Denatured_rate	Denatured_off_target_mapped_depth	Denatured_low_mapq_mapped_depth	Denatured_mapped_depth	Reactivity_profile	Std_err	HQ_profile	HQ_stderr	Norm_profile	Norm_stderr
1	A	0	2822	2774	0.000000	0	0	2822	0	4515	4431	0.000000	0	0	4515	0	0	0	nan	0	0	0	0.000000	0.000000	0.000000	0.000000	0.000000	0.000000
2	G	0	2921	2810	0.000000	0	0	2921	0	4587	4398	0.000000	0	0	4587	0	0	0	nan	0	0	0	0.000000	0.000000	0.000000	0.000000	0.000000	0.000000
3	G	88	3006	2863	0.030737	0	0	3006	39	4648	4423	0.008818	0	0	4648	0	0	0	nan	0	0	0	0.021919	0.003568	0.021919	0.003568	0.752687	0.122523
4	C	14	3017	2871	0.004876	0	0	3017	31	4655	4417	0.007018	0	0	4655	0	0	0	nan	0	0	0	-0.002142	0.001813	-0.002142	0.001813	-0.073555	0.062257
5	U	32	3068	2923	0.010948	0	0	3068	37	4706	4466	0.008285	0	0	4706	0	0	0	nan	0	0	0	0.002663	0.002367	0.002663	0.002367	0.091446	0.081282
6	U	37	3088	2891	0.012798	0	0	3088	29	4731	4412	0.006573	0	0	4731	0	0	0	nan	0	0	0	0.006225	0.002432	0.006225	0.002432	0.213763	0.083514
7	G	145	3110	2915	0.049743	0	0	3110	48	4754	4429	0.010838	0	0	4754	0	0	0	nan	0	0	0	0.038905	0.004417	0.038905	0.004417	1.335977	0.151677
8	U	25	3221	3054	0.008186	0	0	3221	38	4835	4585	0.008288	0	0	4835	0	0	0	nan	0	0	0	-0.000102	0.002118	-0.000102	0.002118	-0.003503	0.072731
9	A	173	3244	3122	0.055413	0	0	3244	9	4862	4667	0.001928	0	0	4862	0	0	0	nan	0	0	0	0.053485	0.004262	0.053485	0.004262	1.836647	0.146355
10	G	64	3379	3275	0.019542	0	0	3379	60	4868	4710	0.012739	0	0	4868	0	0	0	nan	0	0	0	0.006803	0.002945	0.006803	0.002945	0.233611	0.101130
11	C	19	3398	3297	0.005763	0	0	3398	33	4881	4709	0.007008	0	0	4881	0	0	0	nan	0	0	0	-0.001245	0.001799	-0.001245	0.001799	-0.042753	0.061777
12	U	37	3492	3379	0.010950	0	0	3492	55	4951	4797	0.011465	0	0	4951	0	0	0	nan	0	0	0	-0.000516	0.002373	-0.000516	0.002373	-0.017719	0.081488
13	C	14	3516	3410	0.004106	0	0	3516	11	4982	4830	0.002277	0	0	4982	0	0	0	nan	0	0	0	0.001828	0.001294	0.001828	0.001294	0.062773	0.044435
14	A	117	3571	3435	0.034061	0	0	3571	11	5059	4844	0.002271	0	0	5059	0	0	0	nan	0	0	0	0.031790	0.003223	0.031790	0.003223	1.091652	0.110676
15	G	35	3582	3407	0.010273	0	0	3582	39	5064	4764	0.008186	0	0	5064	0	0	0	nan	0	0	0	0.002087	0.002176	0.002087	0.002176	0.071666	0.074723
16	G	154	3618	3401	0.045281	0	0	3618	56	5111	4747	0.011797	0	0	5111	0	0	0	nan	0	0	0	0.033484	0.003975	0.033484	0.003975	1.149823	0.136499
17	U	51	3644	3433	0.014856	0	0	3644	88	5134	4795	0.018352	0	0	5134	0	0	0	nan	0	0	0	-0.003497	0.002856	-0.003497	0.002856	-0.120085	0.098074
18	G	21	3652	3469	0.006054	0	0	3652	11	5144	4870	0.002259	0	0	5144	0	0	0	nan	0	0	0	0.003795	0.001486	0.003795	0.001486	0.130318	0.051028
19	G	45	3672	3493	0.012883	0	0	3672	23	5172	4918	0.004677	0	0	5172	0	0	0	nan	0	0	0	0.008206	0.002154	0.008206	0.002154	0.281790	0.073967
20	U	89	3749	3585	0.024826	0	0	3749	152	5243	5031	0.030213	0	0	5243	0	0	0	nan	0	0	0	-0.005387	0.003596	-0.005387	0.003596	-0.184987	0.123485
21	U	6	3800	3653	0.001642	0	0	3800	13	5308	5107	0.002546	0	0	5308	0	0	0	nan	0	0	0	-0.000903	0.000974	-0.000903	0.000974	-0.031009	0.033447
22	A	13	3844	3726	0.003489	0	0	3844	14	5354	5161	0.002713	0	0	5354	0	0	0	nan	0	0	0	0.000776	0.001209	0.000776	0.001209	0.026647	0.041516
23	G	26	3851	3667	0.007090	0	0	3851	11	5358	5087	0.002162	0	0	5358	0	0	0	nan	0	0	0	0.004928	0.001536	0.004928	0.001536	0.169225	0.052745
24	A	18	3858	3621	0.004971	0	0	3858	14	5365	5041	0.002777	0	0	5365	0	0	0	nan	0	0	0	0.002194	0.001387	0.002194	0.001387	0.075341	0.047629
25	G	169	3858	3606	0.046866	0	0	3858	57	5368	5023	0.011348	0	0	5368	0	0	0	nan	0	0	0	0.035519	0.003906	0.035519	0.003906	1.219704	0.134130
26	C	20	3859	3630	0.005510	0	0	3859	50	5370	5034	0.009932	0	0	5370	0	0	0	nan	0	0	0	-0.004423	0.001868	-0.004423	0.001868	-0.151884	0.064146
27	G	68	3860	3668	0.018539	0	0	3860	83	5375	5055	0.016419	0	0	5375	0	0	0	nan	0	0	0	0.002119	0.002881	0.002119	0.002881	0.072765	0.098932
28	C	14	3860	3627	0.003860	0	0	3860	21	5376	5047	0.004161	0	0	5376	0	0	0	nan	0	0	0	-0.000301	0.001374	-0.000301	0.001374	-0.010336	0.047182
29	A	26	3862	3670	0.007084	0	0	3862	14	5388	5158	0.002714	0	0	5388	0	0	0	nan	0	0	0	0.004370	0.001567	0.004370	0.001567	0.150064	0.053810
30	C	31	3862	3565	0.008696	0	0	3862	31	5387	4995	0.006206	0	0	5387	0	0	0	nan	0	0	0	0.002489	0.001919	0.002489	0.001919	0.085471	0.065897
31	C	27	3863	3583	0.007536	0	0	3863	29	5386	4998	0.005802	0	0	5386	0	0	0	nan	0	0	0	0.001733	0.001807	0.001733	0.001807	0.059510	0.062051
32	C	20	3867	3587	0.005576	0	0	3867	26	5387	4998	0.005202	0	0	5387	0	0	0	nan	0	0	0	0.000374	0.001611	0.000374	0.001611	0.012843	0.055321
33	C	90	3871	3658	0.024604	0	0	3871	36	5391	5072	0.007098	0	0	5391	0	0	0	nan	0	0	0	0.017506	0.002851	0.017506	0.002851	0.601147	0.097902
34	U	37	3881	3654	0.010126	0	0	3881	49	5400	5049	0.009705	0	0	5400	0	0	0	nan	0	0	0	0.000421	0.002166	0.000421	0.002166	0.014457	0.074379
35	G	133	3887	3686	0.036082	0	0	3887	25	5401	5083	0.004918	0	0	5401	0	0	0	nan	0	0	0	0.031164	0.003280	0.031164	0.003280	1.070156	0.112633
36	A	103	3921	3724	0.027658	0	0	3921	16	5413	5090	0.003143	0	0	5413	0	0	0	nan	0	0	0	0.024515	0.002836	0.024515	0.002836	0.841832	0.097387
37	U	35	3947	3710	0.009434	0	0	3947	50	5417	5059	0.009883	0	0	5417	0	0	0	nan	0	0	0	-0.000449	0.002120	-0.000449	0.002120	-0.015418	0.072800
38	A	136	3963	3726	0.036500	0	0	3963	250	5418	5049	0.049515	0	0	5418	0	0	0	nan	0	0	0	-0.013014	0.004428	-0.013014	0.004428	-0.446894	0.152055
39	A	67	4015	3786	0.017697	0	0	4015	23	5435	5107	0.004504	0	0	5435	0	0	0	nan	0	0	0	0.013193	0.002357	0.013193	0.002357	0.453041	0.080938
40	G	76	4018	3812	0.019937	0	0	4018	51	5433	5124	0.009953	0	0	5433	0	0	0	nan	0	0	0	0.009984	0.002678	0.009984	0.002678	0.342845	0.091961
41	G	97	4018	3747	0.025887	0	0	4018	66	5430	5044	0.013085	0	0	5430	0	0	0	nan	0	0	0	0.012803	0.003083	0.012803	0.003083	0.439648	0.105869
42	G	132	4018	3729	0.035398	0	0	4018	50	5431	5029	0.009942	0	0	5431	0	0	0	nan	0	0	0	0.025456	0.003387	0.025456	0.003387	0.874146	0.116308
43	U	86	4017	3770	0.022812	0	0	4017	101	5430	5068	0.019929	0	0	5430	0	0	0	nan	0	0	0	0.002883	0.003160	0.002883	0.003160	0.099001	0.108513
44	G	82	4017	3841	0.021349	0	0	4017	33	5433	5197	0.006350	0	0	5433	0	0	0	nan	0	0	0	0.014999	0.002604	0.014999	0.002604	0.515058	0.089420
45	A	26	4021	3855	0.006744	0	0	4021	39	5433	5225	0.007464	0	0	5433	0	0	0	nan	0	0	0	-0.000720	0.001783	-0.000720	0.001783	-0.024724	0.061227
46	G	26	4020	3816	0.006813	0	0	4020	34	5432	5161	0.006588	0	0	5432	0	0	0	nan	0	0	0	0.000226	0.001750	0.000226	0.001750	0.007761	0.060094
47	G	345	4029	3796	0.090885	0	0	4029	319	5450	5090	0.062672	0	0	5450	0	0	0	nan	0	0	0	0.028213	0.006021	nan	nan	nan	nan
48	U	372	5244	4988	0.074579	0	0	5244	512	5945	5585	0.091674	0	0	5945	0	0	0	nan	0	0	0	-0.017095	0.005601	nan	nan	nan	nan
49	C	10	5430	5143	0.001944	0	0	5430	10	6084	5695	0.001756	0	0	6084	0	0	0	nan	0	0	0	0.000188	0.000828	0.000188	0.000828	0.006456	0.028433
50	G	24	5432	5116	0.004691	0	0	5432	16	6097	5704	0.002805	0	0	6097	0	0	0	nan	0	0	0	0.001886	0.001187	0.001886	0.001187	0.064764	0.040761
51	G	82	5436	5078	0.016148	0	0	5436	57	6102	5687	0.010023	0	0	6102	0	0	0	nan	0	0	0	0.006125	0.002223	0.006125	0.002223	0.210329	0.076337
52	U	87	5436	5114	0.017012	0	0	5436	78	6099	5738	0.013594	0	0	6099	0	0	0	nan	0	0	0	0.003419	0.002387	0.003419	0.002387	0.117407	0.081968
53	G	123	5435	5140	0.023930	0	0	5435	111	6100	5737	0.019348	0	0	6100	0	0	0	nan	0	0	0	0.004582	0.002833	0.004582	0.002833	0.157343	0.097284
54	G	164	5435	5132	0.031956	0	0	5435	97	6102	5725	0.016943	0	0	6102	0	0	0	nan	0	0	0	0.015013	0.003031	0.015013	0.003031	0.515539	0.104083
55	U	101	5435	5153	0.019600	0	0	5435	114	6106	5746	0.019840	0	0	6106	0	0	0	nan	0	0	0	-0.000240	0.002694	-0.000240	0.002694	-0.008241	0.092511
56	U	112	5435	5153	0.021735	0	0	5435	113	6115	5779	0.019554	0	0	6115	0	0	0	nan	0	0	0	0.002181	0.002757	0.002181	0.002757	0.074894	0.094674
57	C	137	5434	5161	0.026545	0	0	5434	31	6114	5778	0.005365	0	0	6114	0	0	0	nan	0	0	0	0.021180	0.002464	0.021180	0.002464	0.727310	0.084612
58	A	80	5433	5158	0.015510	0	0	5433	15	6114	5798	0.002587	0	0	6114	0	0	0	nan	0	0	0	0.012923	0.001858	0.012923	0.001858	0.443769	0.063803
59	A	1925	5432	5097	0.377673	0	0	5432	27	6111	5776	0.004675	0	0	6111	0	0	0	nan	0	0	0	0.372999	0.008655	0.372999	0.008655	12.808592	0.297208
60	G	64	5432	5074	0.012613	0	0	5432	65	6110	5684	0.011436	0	0	6110	0	0	0	nan	0	0	0	0.001178	0.002121	0.001178	0.002121	0.040452	0.072834
61	U	34	5432	5049	0.006734	0	0	5432	72	6108	5665	0.012710	0	0	6108	0	0	0	nan	0	0	0	-0.005976	0.001891	-0.005976	0.001891	-0.205213	0.064936
62	C	17	5431	4967	0.003423	0	0	5431	34	6107	5525	0.006154	0	0	6107	0	0	0	nan	0	0	0	-0.002731	0.001343	-0.002731	0.001343	-0.093781	0.046118
63	C	12	5429	4929	0.002435	0	0	5429	19	6105	5496	0.003457	0	0	6105	0	0	0	nan	0	0	0	-0.001022	0.001060	-0.001022	0.001060	-0.035095	0.036400
64	A	45	5426	4959	0.009074	0	0	5426	37	6102	5519	0.006704	0	0	6102	0	0	0	nan	0	0	0	0.002370	0.001745	0.002370	0.001745	0.081385	0.059922
65	C	34	5425	5039	0.006747	0	0	5425	39	6099	5635	0.006921	0	0	6099	0	0	0	nan	0	0	0	-0.000174	0.001602	-0.000174	0.001602	-0.005975	0.055012
66	U	90	5420	5056	0.017801	0	0	5420	122	6087	5641	0.021627	0	0	6087	0	0	0	nan	0	0	0	-0.003827	0.002712	-0.003827	0.002712	-0.131417	0.093129
67	C	32	5419	4885	0.006551	0	0	5419	28	6086	5419	0.005167	0	0	6086	0	0	0	nan	0	0	0	0.001384	0.001515	0.001384	0.001515	0.047526	0.052024
68	A	13	5417	4825	0.002694	0	0	5417	17	6084	5359	0.003172	0	0	6084	0	0	0	nan	0	0	0	-0.000478	0.001073	-0.000478	0.001073	-0.016414	0.036846
69	G	92	5417	4738	0.019417	0	0	5417	43	6076	5273	0.008155	0	0	6076	0	0	0	nan	0	0	0	0.011263	0.002376	0.011263	0.002376	0.386766	0.081591
70	G	139	5416	4868	0.028554	0	0	5416	69	6075	5402	0.012773	0	0	6075	0	0	0	nan	0	0	0	0.015781	0.002869	0.015781	0.002869	0.541911	0.098520
71	C	38	5416	4891	0.007769	0	0	5416	34	6075	5431	0.006260	0	0	6075	0	0	0	nan	0	0	0	0.001509	0.001656	0.001509	0.001656	0.051818	0.056866
72	C	47	5415	4955	0.009485	0	0	5415	26	6074	5549	0.004686	0	0	6074	0	0	0	nan	0	0	0	0.004800	0.001661	0.004800	0.001661	0.164830	0.057038
73	U	29	5413	4913	0.005903	0	0	5413	25	6074	5494	0.004550	0	0	6074	0	0	0	nan	0	0	0	0.001352	0.001425	0.001352	0.001425	0.046427	0.048934
74	A	116	5405	4952	0.023425	0	0	5405	12	6074	5550	0.002162	0	0	6074	0	0	0	nan	0	0	0	0.021263	0.002263	0.021263	0.002263	0.730160	0.077710
75	C	305	5402	4877	0.062538	0	0	5402	17	6071	5419	0.003137	0	0	6071	0	0	0	nan	0	0	0	0.059401	0.003661	0.059401	0.003661	2.039799	0.125717
76	C	70	5385	4696	0.014906	0	0	5385	8	6059	5365	0.001491	0	0	6059	0	0	0	nan	0	0	0	0.013415	0.001858	0.013415	0.001858	0.460664	0.063803
77	A	0	5154	0	nan	0	0	5154	0	5939	0	nan	0	0	5939	0	0	0	nan	0	0	0	nan	nan	nan	nan	nan	nan