Nucleotide	Sequence	Modified_mutations	Modified_read_depth	Modified_effective_depth	Modified_rate	Modified_off_target_mapped_depth	Modified_low_mapq_mapped_depth	Modified_mapped_depth	Untreated_mutations	Untreated_read_depth	Untreated_effective_depth	Untreated_rate	Untreated_off_target_mapped_depth	Untreated_low_mapq_mapped_depth	Untreated_mapped_depth	Denatured_mutations	Denatured_read_depth	Denatured_effective_depth	Denatured_rate	Denatured_off_target_mapped_depth	Denatured_low_mapq_mapped_depth	Denatured_mapped_depth	Reactivity_profile	Std_err	HQ_profile	HQ_stderr
1	G	0	236	229	0.000000	0	0	236	0	258	248	0.000000	0	0	258	0	0	0	nan	0	0	0	0.000000	0.000000	nan	nan
2	U	0	258	248	0.000000	0	0	258	0	267	256	0.000000	0	0	267	0	0	0	nan	0	0	0	0.000000	0.000000	nan	nan
3	C	3	261	252	0.011905	0	0	261	2	274	265	0.007547	0	0	274	0	0	0	nan	0	0	0	0.004358	0.008702	nan	nan
4	C	5	265	254	0.019685	0	0	265	1	276	263	0.003802	0	0	276	0	0	0	nan	0	0	0	0.015883	0.009589	nan	nan
5	U	5	279	269	0.018587	0	0	279	3	285	271	0.011070	0	0	285	0	0	0	nan	0	0	0	0.007517	0.010486	nan	nan
6	C	5	280	263	0.019011	0	0	280	1	289	274	0.003650	0	0	289	0	0	0	nan	0	0	0	0.015362	0.009252	nan	nan
7	U	0	301	279	0.000000	0	0	301	2	321	301	0.006645	0	0	321	0	0	0	nan	0	0	0	-0.006645	0.004698	nan	nan
8	U	43	328	298	0.144295	0	0	328	78	353	333	0.234234	0	0	353	0	0	0	nan	0	0	0	-0.089939	0.034462	nan	nan
9	A	7	363	340	0.020588	0	0	363	0	398	373	0.000000	0	0	398	0	0	0	nan	0	0	0	0.020588	0.007782	nan	nan
10	G	7	366	339	0.020649	0	0	366	2	399	376	0.005319	0	0	399	0	0	0	nan	0	0	0	0.015330	0.008664	nan	nan
11	U	3	377	351	0.008547	0	0	377	5	406	382	0.013089	0	0	406	0	0	0	nan	0	0	0	-0.004542	0.007656	nan	nan
12	U	0	385	320	0.000000	0	0	385	3	430	374	0.008021	0	0	430	0	0	0	nan	0	0	0	-0.008021	0.004631	nan	nan
13	A	4	390	336	0.011905	0	0	390	0	451	396	0.000000	0	0	451	0	0	0	nan	0	0	0	0.011905	0.005952	nan	nan
14	A	2	391	340	0.005882	0	0	391	0	454	405	0.000000	0	0	454	0	0	0	nan	0	0	0	0.005882	0.004159	nan	nan
15	A	5	394	380	0.013158	0	0	394	6	456	443	0.013544	0	0	456	0	0	0	nan	0	0	0	-0.000386	0.008075	nan	nan
16	U	4	397	378	0.010582	0	0	397	8	458	436	0.018349	0	0	458	0	0	0	nan	0	0	0	-0.007767	0.008371	nan	nan
17	G	7	398	371	0.018868	0	0	398	9	459	430	0.020930	0	0	459	0	0	0	nan	0	0	0	-0.002062	0.009977	nan	nan
18	G	7	398	374	0.018717	0	0	398	1	462	434	0.002304	0	0	462	0	0	0	nan	0	0	0	0.016412	0.007440	nan	nan
19	A	18	401	382	0.047120	0	0	401	0	466	442	0.000000	0	0	466	0	0	0	nan	0	0	0	0.047120	0.011106	nan	nan
20	U	4	403	389	0.010283	0	0	403	2	467	455	0.004396	0	0	467	0	0	0	nan	0	0	0	0.005887	0.006008	nan	nan
21	A	0	404	392	0.000000	0	0	404	0	472	454	0.000000	0	0	472	0	0	0	nan	0	0	0	0.000000	0.000000	nan	nan
22	U	2	404	392	0.005102	0	0	404	4	474	459	0.008715	0	0	474	0	0	0	nan	0	0	0	-0.003613	0.005657	nan	nan
23	A	0	405	391	0.000000	0	0	405	1	474	453	0.002208	0	0	474	0	0	0	nan	0	0	0	-0.002208	0.002208	nan	nan
24	A	6	405	389	0.015424	0	0	405	3	475	460	0.006522	0	0	475	0	0	0	nan	0	0	0	0.008902	0.007337	nan	nan
25	C	6	405	379	0.015831	0	0	405	7	474	450	0.015556	0	0	474	0	0	0	nan	0	0	0	0.000276	0.008737	nan	nan
26	G	8	404	369	0.021680	0	0	404	3	474	439	0.006834	0	0	474	0	0	0	nan	0	0	0	0.014847	0.008621	nan	nan
27	A	4	404	365	0.010959	0	0	404	5	474	428	0.011682	0	0	474	0	0	0	nan	0	0	0	-0.000723	0.007571	nan	nan
28	G	7	404	369	0.018970	0	0	404	4	474	428	0.009346	0	0	474	0	0	0	nan	0	0	0	0.009624	0.008558	nan	nan
29	C	9	404	369	0.024390	0	0	404	9	474	438	0.020548	0	0	474	0	0	0	nan	0	0	0	0.003842	0.010631	nan	nan
30	C	5	404	354	0.014124	0	0	404	7	474	409	0.017115	0	0	474	0	0	0	nan	0	0	0	-0.002991	0.009041	nan	nan
31	C	0	404	343	0.000000	0	0	404	0	475	410	0.000000	0	0	475	0	0	0	nan	0	0	0	0.000000	0.000000	nan	nan
32	C	274	404	347	0.789625	0	0	404	37	476	415	0.089157	0	0	476	0	0	0	nan	0	0	0	0.700469	0.049904	nan	nan
33	U	5	407	368	0.013587	0	0	407	4	481	450	0.008889	0	0	481	0	0	0	nan	0	0	0	0.004698	0.007528	nan	nan
34	C	9	408	368	0.024457	0	0	408	3	481	446	0.006726	0	0	481	0	0	0	nan	0	0	0	0.017730	0.009030	nan	nan
35	C	13	410	367	0.035422	0	0	410	1	482	442	0.002262	0	0	482	0	0	0	nan	0	0	0	0.033160	0.010082	nan	nan
36	U	3	416	380	0.007895	0	0	416	2	486	452	0.004425	0	0	486	0	0	0	nan	0	0	0	0.003470	0.005529	nan	nan
37	A	16	419	396	0.040404	0	0	419	16	486	455	0.035165	0	0	486	0	0	0	nan	0	0	0	0.005239	0.013391	nan	nan
38	A	5	421	395	0.012658	0	0	421	3	487	453	0.006623	0	0	487	0	0	0	nan	0	0	0	0.006036	0.006831	nan	nan
39	G	9	421	386	0.023316	0	0	421	7	487	446	0.015695	0	0	487	0	0	0	nan	0	0	0	0.007621	0.009777	nan	nan
40	G	8	421	372	0.021505	0	0	421	5	487	430	0.011628	0	0	487	0	0	0	nan	0	0	0	0.009877	0.009212	nan	nan
41	G	8	421	382	0.020942	0	0	421	6	487	434	0.013825	0	0	487	0	0	0	nan	0	0	0	0.007118	0.009310	nan	nan
42	C	1	421	390	0.002564	0	0	421	2	487	445	0.004494	0	0	487	0	0	0	nan	0	0	0	-0.001930	0.004083	nan	nan
43	U	2	422	403	0.004963	0	0	422	2	487	464	0.004310	0	0	487	0	0	0	nan	0	0	0	0.000652	0.004648	nan	nan
44	A	0	422	407	0.000000	0	0	422	0	487	474	0.000000	0	0	487	0	0	0	nan	0	0	0	0.000000	0.000000	nan	nan
45	A	2	422	401	0.004988	0	0	422	3	486	472	0.006356	0	0	486	0	0	0	nan	0	0	0	-0.001368	0.005090	nan	nan
46	U	11	424	391	0.028133	0	0	424	5	486	455	0.010989	0	0	486	0	0	0	nan	0	0	0	0.017144	0.009803	nan	nan
47	U	3	425	373	0.008043	0	0	425	4	486	429	0.009324	0	0	486	0	0	0	nan	0	0	0	-0.001281	0.006580	nan	nan
48	G	10	425	366	0.027322	0	0	425	5	486	426	0.011737	0	0	486	0	0	0	nan	0	0	0	0.015585	0.010110	nan	nan
49	C	1	425	382	0.002618	0	0	425	3	486	440	0.006818	0	0	486	0	0	0	nan	0	0	0	-0.004200	0.004727	nan	nan
50	A	0	425	393	0.000000	0	0	425	0	486	450	0.000000	0	0	486	0	0	0	nan	0	0	0	0.000000	0.000000	nan	nan
51	G	4	425	400	0.010000	0	0	425	6	486	445	0.013483	0	0	486	0	0	0	nan	0	0	0	-0.003483	0.007436	nan	nan
52	G	6	424	393	0.015267	0	0	424	4	486	446	0.008969	0	0	486	0	0	0	nan	0	0	0	0.006299	0.007678	nan	nan
53	U	11	424	390	0.028205	0	0	424	7	487	455	0.015385	0	0	487	0	0	0	nan	0	0	0	0.012821	0.010302	nan	nan
54	U	8	424	388	0.020619	0	0	424	7	487	451	0.015521	0	0	487	0	0	0	nan	0	0	0	0.005097	0.009357	nan	nan
55	C	9	424	390	0.023077	0	0	424	8	486	438	0.018265	0	0	486	0	0	0	nan	0	0	0	0.004812	0.010044	nan	nan
56	G	1	423	388	0.002577	0	0	423	1	485	443	0.002257	0	0	485	0	0	0	nan	0	0	0	0.000320	0.003426	nan	nan
57	A	255	423	386	0.660622	0	0	423	5	485	443	0.011287	0	0	485	0	0	0	nan	0	0	0	0.649335	0.041677	nan	nan
58	U	2	423	382	0.005236	0	0	423	9	484	449	0.020045	0	0	484	0	0	0	nan	0	0	0	-0.014809	0.007639	nan	nan
59	U	3	422	382	0.007853	0	0	422	8	483	438	0.018265	0	0	483	0	0	0	nan	0	0	0	-0.010411	0.007890	nan	nan
60	C	1	422	377	0.002653	0	0	422	4	483	440	0.009091	0	0	483	0	0	0	nan	0	0	0	-0.006438	0.005263	nan	nan
61	C	1	421	379	0.002639	0	0	421	1	483	437	0.002288	0	0	483	0	0	0	nan	0	0	0	0.000350	0.003493	nan	nan
62	U	3	421	374	0.008021	0	0	421	7	483	440	0.015909	0	0	483	0	0	0	nan	0	0	0	-0.007888	0.007590	nan	nan
63	G	5	421	372	0.013441	0	0	421	1	482	436	0.002294	0	0	482	0	0	0	nan	0	0	0	0.011147	0.006434	nan	nan
64	C	5	420	380	0.013158	0	0	420	4	482	446	0.008969	0	0	482	0	0	0	nan	0	0	0	0.004189	0.007398	nan	nan
65	A	2	420	390	0.005128	0	0	420	1	481	451	0.002217	0	0	481	0	0	0	nan	0	0	0	0.002911	0.004250	nan	nan
66	G	8	419	380	0.021053	0	0	419	10	476	428	0.023364	0	0	476	0	0	0	nan	0	0	0	-0.002312	0.010488	nan	nan
67	G	6	419	372	0.016129	0	0	419	4	476	413	0.009685	0	0	476	0	0	0	nan	0	0	0	0.006444	0.008174	nan	nan
68	G	5	419	366	0.013661	0	0	419	6	475	408	0.014706	0	0	475	0	0	0	nan	0	0	0	-0.001045	0.008566	nan	nan
69	G	12	419	366	0.032787	0	0	419	2	474	415	0.004819	0	0	474	0	0	0	nan	0	0	0	0.027968	0.010060	nan	nan
70	A	5	419	367	0.013624	0	0	419	7	474	429	0.016317	0	0	474	0	0	0	nan	0	0	0	-0.002693	0.008669	nan	nan
71	C	1	419	372	0.002688	0	0	419	4	473	425	0.009412	0	0	473	0	0	0	nan	0	0	0	-0.006724	0.005420	nan	nan
72	A	25	419	379	0.065963	0	0	419	7	473	430	0.016279	0	0	473	0	0	0	nan	0	0	0	0.049684	0.014557	nan	nan
73	C	19	416	359	0.052925	0	0	416	1	469	415	0.002410	0	0	469	0	0	0	nan	0	0	0	0.050515	0.012379	nan	nan
74	C	16	412	350	0.045714	0	0	412	0	469	427	0.000000	0	0	469	0	0	0	nan	0	0	0	0.045714	0.011429	nan	nan
75	A	0	396	0	nan	0	0	396	0	463	0	nan	0	0	463	0	0	0	nan	0	0	0	nan	nan	nan	nan