0.000000
0.000000
0.147865
0.576699
0.448743
0.147296
0.850000
0.000000
0.372711
0.412509
0.154931
0.433578
0.014700
0.038490
0.000000
0.000000
0.035495
0.000000
0.850000
0.000000
0.150080
0.186904
0.850000
0.106697
0.322558
0.150797
0.850000
0.270612
0.074829
0.076833
0.358813
0.000000
0.010777
0.020331
0.000000
0.122747
0.045534
0.000000
0.850000
0.000000
0.023368
0.074850
0.000000
0.000000
0.035664
0.514397
0.000000
0.062069
0.135886
0.706004
0.850000
0.492316
0.006876
0.205126
0.171951
0.369970
0.093347
0.407595
0.000000
0.000000
0.178826
0.269558
0.000000
0.016029
0.276475
0.000000
0.850000
0.089255
0.000000
0.000000
0.012317
0.083518
0.484407
0.000000
0.000000
0.000000
0.000000
0.128462
0.564930
0.789312
0.000000
0.850000
0.850000
0.499697
0.000000
