0.000000
0.000000
0.116200
0.415487
0.164963
0.534492
0.728678
0.000000
0.216554
0.850000
0.079928
0.010908
0.152113
0.461612
0.441810
0.850000
0.508672
0.475565
0.850000
0.000000
0.301780
0.353851
0.850000
0.122553
0.482182
0.266611
0.347426
0.035049
0.018915
0.374324
0.000000
0.000000
0.000000
0.030734
0.210680
0.795972
0.050752
0.000000
0.455019
0.430327
0.504573
0.741025
0.137848
0.850000
0.008343
0.065951
0.000000
0.748720
0.000000
0.360947
0.850000
0.000000
0.170093
0.850000
0.473599
0.850000
0.850000
0.164076
0.051328
0.000000
0.470722
0.000000
0.165226
0.000000
0.193419
0.040084
0.113132
0.121307
0.099634
0.573809
0.000000
0.000000
0.239281
0.000000
0.850000
0.000000
0.000000
0.000000
0.039125
0.000000
0.000000
0.345076
0.025868
0.000000
0.028097
0.035241
0.032988
0.132718
0.112604
0.850000
0.604735
0.850000
0.000000
