0.000000
0.000000
0.850000
0.164023
0.255783
0.850000
0.850000
0.004135
0.151385
0.710106
0.110685
0.141468
0.176936
0.000000
0.000000
0.000000
0.000000
0.000000
0.260783
0.000000
0.030931
0.127712
0.850000
0.029243
0.146363
0.000000
0.039898
0.027344
0.000000
0.082539
0.395985
0.032577
0.000000
0.000000
0.850000
0.228396
0.256732
0.000000
0.000000
0.191431
0.000000
0.014010
0.100072
0.514224
0.000000
0.187591
0.000000
0.000000
0.047156
0.041459
0.115791
0.850000
0.850000
0.400500
0.850000
0.197866
0.058655
0.327287
0.062094
0.218859
0.028294
0.054098
0.117922
0.774247
0.017090
0.000000
0.752157
0.000000
0.850000
0.000000
0.049667
0.000000
0.000000
0.000000
0.000000
0.000000
0.000000
0.010360
0.184827
0.000000
0.000000
0.110179
0.000000
0.000000
0.000000
0.850000
0.000000
