Nucleotide	Sequence	Modified_mutations	Modified_read_depth	Modified_effective_depth	Modified_rate	Modified_off_target_mapped_depth	Modified_low_mapq_mapped_depth	Modified_mapped_depth	Untreated_mutations	Untreated_read_depth	Untreated_effective_depth	Untreated_rate	Untreated_off_target_mapped_depth	Untreated_low_mapq_mapped_depth	Untreated_mapped_depth	Denatured_mutations	Denatured_read_depth	Denatured_effective_depth	Denatured_rate	Denatured_off_target_mapped_depth	Denatured_low_mapq_mapped_depth	Denatured_mapped_depth	Reactivity_profile	Std_err	HQ_profile	HQ_stderr	Norm_profile	Norm_stderr
1	G	0	1947	1901	0.000000	0	4	1947	0	4134	4044	0.000000	0	8	4134	0	0	0	nan	0	0	0	0.000000	0.000000	0.000000	0.000000	0.000000	0.000000
2	C	0	2081	2008	0.000000	0	4	2081	0	4216	4074	0.000000	0	9	4216	0	0	0	nan	0	0	0	0.000000	0.000000	0.000000	0.000000	0.000000	0.000000
3	U	18	2122	2026	0.008885	0	4	2122	12	4277	4081	0.002940	0	9	4277	0	0	0	nan	0	0	0	0.005944	0.002260	0.005944	0.002260	0.223925	0.085140
4	G	32	2140	2048	0.015625	0	4	2140	4	4305	4107	0.000974	0	10	4305	0	0	0	nan	0	0	0	0.014651	0.002805	0.014651	0.002805	0.551940	0.105671
5	A	16	2217	2118	0.007554	0	6	2217	17	4350	4138	0.004108	0	10	4350	0	0	0	nan	0	0	0	0.003446	0.002135	0.003446	0.002135	0.129819	0.080431
6	U	9	2276	2223	0.004049	0	7	2276	30	4417	4305	0.006969	0	10	4417	0	0	0	nan	0	0	0	-0.002920	0.001855	-0.002920	0.001855	-0.110004	0.069882
7	A	19	2352	2271	0.008366	0	7	2352	14	4504	4356	0.003214	0	10	4504	0	0	0	nan	0	0	0	0.005152	0.002103	0.005152	0.002103	0.194089	0.079225
8	U	21	2488	2417	0.008688	0	8	2488	53	4670	4551	0.011646	0	10	4670	0	0	0	nan	0	0	0	-0.002957	0.002481	-0.002957	0.002481	-0.111398	0.093465
9	A	144	2537	2450	0.058776	0	8	2537	29	4730	4567	0.006350	0	11	4730	0	0	0	nan	0	0	0	0.052426	0.005038	0.052426	0.005038	1.975018	0.189794
10	G	60	2711	2622	0.022883	0	9	2711	80	4741	4596	0.017406	0	11	4741	0	0	0	nan	0	0	0	0.005477	0.003538	0.005477	0.003538	0.206332	0.133285
11	C	15	2731	2635	0.005693	0	9	2731	24	4770	4606	0.005211	0	11	4770	0	0	0	nan	0	0	0	0.000482	0.001814	0.000482	0.001814	0.018158	0.068338
12	U	40	2841	2738	0.014609	0	9	2841	70	4882	4690	0.014925	0	12	4882	0	0	0	nan	0	0	0	-0.000316	0.002919	-0.000316	0.002919	-0.011905	0.109966
13	C	11	2873	2790	0.003943	0	10	2873	14	4927	4757	0.002943	0	13	4927	0	0	0	nan	0	0	0	0.001000	0.001425	0.001000	0.001425	0.037672	0.053683
14	A	38	2909	2800	0.013571	0	10	2909	3	5024	4812	0.000623	0	16	5024	0	0	0	nan	0	0	0	0.012948	0.002231	0.012948	0.002231	0.487783	0.084047
15	G	13	2934	2796	0.004649	0	10	2934	32	5031	4778	0.006697	0	16	5031	0	0	0	nan	0	0	0	-0.002048	0.001751	-0.002048	0.001751	-0.077153	0.065965
16	U	63	3160	2978	0.021155	0	12	3160	187	5415	5090	0.036739	0	19	5415	0	0	0	nan	0	0	0	-0.015584	0.003784	-0.015584	0.003784	-0.587088	0.142553
17	U	8	3232	3047	0.002626	0	12	3232	5	5606	5269	0.000949	0	19	5606	0	0	0	nan	0	0	0	0.001677	0.001021	0.001677	0.001021	0.063177	0.038464
18	G	25	3262	3093	0.008083	0	12	3262	49	5664	5364	0.009135	0	20	5664	0	0	0	nan	0	0	0	-0.001052	0.002078	-0.001052	0.002078	-0.039631	0.078283
19	G	54	3303	3163	0.017072	0	12	3303	62	5712	5429	0.011420	0	20	5712	0	0	0	nan	0	0	0	0.005652	0.002739	0.005652	0.002739	0.212925	0.103185
20	U	46	3331	3219	0.014290	0	12	3331	69	5741	5514	0.012514	0	20	5741	0	0	0	nan	0	0	0	0.001777	0.002590	0.001777	0.002590	0.066944	0.097572
21	A	11	3338	3233	0.003402	0	12	3338	14	5755	5556	0.002520	0	20	5755	0	0	0	nan	0	0	0	0.000883	0.001227	0.000883	0.001227	0.033265	0.046224
22	G	17	3346	3142	0.005411	0	12	3346	30	5771	5452	0.005503	0	20	5771	0	0	0	nan	0	0	0	-0.000092	0.001653	-0.000092	0.001653	-0.003466	0.062273
23	A	34	3349	3135	0.010845	0	12	3349	24	5776	5396	0.004448	0	20	5776	0	0	0	nan	0	0	0	0.006398	0.002070	0.006398	0.002070	0.241029	0.077982
24	G	122	3350	3134	0.038928	0	12	3350	57	5775	5370	0.010615	0	20	5775	0	0	0	nan	0	0	0	0.028313	0.003794	0.028313	0.003794	1.066621	0.142929
25	C	35	3352	3185	0.010989	0	12	3352	49	5774	5443	0.009002	0	20	5774	0	0	0	nan	0	0	0	0.001987	0.002259	0.001987	0.002259	0.074855	0.085102
26	G	66	3352	3196	0.020651	0	12	3352	90	5776	5489	0.016396	0	20	5776	0	0	0	nan	0	0	0	0.004254	0.003074	0.004254	0.003074	0.160259	0.115805
27	C	18	3352	3193	0.005637	0	12	3352	8	5777	5505	0.001453	0	20	5777	0	0	0	nan	0	0	0	0.004184	0.001425	0.004184	0.001425	0.157622	0.053683
28	A	26	3351	3223	0.008067	0	12	3351	21	5782	5603	0.003748	0	20	5782	0	0	0	nan	0	0	0	0.004319	0.001781	0.004319	0.001781	0.162707	0.067095
29	C	28	3351	3093	0.009053	0	12	3351	29	5780	5345	0.005426	0	20	5780	0	0	0	nan	0	0	0	0.003627	0.001985	0.003627	0.001985	0.136638	0.074780
30	C	21	3350	3089	0.006798	0	12	3350	16	5778	5300	0.003019	0	20	5778	0	0	0	nan	0	0	0	0.003779	0.001664	0.003779	0.001664	0.142364	0.062687
31	C	25	3351	3048	0.008202	0	12	3351	24	5776	5226	0.004592	0	20	5776	0	0	0	nan	0	0	0	0.003610	0.001889	0.003610	0.001889	0.135998	0.071163
32	U	47	3360	3154	0.014902	0	12	3360	75	5778	5408	0.013868	0	20	5778	0	0	0	nan	0	0	0	0.001033	0.002700	0.001033	0.002700	0.038916	0.101716
33	U	43	3364	3119	0.013786	0	12	3364	67	5779	5390	0.012430	0	20	5779	0	0	0	nan	0	0	0	0.001356	0.002594	0.001356	0.002594	0.051084	0.097722
34	G	105	3370	3127	0.033579	0	12	3370	61	5786	5393	0.011311	0	20	5786	0	0	0	nan	0	0	0	0.022268	0.003583	0.022268	0.003583	0.838891	0.134981
35	G	234	3370	3114	0.075145	0	12	3370	269	5792	5425	0.049585	0	20	5792	0	0	0	nan	0	0	0	0.025559	0.005768	0.025559	0.005768	0.962871	0.217295
36	U	14	3844	3598	0.003891	0	12	3844	17	6069	5730	0.002967	0	20	6069	0	0	0	nan	0	0	0	0.000924	0.001265	0.000924	0.001265	0.034809	0.047656
37	A	288	3878	3697	0.077901	0	12	3878	570	6092	5854	0.097369	0	20	6092	0	0	0	nan	0	0	0	-0.019468	0.006140	nan	nan	nan	nan
38	A	14	4075	3934	0.003559	0	12	4075	8	6214	5978	0.001338	0	19	6214	0	0	0	nan	0	0	0	0.002220	0.001062	0.002220	0.001062	0.083633	0.040008
39	G	30	4078	3852	0.007788	0	12	4078	28	6209	5874	0.004767	0	18	6209	0	0	0	nan	0	0	0	0.003021	0.001683	0.003021	0.001683	0.113809	0.063403
40	G	42	4078	3800	0.011053	0	12	4078	25	6209	5796	0.004313	0	18	6209	0	0	0	nan	0	0	0	0.006739	0.001911	0.006739	0.001911	0.253875	0.071992
41	G	135	4077	3785	0.035667	0	12	4077	45	6208	5792	0.007769	0	16	6208	0	0	0	nan	0	0	0	0.027898	0.003281	0.027898	0.003281	1.050987	0.123603
42	U	76	4076	3812	0.019937	0	10	4076	87	6205	5841	0.014895	0	16	6205	0	0	0	nan	0	0	0	0.005042	0.002789	0.005042	0.002789	0.189945	0.105069
43	G	90	4074	3886	0.023160	0	10	4074	37	6201	5941	0.006228	0	16	6201	0	0	0	nan	0	0	0	0.016932	0.002647	0.016932	0.002647	0.637871	0.099719
44	A	45	4076	3912	0.011503	0	10	4076	55	6201	5953	0.009239	0	16	6201	0	0	0	nan	0	0	0	0.002264	0.002120	0.002264	0.002120	0.085291	0.079866
45	G	43	4077	3860	0.011140	0	9	4077	39	6197	5930	0.006577	0	16	6197	0	0	0	nan	0	0	0	0.004563	0.001999	0.004563	0.001999	0.171900	0.075307
46	G	831	4077	3713	0.223808	0	9	4077	1377	6194	5657	0.243415	0	15	6194	0	0	0	nan	0	0	0	-0.019607	0.010164	nan	nan	nan	nan
47	U	52	4087	3740	0.013904	0	9	4087	72	6209	5717	0.012594	0	14	6209	0	0	0	nan	0	0	0	0.001310	0.002433	0.001310	0.002433	0.049351	0.091657
48	C	33	4087	3700	0.008919	0	9	4087	44	6212	5651	0.007786	0	14	6212	0	0	0	nan	0	0	0	0.001133	0.001946	0.001133	0.001946	0.042683	0.073311
49	G	61	4094	3814	0.015994	0	7	4094	42	6213	5766	0.007284	0	13	6213	0	0	0	nan	0	0	0	0.008710	0.002336	0.008710	0.002336	0.328127	0.088003
50	G	61	4094	3791	0.016091	0	7	4094	48	6215	5745	0.008355	0	13	6215	0	0	0	nan	0	0	0	0.007736	0.002387	0.007736	0.002387	0.291434	0.089924
51	C	28	4094	3844	0.007284	0	7	4094	34	6214	5821	0.005841	0	13	6214	0	0	0	nan	0	0	0	0.001443	0.001702	0.001443	0.001702	0.054361	0.064119
52	A	32	4094	3915	0.008174	0	7	4094	21	6214	5961	0.003523	0	13	6214	0	0	0	nan	0	0	0	0.004651	0.001637	0.004651	0.001637	0.175215	0.061670
53	G	86	4094	3879	0.022171	0	7	4094	69	6211	5917	0.011661	0	13	6211	0	0	0	nan	0	0	0	0.010509	0.002772	0.010509	0.002772	0.395900	0.104428
54	U	80	4091	3867	0.020688	0	7	4091	118	6210	5901	0.019997	0	13	6210	0	0	0	nan	0	0	0	0.000691	0.002956	0.000691	0.002956	0.026032	0.111360
55	U	106	4089	3832	0.027662	0	7	4089	143	6211	5848	0.024453	0	13	6211	0	0	0	nan	0	0	0	0.003209	0.003376	0.003209	0.003376	0.120891	0.127182
56	C	43	4089	3826	0.011239	0	7	4089	72	6210	5853	0.012301	0	13	6210	0	0	0	nan	0	0	0	-0.001062	0.002245	-0.001062	0.002245	-0.040008	0.084575
57	G	13	4088	3791	0.003429	0	7	4088	24	6210	5852	0.004101	0	13	6210	0	0	0	nan	0	0	0	-0.000672	0.001267	-0.000672	0.001267	-0.025316	0.047731
58	A	1746	4086	3729	0.468222	0	7	4086	25	6210	5825	0.004292	0	13	6210	0	0	0	nan	0	0	0	0.463930	0.011238	0.463930	0.011238	17.477397	0.423363
59	A	38	4086	3749	0.010136	0	7	4086	53	6209	5818	0.009110	0	13	6209	0	0	0	nan	0	0	0	0.001026	0.002066	0.001026	0.002066	0.038652	0.077831
60	U	40	4085	3738	0.010701	0	7	4085	78	6206	5709	0.013663	0	13	6206	0	0	0	nan	0	0	0	-0.002962	0.002293	-0.002962	0.002293	-0.111586	0.086383
61	C	8	4080	3524	0.002270	0	7	4080	26	6202	5062	0.005136	0	13	6202	0	0	0	nan	0	0	0	-0.002866	0.001288	-0.002866	0.001288	-0.107969	0.048522
62	U	17	4077	3499	0.004859	0	7	4077	34	6192	5000	0.006800	0	13	6192	0	0	0	nan	0	0	0	-0.001941	0.001658	-0.001941	0.001658	-0.073122	0.062461
63	G	54	4075	3425	0.015766	0	7	4075	57	6192	4978	0.011450	0	13	6192	0	0	0	nan	0	0	0	0.004316	0.002627	0.004316	0.002627	0.162594	0.098966
64	C	19	4073	3613	0.005259	0	7	4073	36	6192	5489	0.006559	0	13	6192	0	0	0	nan	0	0	0	-0.001300	0.001628	-0.001300	0.001628	-0.048974	0.061331
65	C	29	4073	3639	0.007969	0	7	4073	29	6190	5554	0.005221	0	13	6190	0	0	0	nan	0	0	0	0.002748	0.001769	0.002748	0.001769	0.103524	0.066643
66	U	18	4073	3759	0.004789	0	7	4073	20	6189	5691	0.003514	0	13	6189	0	0	0	nan	0	0	0	0.001274	0.001375	0.001274	0.001375	0.047995	0.051800
67	A	10	4073	3862	0.002589	0	7	4073	18	6189	5887	0.003058	0	13	6189	0	0	0	nan	0	0	0	-0.000468	0.001091	-0.000468	0.001091	-0.017631	0.041101
68	U	38	4071	3863	0.009837	0	7	4071	64	6183	5911	0.010827	0	12	6183	0	0	0	nan	0	0	0	-0.000990	0.002092	-0.000990	0.002092	-0.037296	0.078811
69	C	15	4069	3825	0.003922	0	7	4069	11	6182	5873	0.001873	0	12	6182	0	0	0	nan	0	0	0	0.002049	0.001159	0.002049	0.001159	0.077191	0.043662
70	A	20	4069	3797	0.005267	0	7	4069	15	6179	5798	0.002587	0	12	6179	0	0	0	nan	0	0	0	0.002680	0.001354	0.002680	0.001354	0.100962	0.051009
71	G	153	4065	3777	0.040508	0	7	4065	50	6176	5761	0.008679	0	12	6176	0	0	0	nan	0	0	0	0.031829	0.003497	0.031829	0.003497	1.199078	0.131741
72	C	35	4064	3479	0.010060	0	7	4064	47	6175	5507	0.008535	0	12	6175	0	0	0	nan	0	0	0	0.001526	0.002107	0.001526	0.002107	0.057488	0.079376
73	A	150	4059	3500	0.042857	0	7	4059	40	6170	5545	0.007214	0	12	6170	0	0	0	nan	0	0	0	0.035643	0.003680	0.035643	0.003680	1.342760	0.138635
74	C	131	4052	3446	0.038015	0	7	4052	20	6160	5504	0.003634	0	12	6160	0	0	0	nan	0	0	0	0.034381	0.003419	0.034381	0.003419	1.295218	0.128802
75	C	121	4045	3514	0.034434	0	7	4045	8	6154	5630	0.001421	0	12	6154	0	0	0	nan	0	0	0	0.033013	0.003170	0.033013	0.003170	1.243682	0.119422
76	A	0	3904	0	nan	0	6	3904	0	6094	0	nan	0	10	6094	0	0	0	nan	0	0	0	nan	nan	nan	nan	nan	nan