0.000000
0.000000
0.132098
0.850000
0.078946
0.618295
0.850000
0.037560
0.850000
0.234694
0.000000
0.000000
0.126157
0.627946
0.155458
0.000000
0.850000
0.161892
0.147720
0.000000
0.000000
0.000000
0.082540
0.257966
0.253097
0.000000
0.255966
0.028344
0.000000
0.021620
0.620063
0.000000
0.850000
0.042342
0.167079
0.000000
0.850000
0.076338
0.850000
0.657565
0.052399
0.111348
0.209885
0.489326
0.191076
0.202060
0.000000
0.005507
0.044139
0.295642
0.021157
0.011390
0.087003
0.700226
0.002637
0.000000
0.332159
0.000000
0.850000
0.000000
0.000000
0.000000
0.000000
0.000000
0.850000
0.000000
0.000000
0.000000
0.850000
0.000000
0.000000
0.027446
0.000000
0.850000
0.699675
0.471937
0.000000
