Nucleotide	Sequence	Modified_mutations	Modified_read_depth	Modified_effective_depth	Modified_rate	Modified_off_target_mapped_depth	Modified_low_mapq_mapped_depth	Modified_mapped_depth	Untreated_mutations	Untreated_read_depth	Untreated_effective_depth	Untreated_rate	Untreated_off_target_mapped_depth	Untreated_low_mapq_mapped_depth	Untreated_mapped_depth	Denatured_mutations	Denatured_read_depth	Denatured_effective_depth	Denatured_rate	Denatured_off_target_mapped_depth	Denatured_low_mapq_mapped_depth	Denatured_mapped_depth	Reactivity_profile	Std_err	HQ_profile	HQ_stderr	Norm_profile	Norm_stderr
1	U	0	6091	5884	0.000000	0	15	6091	0	13437	13011	0.000000	0	48	13437	0	0	0	nan	0	0	0	0.000000	0.000000	0.000000	0.000000	0.000000	0.000000
2	G	0	6626	6242	0.000000	0	19	6626	0	14164	13338	0.000000	0	52	14164	0	0	0	nan	0	0	0	0.000000	0.000000	0.000000	0.000000	0.000000	0.000000
3	G	129	7162	6650	0.019398	0	19	7162	196	14519	13443	0.014580	0	56	14519	0	0	0	nan	0	0	0	0.004818	0.002000	0.004818	0.002000	0.129795	0.053879
4	G	211	7237	6657	0.031696	0	19	7237	163	14586	13440	0.012128	0	56	14586	0	0	0	nan	0	0	0	0.019568	0.002380	0.019568	0.002380	0.527155	0.064116
5	G	503	7315	6832	0.073624	0	19	7315	156	14626	13603	0.011468	0	57	14626	0	0	0	nan	0	0	0	0.062156	0.003409	0.062156	0.003409	1.674461	0.091837
6	U	55	7529	7178	0.007662	0	19	7529	103	14828	14100	0.007305	0	57	14828	0	0	0	nan	0	0	0	0.000357	0.001259	0.000357	0.001259	0.009617	0.033917
7	A	29	7758	7493	0.003870	0	19	7758	33	15083	14507	0.002275	0	57	15083	0	0	0	nan	0	0	0	0.001596	0.000821	0.001596	0.000821	0.042996	0.022117
8	U	1204	8160	7874	0.152908	0	19	8160	2214	15576	15125	0.146380	0	59	15576	0	0	0	nan	0	0	0	0.006528	0.005394	nan	nan	nan	nan
9	C	373	8384	8043	0.046376	0	19	8384	68	15996	15337	0.004434	0	59	15996	0	0	0	nan	0	0	0	0.041942	0.002461	0.041942	0.002461	1.129903	0.066298
10	G	185	8587	8291	0.022313	0	19	8587	243	16060	15493	0.015685	0	59	16060	0	0	0	nan	0	0	0	0.006629	0.001924	0.006629	0.001924	0.178583	0.051832
11	C	101	8666	8284	0.012192	0	19	8666	116	16134	15413	0.007526	0	59	16134	0	0	0	nan	0	0	0	0.004666	0.001400	0.004666	0.001400	0.125700	0.037716
12	C	64	8714	8430	0.007592	0	19	8714	55	16204	15612	0.003523	0	59	16204	0	0	0	nan	0	0	0	0.004069	0.001061	0.004069	0.001061	0.109617	0.028583
13	A	204	8799	8384	0.024332	0	19	8799	35	16373	15490	0.002260	0	59	16373	0	0	0	nan	0	0	0	0.022073	0.001746	0.022073	0.001746	0.594639	0.047037
14	A	330	8838	8393	0.039318	0	19	8838	86	16397	15469	0.005560	0	59	16397	0	0	0	nan	0	0	0	0.033759	0.002246	0.033759	0.002246	0.909456	0.060506
15	G	165	8911	8440	0.019550	0	19	8911	133	16436	15558	0.008549	0	59	16436	0	0	0	nan	0	0	0	0.011001	0.001693	0.011001	0.001693	0.296363	0.045609
16	C	429	8945	8534	0.050270	0	19	8945	206	16490	15777	0.013057	0	59	16490	0	0	0	nan	0	0	0	0.037213	0.002592	0.037213	0.002592	1.002505	0.069828
17	G	235	8970	8555	0.027469	0	19	8970	198	16515	15837	0.012502	0	59	16515	0	0	0	nan	0	0	0	0.014967	0.002000	0.014967	0.002000	0.403206	0.053879
18	G	167	8985	8553	0.019525	0	19	8985	106	16546	15828	0.006697	0	59	16546	0	0	0	nan	0	0	0	0.012828	0.001645	0.012828	0.001645	0.345582	0.044316
19	U	347	9045	8725	0.039771	0	19	9045	320	16588	16061	0.019924	0	59	16588	0	0	0	nan	0	0	0	0.019847	0.002408	0.019847	0.002408	0.534671	0.064871
20	A	14	9101	8837	0.001584	0	19	9101	29	16628	16109	0.001800	0	59	16628	0	0	0	nan	0	0	0	-0.000216	0.000539	-0.000216	0.000539	-0.005819	0.014520
21	A	879	9117	8831	0.099536	0	19	9117	55	16637	16094	0.003417	0	59	16637	0	0	0	nan	0	0	0	0.096118	0.003389	0.096118	0.003389	2.589386	0.091298
22	G	112	9244	8745	0.012807	0	19	9244	137	16652	15783	0.008680	0	59	16652	0	0	0	nan	0	0	0	0.004127	0.001419	0.004127	0.001419	0.111180	0.038227
23	G	1070	9249	8773	0.121965	0	19	9249	157	16656	15853	0.009903	0	59	16656	0	0	0	nan	0	0	0	0.112062	0.003811	0.112062	0.003811	3.018912	0.102667
24	C	56	9289	8571	0.006534	0	19	9289	78	16662	15488	0.005036	0	57	16662	0	0	0	nan	0	0	0	0.001498	0.001043	0.001498	0.001043	0.040356	0.028098
25	A	1491	9294	8669	0.171992	0	14	9294	161	16684	15639	0.010295	0	50	16684	0	0	0	nan	0	0	0	0.161697	0.004527	0.161697	0.004527	4.356061	0.121956
26	C	96	9309	8543	0.011237	0	14	9309	164	16691	15441	0.010621	0	45	16691	0	0	0	nan	0	0	0	0.000616	0.001415	0.000616	0.001415	0.016595	0.038120
27	C	71	9316	8741	0.008123	0	11	9316	105	16695	15630	0.006718	0	31	16695	0	0	0	nan	0	0	0	0.001405	0.001166	0.001405	0.001166	0.037850	0.031412
28	G	208	9320	8629	0.024105	0	8	9320	182	16696	15416	0.011806	0	23	16696	0	0	0	nan	0	0	0	0.012299	0.001887	0.012299	0.001887	0.331331	0.050835
29	G	256	9324	8563	0.029896	0	4	9324	237	16703	15318	0.015472	0	17	16703	0	0	0	nan	0	0	0	0.014424	0.002122	0.014424	0.002122	0.388578	0.057166
30	U	121	9493	8697	0.013913	0	3	9493	301	16815	15422	0.019518	0	16	16815	0	0	0	nan	0	0	0	-0.005605	0.001693	-0.005605	0.001693	-0.150997	0.045609
31	U	278	9785	9053	0.030708	0	3	9785	607	16978	15778	0.038471	0	18	16978	0	0	0	nan	0	0	0	-0.007763	0.002415	-0.007763	0.002415	-0.209133	0.065059
32	U	147	10037	9473	0.015518	0	3	10037	226	17146	16237	0.013919	0	18	17146	0	0	0	nan	0	0	0	0.001599	0.001580	0.001599	0.001580	0.043077	0.042565
33	U	1706	10170	9659	0.176623	0	3	10170	2340	17250	16458	0.142180	0	19	17250	0	0	0	nan	0	0	0	0.034443	0.005189	nan	nan	nan	nan
34	U	114	10395	9843	0.011582	0	3	10395	217	17401	16587	0.013083	0	20	17401	0	0	0	nan	0	0	0	-0.001501	0.001402	-0.001501	0.001402	-0.040436	0.037769
35	G	235	10445	9896	0.023747	0	3	10445	155	17417	16572	0.009353	0	20	17417	0	0	0	nan	0	0	0	0.014394	0.001722	0.014394	0.001722	0.387769	0.046390
36	A	154	10505	9965	0.015454	0	3	10505	231	17448	16585	0.013928	0	21	17448	0	0	0	nan	0	0	0	0.001526	0.001546	0.001526	0.001546	0.041110	0.041649
37	U	52	10520	9985	0.005208	0	3	10520	130	17458	16555	0.007853	0	23	17458	0	0	0	nan	0	0	0	-0.002645	0.000998	-0.002645	0.000998	-0.071255	0.026886
38	A	85	10538	10020	0.008483	0	3	10538	270	17474	16582	0.016283	0	23	17474	0	0	0	nan	0	0	0	-0.007800	0.001352	-0.007800	0.001352	-0.210129	0.036422
39	C	110	10555	9813	0.011210	0	3	10555	179	17483	16246	0.011018	0	23	17483	0	0	0	nan	0	0	0	0.000192	0.001349	0.000192	0.001349	0.005172	0.036342
40	C	51	10565	9792	0.005208	0	3	10565	106	17485	16281	0.006511	0	23	17485	0	0	0	nan	0	0	0	-0.001302	0.000965	-0.001302	0.000965	-0.035075	0.025997
41	G	123	10568	9629	0.012774	0	3	10568	126	17487	16064	0.007844	0	23	17487	0	0	0	nan	0	0	0	0.004930	0.001347	0.004930	0.001347	0.132812	0.036288
42	G	217	10566	9863	0.022001	0	3	10566	297	17485	16420	0.018088	0	23	17485	0	0	0	nan	0	0	0	0.003914	0.001825	0.003914	0.001825	0.105442	0.049165
43	C	100	10570	10042	0.009958	0	3	10570	50	17488	16621	0.003008	0	23	17488	0	0	0	nan	0	0	0	0.006950	0.001083	0.006950	0.001083	0.187231	0.029176
44	A	86	10578	10250	0.008390	0	3	10578	106	17494	16988	0.006240	0	23	17494	0	0	0	nan	0	0	0	0.002151	0.001089	0.002151	0.001089	0.057947	0.029337
45	U	84	10595	10146	0.008279	0	3	10595	178	17502	16790	0.010602	0	23	17502	0	0	0	nan	0	0	0	-0.002322	0.001203	-0.002322	0.001203	-0.062554	0.032408
46	U	113	10627	10156	0.011126	0	3	10627	176	17538	16832	0.010456	0	26	17538	0	0	0	nan	0	0	0	0.000670	0.001310	0.000670	0.001310	0.018050	0.035291
47	C	117	10641	9949	0.011760	0	3	10641	160	17546	16484	0.009706	0	26	17546	0	0	0	nan	0	0	0	0.002054	0.001331	0.002054	0.001331	0.055334	0.035857
48	C	47	10650	9825	0.004784	0	3	10650	118	17544	16269	0.007253	0	26	17544	0	0	0	nan	0	0	0	-0.002469	0.000966	-0.002469	0.000966	-0.066514	0.026024
49	C	69	10649	9757	0.007072	0	3	10649	105	17542	16129	0.006510	0	26	17542	0	0	0	nan	0	0	0	0.000562	0.001062	0.000562	0.001062	0.015140	0.028610
50	U	106	10649	9805	0.010811	0	3	10649	173	17537	16106	0.010741	0	26	17537	0	0	0	nan	0	0	0	0.000069	0.001330	0.000069	0.001330	0.001859	0.035830
51	G	165	10650	9842	0.016765	0	3	10650	193	17538	16242	0.011883	0	26	17538	0	0	0	nan	0	0	0	0.004882	0.001560	0.004882	0.001560	0.131519	0.042026
52	G	258	10649	9859	0.026169	0	3	10649	196	17539	16275	0.012043	0	26	17539	0	0	0	nan	0	0	0	0.014126	0.001842	0.014126	0.001842	0.380550	0.049623
53	U	179	10652	9994	0.017911	0	3	10652	426	17543	16564	0.025718	0	26	17543	0	0	0	nan	0	0	0	-0.007808	0.001829	-0.007808	0.001829	-0.210345	0.049273
54	U	198	10652	10084	0.019635	0	3	10652	366	17553	16699	0.021917	0	26	17553	0	0	0	nan	0	0	0	-0.002282	0.001805	-0.002282	0.001805	-0.061476	0.048626
55	C	119	10647	10020	0.011876	0	3	10647	172	17552	16593	0.010366	0	26	17552	0	0	0	nan	0	0	0	0.001510	0.001345	0.001510	0.001345	0.040679	0.036234
56	G	26	10644	9951	0.002613	0	3	10644	64	17550	16728	0.003826	0	26	17550	0	0	0	nan	0	0	0	-0.001213	0.000701	-0.001213	0.000701	-0.032678	0.018885
57	A	5949	10642	9809	0.606484	0	3	10642	59	17548	16192	0.003644	0	26	17548	0	0	0	nan	0	0	0	0.602840	0.007877	0.602840	0.007877	16.240302	0.212204
58	A	82	10642	9926	0.008261	0	3	10642	175	17543	16330	0.010716	0	26	17543	0	0	0	nan	0	0	0	-0.002455	0.001220	-0.002455	0.001220	-0.066137	0.032866
59	U	77	10639	9934	0.007751	0	3	10639	244	17538	16180	0.015080	0	26	17538	0	0	0	nan	0	0	0	-0.007329	0.001309	-0.007329	0.001309	-0.197441	0.035264
60	C	49	10634	9867	0.004966	0	3	10634	137	17534	16346	0.008381	0	26	17534	0	0	0	nan	0	0	0	-0.003415	0.001008	-0.003415	0.001008	-0.091999	0.027155
61	C	58	10631	9902	0.005857	0	3	10631	66	17526	16369	0.004032	0	26	17526	0	0	0	nan	0	0	0	0.001825	0.000915	0.001825	0.000915	0.049165	0.024650
62	A	244	10627	9888	0.024676	0	3	10627	52	17503	16239	0.003202	0	26	17503	0	0	0	nan	0	0	0	0.021474	0.001641	0.021474	0.001641	0.578502	0.044208
63	G	179	10623	9785	0.018293	0	3	10623	215	17496	16165	0.013300	0	26	17496	0	0	0	nan	0	0	0	0.004993	0.001641	0.004993	0.001641	0.134510	0.044208
64	G	402	10615	9667	0.041585	0	3	10615	166	17483	15930	0.010421	0	24	17483	0	0	0	nan	0	0	0	0.031164	0.002226	0.031164	0.002226	0.839547	0.059968
65	U	72	10612	9207	0.007820	0	3	10612	114	17474	15287	0.007457	0	24	17474	0	0	0	nan	0	0	0	0.000363	0.001156	0.000363	0.001156	0.009779	0.031142
66	A	33	10605	9405	0.003509	0	3	10605	58	17466	15648	0.003707	0	24	17466	0	0	0	nan	0	0	0	-0.000198	0.000781	-0.000198	0.000781	-0.005334	0.021040
67	C	80	10604	9067	0.008823	0	3	10604	134	17460	15077	0.008888	0	24	17460	0	0	0	nan	0	0	0	-0.000065	0.001250	-0.000065	0.001250	-0.001751	0.033675
68	C	68	10596	9329	0.007289	0	3	10596	108	17447	15441	0.006994	0	24	17447	0	0	0	nan	0	0	0	0.000295	0.001111	0.000295	0.001111	0.007947	0.029930
69	C	69	10590	9121	0.007565	0	3	10590	106	17444	15043	0.007046	0	24	17444	0	0	0	nan	0	0	0	0.000518	0.001139	0.000518	0.001139	0.013955	0.030684
70	C	61	10585	9266	0.006583	0	3	10585	92	17423	15342	0.005997	0	23	17423	0	0	0	nan	0	0	0	0.000587	0.001049	0.000587	0.001049	0.015814	0.028260
71	A	86	10582	9362	0.009186	0	3	10582	50	17422	15546	0.003216	0	23	17422	0	0	0	nan	0	0	0	0.005970	0.001090	0.005970	0.001090	0.160830	0.029364
72	G	294	10580	9522	0.030876	0	2	10580	157	17412	15819	0.009925	0	21	17412	0	0	0	nan	0	0	0	0.020951	0.001967	0.020951	0.001967	0.564413	0.052990
73	C	389	10575	9642	0.040344	0	2	10575	141	17410	16003	0.008811	0	21	17410	0	0	0	nan	0	0	0	0.031533	0.002176	0.031533	0.002176	0.849488	0.058621
74	C	151	10555	9411	0.016045	0	2	10555	22	17397	15978	0.001377	0	21	17397	0	0	0	nan	0	0	0	0.014668	0.001338	0.014668	0.001338	0.395151	0.036045
75	A	0	10190	0	nan	0	1	10190	0	17204	0	nan	0	21	17204	0	0	0	nan	0	0	0	nan	nan	nan	nan	nan	nan