0.000000
0.000000
0.752687
0.000000
0.091446
0.213763
0.850000
0.000000
0.850000
0.233611
0.000000
0.000000
0.062773
0.850000
0.071666
0.850000
0.000000
0.130318
0.281790
0.000000
0.000000
0.026647
0.169225
0.075341
0.850000
0.000000
0.072765
0.000000
0.150064
0.085471
0.059510
0.012843
0.601147
0.014457
0.850000
0.841832
0.000000
0.000000
0.453041
0.342845
0.439648
0.850000
0.099001
0.515058
0.000000
0.007761
0.000000
0.000000
0.006456
0.064764
0.210329
0.117407
0.157343
0.515539
0.000000
0.074894
0.727310
0.443769
0.850000
0.040452
0.000000
0.000000
0.000000
0.081385
0.000000
0.000000
0.047526
0.000000
0.386766
0.541911
0.051818
0.164830
0.046427
0.730160
0.850000
0.460664
0.000000
