Nucleotide	Sequence	Modified_mutations	Modified_read_depth	Modified_effective_depth	Modified_rate	Modified_off_target_mapped_depth	Modified_low_mapq_mapped_depth	Modified_mapped_depth	Untreated_mutations	Untreated_read_depth	Untreated_effective_depth	Untreated_rate	Untreated_off_target_mapped_depth	Untreated_low_mapq_mapped_depth	Untreated_mapped_depth	Denatured_mutations	Denatured_read_depth	Denatured_effective_depth	Denatured_rate	Denatured_off_target_mapped_depth	Denatured_low_mapq_mapped_depth	Denatured_mapped_depth	Reactivity_profile	Std_err	HQ_profile	HQ_stderr	Norm_profile	Norm_stderr
1	C	0	5569	5427	0.000000	0	175	5569	0	2624	2556	0.000000	0	67	2624	0	0	0	nan	0	0	0	0.000000	0.000000	0.000000	0.000000	0.000000	0.000000
2	G	0	6030	5858	0.000000	0	196	6030	0	2662	2577	0.000000	0	69	2662	0	0	0	nan	0	0	0	0.000000	0.000000	0.000000	0.000000	0.000000	0.000000
3	C	112	6388	6110	0.018331	0	208	6388	31	2695	2550	0.012157	0	70	2695	0	0	0	nan	0	0	0	0.006174	0.002787	0.006174	0.002787	0.133260	0.060155
4	G	159	6412	6073	0.026181	0	209	6412	30	2700	2533	0.011844	0	70	2700	0	0	0	nan	0	0	0	0.014338	0.002998	0.014338	0.002998	0.309473	0.064709
5	G	139	6468	6024	0.023074	0	210	6468	43	2703	2498	0.017214	0	70	2703	0	0	0	nan	0	0	0	0.005861	0.003274	0.005861	0.003274	0.126504	0.070666
6	G	229	6494	6034	0.037952	0	211	6494	35	2712	2516	0.013911	0	70	2712	0	0	0	nan	0	0	0	0.024041	0.003438	0.024041	0.003438	0.518903	0.074206
7	G	289	6523	6053	0.047745	0	212	6523	31	2718	2523	0.012287	0	70	2718	0	0	0	nan	0	0	0	0.035458	0.003572	0.035458	0.003572	0.765329	0.077098
8	U	1111	6620	6166	0.180182	0	217	6620	503	2752	2535	0.198422	0	71	2752	0	0	0	nan	0	0	0	-0.018240	0.010368	nan	nan	nan	nan
9	G	90	6801	6335	0.014207	0	220	6801	26	2790	2583	0.010066	0	72	2790	0	0	0	nan	0	0	0	0.004141	0.002478	0.004141	0.002478	0.089380	0.053485
10	G	79	6860	6328	0.012484	0	221	6860	10	2809	2579	0.003877	0	72	2809	0	0	0	nan	0	0	0	0.008607	0.001864	0.008607	0.001864	0.185774	0.040233
11	A	92	6903	6431	0.014306	0	222	6903	7	2827	2638	0.002654	0	72	2827	0	0	0	nan	0	0	0	0.011652	0.001797	0.011652	0.001797	0.251498	0.038787
12	G	103	6918	6523	0.015790	0	222	6918	23	2828	2671	0.008611	0	72	2828	0	0	0	nan	0	0	0	0.007179	0.002376	0.007179	0.002376	0.154952	0.051284
13	C	43	6937	6543	0.006572	0	222	6937	15	2833	2633	0.005697	0	72	2833	0	0	0	nan	0	0	0	0.000875	0.001780	0.000875	0.001780	0.018886	0.038420
14	A	266	6950	6557	0.040567	0	222	6950	9	2836	2640	0.003409	0	72	2836	0	0	0	nan	0	0	0	0.037158	0.002735	0.037158	0.002735	0.802022	0.059032
15	G	94	6969	6557	0.014336	0	222	6969	38	2839	2640	0.014394	0	72	2839	0	0	0	nan	0	0	0	-0.000058	0.002764	-0.000058	0.002764	-0.001252	0.059658
16	C	197	6984	6707	0.029372	0	222	6984	31	2842	2739	0.011318	0	72	2842	0	0	0	nan	0	0	0	0.018054	0.002917	0.018054	0.002917	0.389679	0.062961
17	C	982	6994	6747	0.145546	0	222	6994	21	2845	2755	0.007623	0	72	2845	0	0	0	nan	0	0	0	0.137924	0.004933	0.137924	0.004933	2.976964	0.106474
18	U	94	7019	6746	0.013934	0	222	7019	27	2862	2742	0.009847	0	72	2862	0	0	0	nan	0	0	0	0.004087	0.002378	0.004087	0.002378	0.088214	0.051327
19	G	240	7036	6673	0.035966	0	223	7036	34	2867	2721	0.012495	0	72	2867	0	0	0	nan	0	0	0	0.023470	0.003159	0.023470	0.003159	0.506579	0.068184
20	G	417	7052	6742	0.061851	0	223	7052	21	2867	2720	0.007721	0	72	2867	0	0	0	nan	0	0	0	0.054130	0.003466	0.054130	0.003466	1.168347	0.074810
21	U	72	7072	6777	0.010624	0	225	7072	30	2871	2740	0.010949	0	72	2871	0	0	0	nan	0	0	0	-0.000325	0.002359	-0.000325	0.002359	-0.007015	0.050917
22	A	24	7075	6832	0.003513	0	225	7075	1	2872	2777	0.000360	0	72	2872	0	0	0	nan	0	0	0	0.003153	0.000802	0.003153	0.000802	0.068055	0.017310
23	G	147	7078	6831	0.021520	0	225	7078	45	2875	2771	0.016240	0	72	2875	0	0	0	nan	0	0	0	0.005280	0.003002	0.005280	0.003002	0.113964	0.064795
24	C	74	7081	6847	0.010808	0	225	7081	23	2882	2783	0.008264	0	71	2882	0	0	0	nan	0	0	0	0.002543	0.002133	0.002543	0.002133	0.054888	0.046039
25	U	59	7115	6797	0.008680	0	224	7115	31	2894	2753	0.011260	0	70	2894	0	0	0	nan	0	0	0	-0.002580	0.002317	-0.002580	0.002317	-0.055687	0.050010
26	C	63	7122	6746	0.009339	0	218	7122	23	2897	2716	0.008468	0	67	2897	0	0	0	nan	0	0	0	0.000871	0.002122	0.000871	0.002122	0.018800	0.045801
27	G	160	7128	6623	0.024158	0	212	7128	25	2900	2686	0.009308	0	66	2900	0	0	0	nan	0	0	0	0.014851	0.002667	0.014851	0.002667	0.320545	0.057565
28	U	169	7161	6724	0.025134	0	207	7161	59	2913	2732	0.021596	0	66	2913	0	0	0	nan	0	0	0	0.003538	0.003412	0.003538	0.003412	0.076364	0.073645
29	C	53	7174	6666	0.007951	0	208	7174	20	2913	2716	0.007364	0	65	2913	0	0	0	nan	0	0	0	0.000587	0.001976	0.000587	0.001976	0.012670	0.042650
30	G	157	7178	6634	0.023666	0	206	7178	42	2917	2680	0.015672	0	63	2917	0	0	0	nan	0	0	0	0.007994	0.003068	0.007994	0.003068	0.172543	0.066220
31	G	148	7181	6549	0.022599	0	205	7181	16	2917	2658	0.006020	0	62	2917	0	0	0	nan	0	0	0	0.016579	0.002391	0.016579	0.002391	0.357843	0.051608
32	G	187	7183	6625	0.028226	0	204	7183	40	2918	2673	0.014964	0	59	2918	0	0	0	nan	0	0	0	0.013262	0.003140	0.013262	0.003140	0.286248	0.067774
33	C	411	7186	6710	0.061252	0	202	7186	180	2918	2707	0.066494	0	59	2918	0	0	0	nan	0	0	0	-0.005242	0.005805	nan	nan	nan	nan
34	U	108	7256	6841	0.015787	0	200	7256	59	2930	2737	0.021556	0	60	2930	0	0	0	nan	0	0	0	-0.005769	0.003191	-0.005769	0.003191	-0.124519	0.068875
35	C	526	7273	6755	0.077868	0	200	7273	9	2932	2688	0.003348	0	60	2932	0	0	0	nan	0	0	0	0.074520	0.003574	0.074520	0.003574	1.608446	0.077142
36	A	198	7303	6730	0.029421	0	201	7303	11	2935	2684	0.004098	0	60	2935	0	0	0	nan	0	0	0	0.025322	0.002429	0.025322	0.002429	0.546552	0.052428
37	U	85	7310	6643	0.012795	0	198	7310	19	2936	2641	0.007194	0	59	2936	0	0	0	nan	0	0	0	0.005601	0.002156	0.005601	0.002156	0.120892	0.046535
38	A	240	7317	6041	0.039729	0	194	7317	4	2938	2400	0.001667	0	58	2938	0	0	0	nan	0	0	0	0.038062	0.002696	0.038062	0.002696	0.821534	0.058191
39	A	538	7317	6020	0.089369	0	187	7317	18	2938	2403	0.007491	0	57	2938	0	0	0	nan	0	0	0	0.081878	0.004238	0.081878	0.004238	1.767262	0.091473
40	C	58	7321	6049	0.009588	0	185	7321	27	2938	2420	0.011157	0	56	2938	0	0	0	nan	0	0	0	-0.001569	0.002489	-0.001569	0.002489	-0.033865	0.053723
41	C	46	7321	6707	0.006859	0	184	7321	21	2938	2716	0.007732	0	56	2938	0	0	0	nan	0	0	0	-0.000873	0.001967	-0.000873	0.001967	-0.018843	0.042456
42	C	32	7323	6660	0.004805	0	179	7323	14	2939	2671	0.005241	0	56	2939	0	0	0	nan	0	0	0	-0.000437	0.001638	-0.000437	0.001638	-0.009432	0.035355
43	G	199	7324	6732	0.029560	0	177	7324	11	2939	2692	0.004086	0	54	2939	0	0	0	nan	0	0	0	0.025474	0.002431	0.025474	0.002431	0.549833	0.052471
44	A	55	7324	6833	0.008049	0	175	7324	9	2939	2717	0.003312	0	53	2939	0	0	0	nan	0	0	0	0.004737	0.001548	0.004737	0.001548	0.102244	0.033412
45	A	30	7326	6804	0.004409	0	170	7326	13	2940	2720	0.004779	0	49	2940	0	0	0	nan	0	0	0	-0.000370	0.001551	-0.000370	0.001551	-0.007986	0.033477
46	G	272	7328	6582	0.041325	0	154	7328	52	2940	2605	0.019962	0	41	2940	0	0	0	nan	0	0	0	0.021363	0.003734	0.021363	0.003734	0.461101	0.080595
47	A	2	7331	6383	0.000313	0	143	7331	1	2941	2495	0.000401	0	40	2941	0	0	0	nan	0	0	0	-0.000087	0.000458	-0.000087	0.000458	-0.001878	0.009886
48	U	111	7325	6277	0.017684	0	152	7325	30	2935	2429	0.012351	0	42	2935	0	0	0	nan	0	0	0	0.005333	0.002811	0.005333	0.002811	0.115108	0.060673
49	C	61	7320	6278	0.009716	0	154	7320	21	2932	2453	0.008561	0	42	2932	0	0	0	nan	0	0	0	0.001156	0.002244	0.001156	0.002244	0.024951	0.048435
50	G	247	7315	6276	0.039356	0	158	7315	16	2928	2469	0.006480	0	43	2928	0	0	0	nan	0	0	0	0.032876	0.002983	0.032876	0.002983	0.709598	0.064385
51	U	154	7312	6450	0.023876	0	163	7312	53	2927	2552	0.020768	0	46	2927	0	0	0	nan	0	0	0	0.003108	0.003441	0.003108	0.003441	0.067083	0.074271
52	C	60	7306	6625	0.009057	0	164	7306	21	2922	2650	0.007925	0	47	2922	0	0	0	nan	0	0	0	0.001132	0.002087	0.001132	0.002087	0.024433	0.045046
53	G	210	7293	6707	0.031311	0	166	7293	35	2915	2685	0.013035	0	49	2915	0	0	0	nan	0	0	0	0.018275	0.003086	0.018275	0.003086	0.394449	0.066608
54	G	164	7290	6520	0.025153	0	167	7290	25	2915	2553	0.009792	0	49	2915	0	0	0	nan	0	0	0	0.015361	0.002774	0.015361	0.002774	0.331553	0.059874
55	U	124	7288	6513	0.019039	0	167	7288	36	2915	2542	0.014162	0	50	2915	0	0	0	nan	0	0	0	0.004877	0.002915	0.004877	0.002915	0.105266	0.062918
56	U	126	7287	6373	0.019771	0	167	7287	47	2915	2509	0.018733	0	50	2915	0	0	0	nan	0	0	0	0.001038	0.003251	0.001038	0.003251	0.022404	0.070170
57	C	99	7282	6508	0.015212	0	167	7282	35	2912	2611	0.013405	0	50	2912	0	0	0	nan	0	0	0	0.001807	0.002733	0.001807	0.002733	0.039002	0.058989
58	A	130	7281	6533	0.019899	0	167	7281	8	2909	2626	0.003046	0	50	2909	0	0	0	nan	0	0	0	0.016853	0.002051	0.016853	0.002051	0.363757	0.044269
59	A	633	7273	6645	0.095260	0	167	7273	2	2907	2638	0.000758	0	50	2907	0	0	0	nan	0	0	0	0.094501	0.003824	0.094501	0.003824	2.039718	0.082538
60	A	91	7259	6353	0.014324	0	166	7259	32	2900	2505	0.012774	0	50	2900	0	0	0	nan	0	0	0	0.001549	0.002712	0.001549	0.002712	0.033434	0.058536
61	U	70	7229	5935	0.011794	0	164	7229	26	2886	2341	0.011106	0	50	2886	0	0	0	nan	0	0	0	0.000688	0.002595	0.000688	0.002595	0.014850	0.056011
62	C	80	7216	5796	0.013803	0	164	7216	32	2881	2304	0.013889	0	50	2881	0	0	0	nan	0	0	0	-0.000086	0.002900	-0.000086	0.002900	-0.001856	0.062594
63	C	46	7211	5521	0.008332	0	164	7211	9	2876	2225	0.004045	0	50	2876	0	0	0	nan	0	0	0	0.004287	0.001824	0.004287	0.001824	0.092531	0.039369
64	G	96	7200	5491	0.017483	0	164	7200	26	2869	2208	0.011775	0	50	2869	0	0	0	nan	0	0	0	0.005708	0.002918	0.005708	0.002918	0.123202	0.062982
65	G	100	7196	5583	0.017912	0	164	7196	31	2864	2247	0.013796	0	50	2864	0	0	0	nan	0	0	0	0.004115	0.003057	0.004115	0.003057	0.088819	0.065983
66	C	74	7195	5955	0.012427	0	164	7195	24	2863	2385	0.010063	0	50	2863	0	0	0	nan	0	0	0	0.002364	0.002511	0.002364	0.002511	0.051025	0.054198
67	C	37	7187	6281	0.005891	0	163	7187	13	2861	2482	0.005238	0	50	2861	0	0	0	nan	0	0	0	0.000653	0.001746	0.000653	0.001746	0.014094	0.037686
68	C	30	7184	6394	0.004692	0	163	7184	7	2860	2521	0.002777	0	50	2860	0	0	0	nan	0	0	0	0.001915	0.001355	0.001915	0.001355	0.041334	0.029246
69	C	28	7182	6472	0.004326	0	163	7182	14	2860	2541	0.005510	0	50	2860	0	0	0	nan	0	0	0	-0.001183	0.001684	-0.001183	0.001684	-0.025534	0.036348
70	C	42	7177	6160	0.006818	0	163	7177	11	2857	2408	0.004568	0	50	2857	0	0	0	nan	0	0	0	0.002250	0.001733	0.002250	0.001733	0.048564	0.037405
71	G	365	7165	6190	0.058966	0	162	7165	27	2853	2410	0.011203	0	50	2853	0	0	0	nan	0	0	0	0.047763	0.003765	0.047763	0.003765	1.030921	0.081264
72	C	36	7164	5836	0.006169	0	162	7164	8	2851	2242	0.003568	0	50	2851	0	0	0	nan	0	0	0	0.002600	0.001627	0.002600	0.001627	0.056119	0.035117
73	A	87	7163	5454	0.015952	0	162	7163	9	2850	2039	0.004414	0	50	2850	0	0	0	nan	0	0	0	0.011538	0.002256	0.011538	0.002256	0.249037	0.048694
74	A	42	7138	5408	0.007766	0	162	7138	3	2843	2026	0.001481	0	50	2843	0	0	0	nan	0	0	0	0.006286	0.001472	0.006286	0.001472	0.135678	0.031772
75	C	407	7128	5605	0.072614	0	162	7128	12	2842	2149	0.005584	0	50	2842	0	0	0	nan	0	0	0	0.067030	0.003944	0.067030	0.003944	1.446781	0.085128
76	C	268	7098	5829	0.045977	0	160	7098	3	2834	2372	0.001265	0	50	2834	0	0	0	nan	0	0	0	0.044712	0.002902	0.044712	0.002902	0.965068	0.062637
77	A	0	6655	0	nan	0	153	6655	0	2753	0	nan	0	48	2753	0	0	0	nan	0	0	0	nan	nan	nan	nan	nan	nan