Nucleotide	Sequence	Modified_mutations	Modified_read_depth	Modified_effective_depth	Modified_rate	Modified_off_target_mapped_depth	Modified_low_mapq_mapped_depth	Modified_mapped_depth	Untreated_mutations	Untreated_read_depth	Untreated_effective_depth	Untreated_rate	Untreated_off_target_mapped_depth	Untreated_low_mapq_mapped_depth	Untreated_mapped_depth	Denatured_mutations	Denatured_read_depth	Denatured_effective_depth	Denatured_rate	Denatured_off_target_mapped_depth	Denatured_low_mapq_mapped_depth	Denatured_mapped_depth	Reactivity_profile	Std_err	HQ_profile	HQ_stderr	Norm_profile	Norm_stderr
1	G	0	3397	3284	0.000000	0	0	3397	0	11708	11327	0.000000	0	0	11708	0	0	0	nan	0	0	0	0.000000	0.000000	0.000000	0.000000	0.000000	0.000000
2	G	0	3530	3395	0.000000	0	0	3530	0	11910	11465	0.000000	0	0	11910	0	0	0	nan	0	0	0	0.000000	0.000000	0.000000	0.000000	0.000000	0.000000
3	C	28	3681	3541	0.007907	0	0	3681	67	12004	11553	0.005799	0	0	12004	0	0	0	nan	0	0	0	0.002108	0.001654	0.002108	0.001654	0.055613	0.043635
4	G	158	3690	3563	0.044345	0	0	3690	95	12023	11615	0.008179	0	0	12023	0	0	0	nan	0	0	0	0.036166	0.003626	0.036166	0.003626	0.954119	0.095660
5	C	30	3724	3552	0.008446	0	0	3724	56	12036	11493	0.004873	0	0	12036	0	0	0	nan	0	0	0	0.003573	0.001674	0.003573	0.001674	0.094262	0.044163
6	G	182	3733	3526	0.051617	0	0	3733	87	12055	11298	0.007700	0	0	12055	0	0	0	nan	0	0	0	0.043916	0.003914	0.043916	0.003914	1.158576	0.103258
7	U	42	3887	3642	0.011532	0	0	3887	127	12389	11505	0.011039	0	0	12389	0	0	0	nan	0	0	0	0.000493	0.002031	0.000493	0.002031	0.013006	0.053581
8	U	708	4025	3818	0.185437	0	0	4025	1895	12778	11998	0.157943	0	0	12778	0	0	0	nan	0	0	0	0.027494	0.007857	nan	nan	nan	nan
9	A	63	4495	4320	0.014583	0	0	4495	27	13811	13158	0.002052	0	0	13811	0	0	0	nan	0	0	0	0.012531	0.001879	0.012531	0.001879	0.330588	0.049571
10	A	41	4632	4476	0.009160	0	0	4632	44	13959	13380	0.003288	0	0	13959	0	0	0	nan	0	0	0	0.005871	0.001514	0.005871	0.001514	0.154887	0.039942
11	C	37	4690	4551	0.008130	0	0	4690	50	14024	13550	0.003690	0	0	14024	0	0	0	nan	0	0	0	0.004440	0.001435	0.004440	0.001435	0.117135	0.037858
12	A	24	4713	4603	0.005214	0	0	4713	27	14096	13761	0.001962	0	0	14096	0	0	0	nan	0	0	0	0.003252	0.001129	0.003252	0.001129	0.085793	0.029785
13	A	43	4739	4596	0.009356	0	0	4739	25	14144	13605	0.001838	0	0	14144	0	0	0	nan	0	0	0	0.007518	0.001473	0.007518	0.001473	0.198337	0.038860
14	A	49	4748	4505	0.010877	0	0	4748	53	14182	13362	0.003966	0	0	14182	0	0	0	nan	0	0	0	0.006910	0.001647	0.006910	0.001647	0.182297	0.043451
15	G	348	4751	4492	0.077471	0	0	4751	150	14200	13346	0.011239	0	0	14200	0	0	0	nan	0	0	0	0.066232	0.004253	0.066232	0.004253	1.747309	0.112201
16	C	51	4763	4472	0.011404	0	0	4763	123	14212	13417	0.009167	0	0	14212	0	0	0	nan	0	0	0	0.002237	0.001798	0.002237	0.001798	0.059016	0.047434
17	G	82	4765	4463	0.018373	0	0	4765	92	14218	13434	0.006848	0	0	14218	0	0	0	nan	0	0	0	0.011525	0.002151	0.011525	0.002151	0.304048	0.056747
18	G	74	4770	4455	0.016611	0	0	4770	68	14223	13348	0.005094	0	0	14223	0	0	0	nan	0	0	0	0.011516	0.002027	0.011516	0.002027	0.303811	0.053476
19	U	62	4821	4554	0.013614	0	0	4821	257	14333	13588	0.018914	0	0	14333	0	0	0	nan	0	0	0	-0.005299	0.002093	-0.005299	0.002093	-0.139796	0.055217
20	U	11	4856	4638	0.002372	0	0	4856	25	14415	13797	0.001812	0	0	14415	0	0	0	nan	0	0	0	0.000560	0.000802	0.000560	0.000802	0.014774	0.021158
21	A	71	4877	4690	0.015139	0	0	4877	47	14461	13960	0.003367	0	0	14461	0	0	0	nan	0	0	0	0.011772	0.001863	0.011772	0.001863	0.310565	0.049149
22	U	37	4901	4637	0.007979	0	0	4901	146	14477	13777	0.010597	0	0	14477	0	0	0	nan	0	0	0	-0.002618	0.001578	-0.002618	0.001578	-0.069067	0.041630
23	G	173	4912	4615	0.037486	0	0	4912	101	14496	13683	0.007381	0	0	14496	0	0	0	nan	0	0	0	0.030105	0.002943	0.030105	0.002943	0.794219	0.077641
24	U	33	4947	4641	0.007111	0	0	4947	125	14539	13787	0.009067	0	0	14539	0	0	0	nan	0	0	0	-0.001956	0.001480	-0.001956	0.001480	-0.051602	0.039045
25	A	597	4947	4671	0.127810	0	0	4947	49	14537	13809	0.003548	0	0	14537	0	0	0	nan	0	0	0	0.124261	0.005255	0.124261	0.005255	3.278210	0.138636
26	G	77	4964	4705	0.016366	0	0	4964	203	14540	13826	0.014682	0	0	14540	0	0	0	nan	0	0	0	0.001683	0.002131	0.001683	0.002131	0.044400	0.056219
27	C	47	4964	4635	0.010140	0	0	4964	129	14545	13559	0.009514	0	0	14545	0	0	0	nan	0	0	0	0.000626	0.001700	0.000626	0.001700	0.016515	0.044849
28	G	105	4961	4596	0.022846	0	0	4961	164	14535	13516	0.012134	0	0	14535	0	0	0	nan	0	0	0	0.010712	0.002423	0.010712	0.002423	0.282600	0.063923
29	G	101	4960	4612	0.021899	0	0	4960	84	14535	13585	0.006183	0	0	14535	0	0	0	nan	0	0	0	0.015716	0.002281	0.015716	0.002281	0.414614	0.060177
30	A	101	4962	4673	0.021614	0	0	4962	160	14544	13778	0.011613	0	0	14544	0	0	0	nan	0	0	0	0.010001	0.002338	0.010001	0.002338	0.263843	0.061680
31	U	112	4969	4747	0.023594	0	0	4969	311	14553	13932	0.022323	0	0	14553	0	0	0	nan	0	0	0	0.001271	0.002564	0.001271	0.002564	0.033531	0.067643
32	U	55	4981	4688	0.011732	0	0	4981	175	14562	13811	0.012671	0	0	14562	0	0	0	nan	0	0	0	-0.000939	0.001849	-0.000939	0.001849	-0.024772	0.048780
33	G	211	5035	4744	0.044477	0	0	5035	205	14605	13870	0.014780	0	0	14605	0	0	0	nan	0	0	0	0.029697	0.003231	0.029697	0.003231	0.783456	0.085239
34	C	201	5054	4818	0.041719	0	0	5054	290	14614	14013	0.020695	0	0	14614	0	0	0	nan	0	0	0	0.021023	0.003184	0.021023	0.003184	0.554621	0.083999
35	A	50	5074	4918	0.010167	0	0	5074	24	14652	14225	0.001687	0	0	14652	0	0	0	nan	0	0	0	0.008480	0.001478	0.008480	0.001478	0.223716	0.038992
36	A	439	5078	4899	0.089610	0	0	5078	1829	14653	14224	0.128585	0	1	14653	0	0	0	nan	0	0	0	-0.038975	0.005228	nan	nan	nan	nan
37	A	247	5202	4969	0.049708	0	0	5202	44	14846	14234	0.003091	0	1	14846	0	0	0	nan	0	0	0	0.046617	0.003197	0.046617	0.003197	1.229833	0.084342
38	U	58	5205	4919	0.011791	0	0	5205	167	14850	14129	0.011820	0	1	14850	0	0	0	nan	0	0	0	-0.000029	0.001798	-0.000029	0.001798	-0.000765	0.047434
39	C	29	5211	4832	0.006002	0	0	5211	38	14854	13850	0.002744	0	1	14854	0	0	0	nan	0	0	0	0.003258	0.001200	0.003258	0.001200	0.085951	0.031658
40	C	14	5245	4849	0.002887	0	0	5245	42	14867	13775	0.003049	0	1	14867	0	0	0	nan	0	0	0	-0.000162	0.000904	-0.000162	0.000904	-0.004274	0.023849
41	G	174	5245	4834	0.035995	0	0	5245	78	14872	13742	0.005676	0	1	14872	0	0	0	nan	0	0	0	0.030319	0.002803	0.030319	0.002803	0.799865	0.073948
42	U	47	5258	4969	0.009459	0	0	5258	183	14881	14078	0.012999	0	1	14881	0	0	0	nan	0	0	0	-0.003540	0.001681	-0.003540	0.001681	-0.093391	0.044348
43	C	249	5258	5028	0.049523	0	0	5258	49	14884	14291	0.003429	0	1	14884	0	0	0	nan	0	0	0	0.046094	0.003176	0.046094	0.003176	1.216036	0.083788
44	U	34	5293	5172	0.006574	0	0	5293	57	14903	14561	0.003915	0	1	14903	0	0	0	nan	0	0	0	0.002659	0.001241	0.002659	0.001241	0.070149	0.032740
45	A	13	5293	5088	0.002555	0	0	5293	30	14905	14356	0.002090	0	1	14905	0	0	0	nan	0	0	0	0.000465	0.000805	0.000465	0.000805	0.012267	0.021237
46	G	141	5293	5015	0.028116	0	0	5293	131	14897	14120	0.009278	0	1	14897	0	0	0	nan	0	0	0	0.018838	0.002503	0.018838	0.002503	0.496977	0.066033
47	U	116	5296	4985	0.023270	0	0	5296	295	14904	14027	0.021031	0	1	14904	0	0	0	nan	0	0	0	0.002239	0.002483	0.002239	0.002483	0.059069	0.065506
48	C	41	5291	4903	0.008362	0	0	5291	114	14902	13807	0.008257	0	1	14902	0	0	0	nan	0	0	0	0.000106	0.001518	0.000106	0.001518	0.002796	0.040047
49	C	36	5291	4867	0.007397	0	0	5291	87	14894	13762	0.006322	0	1	14894	0	0	0	nan	0	0	0	0.001075	0.001407	0.001075	0.001407	0.028360	0.037119
50	G	93	5289	4778	0.019464	0	0	5289	129	14902	13590	0.009492	0	1	14902	0	0	0	nan	0	0	0	0.009972	0.002185	0.009972	0.002185	0.263078	0.057644
51	G	111	5288	4825	0.023005	0	0	5288	181	14899	13696	0.013216	0	1	14899	0	0	0	nan	0	0	0	0.009790	0.002394	0.009790	0.002394	0.258276	0.063158
52	U	102	5286	4921	0.020727	0	0	5286	360	14896	13902	0.025896	0	1	14896	0	0	0	nan	0	0	0	-0.005168	0.002465	-0.005168	0.002465	-0.136340	0.065031
53	U	73	5284	4966	0.014700	0	0	5284	261	14892	14037	0.018594	0	1	14892	0	0	0	nan	0	0	0	-0.003894	0.002070	-0.003894	0.002070	-0.102730	0.054610
54	C	114	5281	4960	0.022984	0	0	5281	167	14877	13918	0.011999	0	1	14877	0	0	0	nan	0	0	0	0.010985	0.002344	0.010985	0.002344	0.289802	0.061839
55	G	5	5278	4763	0.001050	0	0	5278	55	14870	13320	0.004129	0	1	14870	0	0	0	nan	0	0	0	-0.003079	0.000728	-0.003079	0.000728	-0.081229	0.019206
56	A	3105	5275	4725	0.657143	0	0	5275	90	14866	13256	0.006789	0	1	14866	0	0	0	nan	0	0	0	0.650353	0.011815	0.650353	0.011815	17.157382	0.311699
57	C	31	5273	4766	0.006504	0	0	5273	144	14859	13363	0.010776	0	1	14859	0	0	0	nan	0	0	0	-0.004272	0.001473	-0.004272	0.001473	-0.112702	0.038860
58	U	36	5268	4913	0.007327	0	0	5268	173	14833	13814	0.012524	0	1	14833	0	0	0	nan	0	0	0	-0.005196	0.001549	-0.005196	0.001549	-0.137079	0.040865
59	C	28	5266	4889	0.005727	0	0	5266	147	14820	13613	0.010799	0	1	14820	0	0	0	nan	0	0	0	-0.005071	0.001402	-0.005071	0.001402	-0.133781	0.036987
60	C	22	5259	4827	0.004558	0	0	5259	89	14800	13362	0.006661	0	1	14800	0	0	0	nan	0	0	0	-0.002103	0.001201	-0.002103	0.001201	-0.055481	0.031684
61	G	52	5254	4705	0.011052	0	0	5254	135	14783	13068	0.010331	0	1	14783	0	0	0	nan	0	0	0	0.000721	0.001772	0.000721	0.001772	0.019021	0.046748
62	G	80	5250	4679	0.017098	0	0	5250	89	14771	13070	0.006809	0	1	14771	0	0	0	nan	0	0	0	0.010288	0.002043	0.010288	0.002043	0.271414	0.053898
63	A	42	5247	4557	0.009217	0	0	5247	52	14765	12935	0.004020	0	1	14765	0	0	0	nan	0	0	0	0.005196	0.001528	0.005196	0.001528	0.137079	0.040311
64	A	48	5239	4669	0.010281	0	0	5239	44	14744	13278	0.003314	0	1	14744	0	0	0	nan	0	0	0	0.006967	0.001566	0.006967	0.001566	0.183801	0.041314
65	C	30	5235	4622	0.006491	0	0	5235	75	14731	13119	0.005717	0	1	14731	0	0	0	nan	0	0	0	0.000774	0.001356	0.000774	0.001356	0.020419	0.035774
66	G	186	5230	4340	0.042857	0	0	5230	119	14717	11951	0.009957	0	1	14717	0	0	0	nan	0	0	0	0.032900	0.003272	0.032900	0.003272	0.867956	0.086321
67	C	24	5228	4290	0.005594	0	0	5228	48	14712	11849	0.004051	0	1	14712	0	0	0	nan	0	0	0	0.001543	0.001283	0.001543	0.001283	0.040707	0.033848
68	G	244	5225	4343	0.056182	0	0	5225	216	14705	11995	0.018008	0	1	14705	0	0	0	nan	0	0	0	0.038175	0.003800	0.038175	0.003800	1.007119	0.100250
69	C	51	5223	4605	0.011075	0	0	5223	123	14702	13076	0.009407	0	1	14702	0	0	0	nan	0	0	0	0.001668	0.001768	0.001668	0.001768	0.044005	0.046643
70	C	175	5223	4631	0.037789	0	0	5223	434	14700	13160	0.032979	0	1	14700	0	0	0	nan	0	0	0	0.004810	0.003266	0.004810	0.003266	0.126896	0.086162
71	U	65	5223	4669	0.013922	0	0	5223	220	14692	13263	0.016587	0	1	14692	0	0	0	nan	0	0	0	-0.002666	0.002057	-0.002666	0.002057	-0.070333	0.054267
72	C	202	5215	4826	0.041857	0	0	5215	56	14686	13689	0.004091	0	1	14686	0	0	0	nan	0	0	0	0.037766	0.002995	0.037766	0.002995	0.996329	0.079013
73	C	78	5207	4658	0.016745	0	0	5207	18	14676	13487	0.001335	0	1	14676	0	0	0	nan	0	0	0	0.015411	0.001922	0.015411	0.001922	0.406568	0.050706
74	A	0	5019	0	nan	0	0	5019	0	14425	0	nan	0	1	14425	0	0	0	nan	0	0	0	nan	nan	nan	nan	nan	nan