Nucleotide	Sequence	Modified_mutations	Modified_read_depth	Modified_effective_depth	Modified_rate	Modified_off_target_mapped_depth	Modified_low_mapq_mapped_depth	Modified_mapped_depth	Untreated_mutations	Untreated_read_depth	Untreated_effective_depth	Untreated_rate	Untreated_off_target_mapped_depth	Untreated_low_mapq_mapped_depth	Untreated_mapped_depth	Denatured_mutations	Denatured_read_depth	Denatured_effective_depth	Denatured_rate	Denatured_off_target_mapped_depth	Denatured_low_mapq_mapped_depth	Denatured_mapped_depth	Reactivity_profile	Std_err	HQ_profile	HQ_stderr	Norm_profile	Norm_stderr
1	G	0	486	473	0.000000	0	0	486	0	1023	1005	0.000000	0	0	1023	0	0	0	nan	0	0	0	0.000000	0.000000	nan	nan	nan	nan
2	C	0	522	503	0.000000	0	0	522	0	1056	1024	0.000000	0	0	1056	0	0	0	nan	0	0	0	0.000000	0.000000	0.000000	0.000000	0.000000	0.000000
3	C	0	533	518	0.000000	0	0	533	0	1068	1039	0.000000	0	0	1068	0	0	0	nan	0	0	0	0.000000	0.000000	0.000000	0.000000	0.000000	0.000000
4	C	3	543	517	0.005803	0	0	543	7	1086	1038	0.006744	0	0	1086	0	0	0	nan	0	0	0	-0.000941	0.004210	-0.000941	0.004210	-0.022767	0.101859
5	G	14	548	517	0.027079	0	0	548	10	1091	1033	0.009681	0	0	1091	0	0	0	nan	0	0	0	0.017399	0.007858	0.017399	0.007858	0.420961	0.190121
6	G	10	553	518	0.019305	0	0	553	4	1094	1037	0.003857	0	0	1094	0	0	0	nan	0	0	0	0.015448	0.006402	0.015448	0.006402	0.373757	0.154893
7	A	7	575	535	0.013084	0	0	575	5	1118	1062	0.004708	0	0	1118	0	0	0	nan	0	0	0	0.008376	0.005375	0.008376	0.005375	0.202654	0.130046
8	U	81	592	539	0.150278	0	0	592	144	1143	1083	0.132964	0	0	1143	0	0	0	nan	0	0	0	0.017314	0.020040	nan	nan	nan	nan
9	G	6	653	596	0.010067	0	0	653	12	1203	1121	0.010705	0	0	1203	0	0	0	nan	0	0	0	-0.000638	0.005142	-0.000638	0.005142	-0.015436	0.124408
10	G	31	675	621	0.049919	0	0	675	13	1223	1142	0.011384	0	0	1223	0	0	0	nan	0	0	0	0.038536	0.009505	0.038536	0.009505	0.932361	0.229969
11	U	10	708	657	0.015221	0	0	708	24	1248	1161	0.020672	0	0	1248	0	0	0	nan	0	0	0	-0.005451	0.006401	-0.005451	0.006401	-0.131884	0.154869
12	G	16	725	677	0.023634	0	0	725	15	1267	1184	0.012669	0	0	1267	0	0	0	nan	0	0	0	0.010965	0.006753	0.010965	0.006753	0.265293	0.163386
13	G	9	748	708	0.012712	0	0	748	7	1282	1205	0.005809	0	0	1282	0	0	0	nan	0	0	0	0.006903	0.004772	0.006903	0.004772	0.167015	0.115456
14	A	3	755	714	0.004202	0	0	755	0	1295	1235	0.000000	0	0	1295	0	0	0	nan	0	0	0	0.004202	0.002426	0.004202	0.002426	0.101665	0.058696
15	A	6	781	744	0.008065	0	0	781	21	1316	1274	0.016484	0	0	1316	0	0	0	nan	0	0	0	-0.008419	0.004876	-0.008419	0.004876	-0.203694	0.117973
16	U	23	1488	1429	0.016095	0	0	1488	35	2035	1968	0.017785	0	0	2035	0	0	0	nan	0	0	0	-0.001689	0.004506	-0.001689	0.004506	-0.040865	0.109021
17	C	16	1562	1483	0.010789	0	0	1562	8	2153	2059	0.003885	0	0	2153	0	0	0	nan	0	0	0	0.006904	0.003027	0.006904	0.003027	0.167039	0.073237
18	G	50	1633	1547	0.032321	0	0	1633	44	2194	2089	0.021063	0	0	2194	0	0	0	nan	0	0	0	0.011258	0.005566	0.011258	0.005566	0.272382	0.134667
19	G	103	1643	1554	0.066281	0	0	1643	35	2206	2089	0.016754	0	0	2206	0	0	0	nan	0	0	0	0.049526	0.007118	0.049526	0.007118	1.198259	0.172217
20	U	11	1741	1673	0.006575	0	0	1741	35	2235	2151	0.016272	0	0	2235	0	0	0	nan	0	0	0	-0.009696	0.003390	-0.009696	0.003390	-0.234590	0.082020
21	A	7	1751	1694	0.004132	0	0	1751	6	2249	2172	0.002762	0	0	2249	0	0	0	nan	0	0	0	0.001370	0.001926	0.001370	0.001926	0.033147	0.046599
22	G	33	1770	1668	0.019784	0	0	1770	15	2274	2143	0.007000	0	0	2274	0	0	0	nan	0	0	0	0.012785	0.003889	0.012785	0.003889	0.309327	0.094093
23	A	240	1789	1682	0.142687	0	0	1789	14	2295	2164	0.006470	0	0	2295	0	0	0	nan	0	0	0	0.136218	0.009371	0.136218	0.009371	3.295733	0.226727
24	C	10	1807	1716	0.005828	0	0	1807	10	2305	2185	0.004577	0	0	2305	0	0	0	nan	0	0	0	0.001251	0.002343	0.001251	0.002343	0.030267	0.056688
25	A	16	1825	1778	0.008999	0	0	1825	6	2322	2274	0.002639	0	0	2322	0	0	0	nan	0	0	0	0.006360	0.002494	0.006360	0.002494	0.153877	0.060341
26	C	14	1830	1781	0.007861	0	0	1830	11	2329	2276	0.004833	0	0	2329	0	0	0	nan	0	0	0	0.003028	0.002557	0.003028	0.002557	0.073261	0.061865
27	A	152	1831	1784	0.085202	0	0	1831	11	2338	2288	0.004808	0	0	2338	0	0	0	nan	0	0	0	0.080394	0.007061	0.080394	0.007061	1.945097	0.170838
28	A	24	1831	1757	0.013660	0	0	1831	16	2343	2250	0.007111	0	0	2343	0	0	0	nan	0	0	0	0.006549	0.003307	0.006549	0.003307	0.158450	0.080011
29	G	50	1832	1722	0.029036	0	0	1832	46	2343	2206	0.020852	0	0	2343	0	0	0	nan	0	0	0	0.008184	0.005130	0.008184	0.005130	0.198008	0.124118
30	G	35	1833	1705	0.020528	0	0	1833	36	2345	2186	0.016468	0	0	2345	0	0	0	nan	0	0	0	0.004059	0.004424	0.004059	0.004424	0.098206	0.107037
31	G	73	1833	1726	0.042294	0	0	1833	20	2345	2210	0.009050	0	0	2345	0	0	0	nan	0	0	0	0.033245	0.005348	0.033245	0.005348	0.804348	0.129392
32	A	67	1833	1745	0.038395	0	0	1833	81	2349	2237	0.036209	0	0	2349	0	0	0	nan	0	0	0	0.002186	0.006180	0.002186	0.006180	0.052889	0.149522
33	U	26	1844	1760	0.014773	0	0	1844	31	2362	2260	0.013717	0	0	2362	0	0	0	nan	0	0	0	0.001056	0.003803	0.001056	0.003803	0.025549	0.092012
34	U	14	1852	1756	0.007973	0	0	1852	23	2366	2247	0.010236	0	0	2366	0	0	0	nan	0	0	0	-0.002263	0.003016	-0.002263	0.003016	-0.054752	0.072971
35	U	436	1880	1819	0.239692	0	0	1880	701	2391	2307	0.303858	0	0	2391	0	0	0	nan	0	0	0	-0.064166	0.016232	nan	nan	nan	nan
36	A	10	1960	1907	0.005244	0	0	1960	5	2531	2470	0.002024	0	0	2531	0	0	0	nan	0	0	0	0.003220	0.001889	0.003220	0.001889	0.077906	0.045704
37	A	13	1970	1912	0.006799	0	0	1970	2	2539	2477	0.000807	0	0	2539	0	0	0	nan	0	0	0	0.005992	0.001970	0.005992	0.001970	0.144974	0.047663
38	A	312	1974	1840	0.169565	0	0	1974	493	2541	2408	0.204734	0	0	2541	0	0	0	nan	0	0	0	-0.035169	0.013311	nan	nan	nan	nan
39	A	198	2087	1951	0.101486	0	0	2087	6	2609	2457	0.002442	0	0	2609	0	0	0	nan	0	0	0	0.099044	0.007281	0.099044	0.007281	2.396325	0.176161
40	U	17	2101	1968	0.008638	0	0	2101	17	2618	2461	0.006908	0	0	2618	0	0	0	nan	0	0	0	0.001730	0.002683	0.001730	0.002683	0.041857	0.064914
41	C	6	2105	1969	0.003047	0	0	2105	15	2622	2456	0.006107	0	0	2622	0	0	0	nan	0	0	0	-0.003060	0.002009	-0.003060	0.002009	-0.074035	0.048607
42	C	4	2114	1964	0.002037	0	0	2114	10	2626	2426	0.004122	0	0	2626	0	0	0	nan	0	0	0	-0.002085	0.001654	-0.002085	0.001654	-0.050446	0.040018
43	C	14	2113	1953	0.007168	0	0	2113	9	2625	2416	0.003725	0	0	2625	0	0	0	nan	0	0	0	0.003443	0.002283	0.003443	0.002283	0.083302	0.055236
44	U	33	2129	2017	0.016361	0	0	2129	25	2633	2492	0.010032	0	0	2633	0	0	0	nan	0	0	0	0.006329	0.003484	0.006329	0.003484	0.153127	0.084294
45	C	27	2136	2026	0.013327	0	0	2136	7	2635	2503	0.002797	0	1	2635	0	0	0	nan	0	0	0	0.010530	0.002774	0.010530	0.002774	0.254769	0.067116
46	G	33	2162	2011	0.016410	0	0	2162	22	2647	2488	0.008842	0	1	2647	0	0	0	nan	0	0	0	0.007567	0.003423	0.007567	0.003423	0.183080	0.082818
47	G	48	2164	2000	0.024000	0	0	2164	30	2646	2463	0.012180	0	1	2646	0	0	0	nan	0	0	0	0.011820	0.004116	0.011820	0.004116	0.285980	0.099585
48	C	17	2165	2016	0.008433	0	0	2165	28	2646	2477	0.011304	0	1	2646	0	0	0	nan	0	0	0	-0.002871	0.002957	-0.002871	0.002957	-0.069463	0.071543
49	G	154	2164	2035	0.075676	0	0	2164	32	2647	2471	0.012950	0	1	2647	0	0	0	nan	0	0	0	0.062725	0.006514	0.062725	0.006514	1.517603	0.157603
50	U	31	2171	2033	0.015248	0	0	2171	40	2651	2479	0.016136	0	1	2651	0	0	0	nan	0	0	0	-0.000887	0.003743	-0.000887	0.003743	-0.021461	0.090560
51	U	36	2190	2063	0.017450	0	0	2190	45	2659	2504	0.017971	0	1	2659	0	0	0	nan	0	0	0	-0.000521	0.003954	-0.000521	0.003954	-0.012605	0.095665
52	C	114	2198	2079	0.054834	0	0	2198	15	2660	2525	0.005941	0	1	2660	0	0	0	nan	0	0	0	0.048893	0.005360	0.048893	0.005360	1.182944	0.129683
53	G	72	2204	2089	0.034466	0	0	2204	28	2661	2523	0.011098	0	1	2661	0	0	0	nan	0	0	0	0.023368	0.004571	0.023368	0.004571	0.565378	0.110593
54	C	42	2206	2074	0.020251	0	0	2206	25	2661	2495	0.010020	0	1	2661	0	0	0	nan	0	0	0	0.010231	0.003712	0.010231	0.003712	0.247534	0.089810
55	G	133	2206	2092	0.063576	0	0	2206	29	2658	2512	0.011545	0	1	2658	0	0	0	nan	0	0	0	0.052031	0.005915	0.052031	0.005915	1.258867	0.143111
56	C	26	2206	2080	0.012500	0	0	2206	43	2659	2509	0.017138	0	1	2659	0	0	0	nan	0	0	0	-0.004638	0.003583	-0.004638	0.003583	-0.112214	0.086689
57	U	15	2208	2076	0.007225	0	0	2208	14	2656	2481	0.005643	0	1	2656	0	0	0	nan	0	0	0	0.001583	0.002399	0.001583	0.002399	0.038300	0.058043
58	G	57	2208	2017	0.028260	0	0	2208	39	2654	2391	0.016311	0	2	2654	0	0	0	nan	0	0	0	0.011949	0.004564	0.011949	0.004564	0.289101	0.110424
59	U	23	2210	2018	0.011397	0	0	2210	46	2655	2388	0.019263	0	2	2655	0	0	0	nan	0	0	0	-0.007866	0.003703	-0.007866	0.003703	-0.190314	0.089592
60	G	60	2207	2010	0.029851	0	0	2207	32	2654	2403	0.013317	0	2	2654	0	0	0	nan	0	0	0	0.016534	0.004516	0.016534	0.004516	0.400033	0.109263
61	C	31	2208	2041	0.015189	0	0	2208	32	2653	2438	0.013126	0	2	2653	0	0	0	nan	0	0	0	0.002063	0.003581	0.002063	0.003581	0.049913	0.086641
62	G	22	2206	2027	0.010853	0	0	2206	23	2649	2408	0.009551	0	2	2649	0	0	0	nan	0	0	0	0.001302	0.003053	0.001302	0.003053	0.031501	0.073866
63	G	33	2208	2020	0.016337	0	0	2208	31	2649	2399	0.012922	0	2	2649	0	0	0	nan	0	0	0	0.003415	0.003671	0.003415	0.003671	0.082624	0.088818
64	G	51	2208	2013	0.025335	0	0	2208	22	2648	2410	0.009129	0	2	2648	0	0	0	nan	0	0	0	0.016207	0.004046	0.016207	0.004046	0.392121	0.097891
65	U	39	2207	2035	0.019165	0	0	2207	40	2648	2440	0.016393	0	2	2648	0	0	0	nan	0	0	0	0.002771	0.004017	0.002771	0.004017	0.067043	0.097190
66	U	36	2206	2043	0.017621	0	0	2206	50	2651	2451	0.020400	0	2	2651	0	0	0	nan	0	0	0	-0.002779	0.004117	-0.002779	0.004117	-0.067237	0.099609
67	C	50	2204	2072	0.024131	0	0	2204	18	2651	2493	0.007220	0	2	2651	0	0	0	nan	0	0	0	0.016911	0.003813	0.016911	0.003813	0.409154	0.092254
68	A	25	2203	2060	0.012136	0	0	2203	7	2650	2518	0.002780	0	2	2650	0	0	0	nan	0	0	0	0.009356	0.002645	0.009356	0.002645	0.226364	0.063995
69	A	772	2199	2054	0.375852	0	0	2199	11	2649	2510	0.004382	0	2	2649	0	0	0	nan	0	0	0	0.371470	0.013592	0.371470	0.013592	8.987549	0.328852
70	G	35	2198	2020	0.017327	0	0	2198	46	2648	2410	0.019087	0	2	2648	0	0	0	nan	0	0	0	-0.001760	0.004062	-0.001760	0.004062	-0.042582	0.098278
71	U	29	2197	2006	0.014457	0	0	2197	55	2645	2380	0.023109	0	2	2645	0	0	0	nan	0	0	0	-0.008653	0.004113	-0.008653	0.004113	-0.209355	0.099512
72	C	7	2195	1941	0.003606	0	0	2195	17	2644	2305	0.007375	0	2	2644	0	0	0	nan	0	0	0	-0.003769	0.002249	-0.003769	0.002249	-0.091189	0.054414
73	C	11	2193	1958	0.005618	0	0	2193	8	2643	2339	0.003420	0	2	2643	0	0	0	nan	0	0	0	0.002198	0.002081	0.002198	0.002081	0.053180	0.050349
74	C	11	2192	1938	0.005676	0	0	2192	11	2642	2299	0.004785	0	2	2642	0	0	0	nan	0	0	0	0.000891	0.002238	0.000891	0.002238	0.021557	0.054147
75	G	68	2192	1998	0.034034	0	0	2192	27	2641	2386	0.011316	0	2	2641	0	0	0	nan	0	0	0	0.022718	0.004667	0.022718	0.004667	0.549652	0.112916
76	C	12	2191	1992	0.006024	0	0	2191	15	2640	2375	0.006316	0	2	2640	0	0	0	nan	0	0	0	-0.000292	0.002384	-0.000292	0.002384	-0.007065	0.057680
77	U	38	2188	2015	0.018859	0	0	2188	42	2638	2420	0.017355	0	2	2638	0	0	0	nan	0	0	0	0.001503	0.004066	0.001503	0.004066	0.036364	0.098375
78	C	4	2188	1979	0.002021	0	0	2188	7	2637	2375	0.002947	0	2	2637	0	0	0	nan	0	0	0	-0.000926	0.001504	-0.000926	0.001504	-0.022404	0.036389
79	C	10	2188	1982	0.005045	0	0	2188	13	2630	2367	0.005492	0	2	2630	0	0	0	nan	0	0	0	-0.000447	0.002206	-0.000447	0.002206	-0.010815	0.053373
80	G	44	2187	1914	0.022989	0	0	2187	33	2625	2292	0.014398	0	2	2625	0	0	0	nan	0	0	0	0.008591	0.004277	0.008591	0.004277	0.207855	0.103480
81	G	39	2185	1900	0.020526	0	0	2185	20	2620	2290	0.008734	0	1	2620	0	0	0	nan	0	0	0	0.011793	0.003823	0.011793	0.003823	0.285326	0.092496
82	G	113	2184	1915	0.059008	0	0	2184	28	2618	2305	0.012148	0	1	2618	0	0	0	nan	0	0	0	0.046860	0.006007	0.046860	0.006007	1.133757	0.145337
83	U	15	2184	1898	0.007903	0	0	2184	14	2618	2307	0.006068	0	1	2618	0	0	0	nan	0	0	0	0.001835	0.002607	0.001835	0.002607	0.044397	0.063075
84	A	42	2171	1910	0.021990	0	0	2171	12	2615	2309	0.005197	0	1	2615	0	0	0	nan	0	0	0	0.016792	0.003710	0.016792	0.003710	0.406275	0.089762
85	C	76	2119	1882	0.040383	0	0	2119	5	2568	2285	0.002188	0	1	2568	0	0	0	nan	0	0	0	0.038194	0.004734	0.038194	0.004734	0.924087	0.114537
86	C	36	2109	1827	0.019704	0	0	2109	0	2561	2270	0.000000	0	1	2561	0	0	0	nan	0	0	0	0.019704	0.003284	0.019704	0.003284	0.476729	0.079455
87	A	0	2012	0	nan	0	0	2012	0	2511	0	nan	0	1	2511	0	0	0	nan	0	0	0	nan	nan	nan	nan	nan	nan