Nucleotide	Sequence	Modified_mutations	Modified_read_depth	Modified_effective_depth	Modified_rate	Modified_off_target_mapped_depth	Modified_low_mapq_mapped_depth	Modified_mapped_depth	Untreated_mutations	Untreated_read_depth	Untreated_effective_depth	Untreated_rate	Untreated_off_target_mapped_depth	Untreated_low_mapq_mapped_depth	Untreated_mapped_depth	Denatured_mutations	Denatured_read_depth	Denatured_effective_depth	Denatured_rate	Denatured_off_target_mapped_depth	Denatured_low_mapq_mapped_depth	Denatured_mapped_depth	Reactivity_profile	Std_err	HQ_profile	HQ_stderr	Norm_profile	Norm_stderr
1	G	0	8757	8350	0.000000	0	21	8757	0	9269	8815	0.000000	0	27	9269	0	0	0	nan	0	0	0	0.000000	0.000000	0.000000	0.000000	0.000000	0.000000
2	G	0	9140	8544	0.000000	0	22	9140	0	9499	8782	0.000000	0	28	9499	0	0	0	nan	0	0	0	0.000000	0.000000	0.000000	0.000000	0.000000	0.000000
3	G	134	9330	8689	0.015422	0	22	9330	77	9584	8829	0.008721	0	29	9584	0	0	0	nan	0	0	0	0.006701	0.001662	0.006701	0.001662	0.160255	0.039747
4	G	528	9351	8823	0.059844	0	22	9351	75	9590	8953	0.008377	0	29	9590	0	0	0	nan	0	0	0	0.051467	0.002778	0.051467	0.002778	1.230835	0.066436
5	C	88	9396	8986	0.009793	0	22	9396	76	9604	9120	0.008333	0	29	9604	0	0	0	nan	0	0	0	0.001460	0.001415	0.001460	0.001415	0.034916	0.033840
6	U	31	9544	9302	0.003333	0	22	9544	51	9704	9416	0.005416	0	29	9704	0	0	0	nan	0	0	0	-0.002084	0.000966	-0.002084	0.000966	-0.049839	0.023102
7	A	68	9717	9409	0.007227	0	22	9717	39	9818	9529	0.004093	0	29	9818	0	0	0	nan	0	0	0	0.003134	0.001094	0.003134	0.001094	0.074950	0.026163
8	U	1103	9983	9683	0.113911	0	22	9983	913	9982	9741	0.093728	0	29	9982	0	0	0	nan	0	0	0	0.020183	0.004624	nan	nan	nan	nan
9	A	599	10221	9876	0.060652	0	22	10221	19	10248	9900	0.001919	0	29	10248	0	0	0	nan	0	0	0	0.058733	0.002517	0.058733	0.002517	1.404601	0.060194
10	G	158	10625	10311	0.015323	0	22	10625	129	10284	9927	0.012995	0	29	10284	0	0	0	nan	0	0	0	0.002329	0.001672	0.002329	0.001672	0.055698	0.039986
11	C	63	10694	10357	0.006083	0	22	10694	60	10335	9972	0.006017	0	29	10335	0	0	0	nan	0	0	0	0.000066	0.001091	0.000066	0.001091	0.001578	0.026091
12	U	88	10889	10553	0.008339	0	22	10889	86	10479	10125	0.008494	0	29	10479	0	0	0	nan	0	0	0	-0.000155	0.001276	-0.000155	0.001276	-0.003707	0.030516
13	C	44	10914	10552	0.004170	0	22	10914	33	10504	10134	0.003256	0	29	10504	0	0	0	nan	0	0	0	0.000913	0.000846	0.000913	0.000846	0.021834	0.020232
14	A	243	10960	10538	0.023059	0	22	10960	21	10566	10172	0.002064	0	29	10566	0	0	0	nan	0	0	0	0.020995	0.001546	0.020995	0.001546	0.502096	0.036973
15	G	161	10975	10596	0.015194	0	22	10975	99	10573	10191	0.009714	0	29	10573	0	0	0	nan	0	0	0	0.005480	0.001545	0.005480	0.001545	0.131054	0.036949
16	C	423	11026	10618	0.039838	0	22	11026	134	10646	10260	0.013060	0	29	10646	0	0	0	nan	0	0	0	0.026778	0.002242	0.026778	0.002242	0.640397	0.053617
17	U	144	11066	10636	0.013539	0	22	11066	191	10685	10269	0.018600	0	29	10685	0	0	0	nan	0	0	0	-0.005061	0.001756	-0.005061	0.001756	-0.121034	0.041995
18	G	263	11089	10584	0.024849	0	22	11089	84	10734	10270	0.008179	0	29	10734	0	0	0	nan	0	0	0	0.016670	0.001773	0.016670	0.001773	0.398663	0.042401
19	G	322	11151	10655	0.030221	0	22	11151	193	10792	10276	0.018782	0	29	10792	0	0	0	nan	0	0	0	0.011439	0.002160	0.011439	0.002160	0.273564	0.051656
20	G	771	11173	10779	0.071528	0	22	11173	51	10813	10380	0.004913	0	29	10813	0	0	0	nan	0	0	0	0.066615	0.002666	0.066615	0.002666	1.593099	0.063757
21	A	108	11182	10829	0.009973	0	22	11182	55	10819	10430	0.005273	0	29	10819	0	0	0	nan	0	0	0	0.004700	0.001194	0.004700	0.001194	0.112401	0.028555
22	G	75	11184	10689	0.007017	0	22	11184	52	10821	10384	0.005008	0	29	10821	0	0	0	nan	0	0	0	0.002009	0.001067	0.002009	0.001067	0.048045	0.025517
23	A	115	11185	10620	0.010829	0	22	11185	43	10822	10289	0.004179	0	29	10822	0	0	0	nan	0	0	0	0.006649	0.001194	0.006649	0.001194	0.159011	0.028555
24	G	389	11189	10608	0.036670	0	19	11189	104	10823	10253	0.010143	0	27	10823	0	0	0	nan	0	0	0	0.026527	0.002109	0.026527	0.002109	0.634394	0.050437
25	C	80	11191	10728	0.007457	0	12	11191	71	10825	10298	0.006895	0	24	10825	0	0	0	nan	0	0	0	0.000563	0.001168	0.000563	0.001168	0.013464	0.027933
26	G	181	11192	10785	0.016783	0	6	11192	107	10826	10363	0.010325	0	19	10826	0	0	0	nan	0	0	0	0.006457	0.001598	0.006457	0.001598	0.154419	0.038216
27	C	103	11193	10701	0.009625	0	5	11193	68	10829	10259	0.006628	0	17	10829	0	0	0	nan	0	0	0	0.002997	0.001243	0.002997	0.001243	0.071673	0.029726
28	U	158	11202	10620	0.014878	0	2	11202	111	10841	10176	0.010908	0	13	10841	0	0	0	nan	0	0	0	0.003970	0.001573	0.003970	0.001573	0.094943	0.037618
29	U	77	11205	10510	0.007326	0	2	11205	63	10859	10125	0.006222	0	12	10859	0	0	0	nan	0	0	0	0.001104	0.001145	0.001104	0.001145	0.026402	0.027383
30	G	283	11210	10520	0.026901	0	2	11210	95	10860	10153	0.009357	0	13	10860	0	0	0	nan	0	0	0	0.017544	0.001865	0.017544	0.001865	0.419565	0.044602
31	C	67	11211	10683	0.006272	0	2	11211	34	10865	10353	0.003284	0	13	10865	0	0	0	nan	0	0	0	0.002988	0.000951	0.002988	0.000951	0.071458	0.022743
32	A	202	11215	10772	0.018752	0	2	11215	61	10873	10449	0.005838	0	12	10873	0	0	0	nan	0	0	0	0.012914	0.001516	0.012914	0.001516	0.308839	0.036255
33	U	154	11214	10730	0.014352	0	2	11214	117	10871	10388	0.011263	0	12	10871	0	0	0	nan	0	0	0	0.003089	0.001556	0.003089	0.001556	0.073874	0.037212
34	G	424	11212	10568	0.040121	0	2	11212	120	10865	10235	0.011724	0	12	10865	0	0	0	nan	0	0	0	0.028397	0.002223	0.028397	0.002223	0.679115	0.053163
35	G	505	11212	10557	0.047836	0	2	11212	130	10863	10191	0.012756	0	12	10863	0	0	0	nan	0	0	0	0.035079	0.002405	0.035079	0.002405	0.838915	0.057516
36	C	644	11220	10555	0.061014	0	2	11220	41	10866	10190	0.004024	0	14	10866	0	0	0	nan	0	0	0	0.056990	0.002485	0.056990	0.002485	1.362917	0.059429
37	A	1226	11224	10623	0.115410	0	2	11224	43	10875	10226	0.004205	0	14	10875	0	0	0	nan	0	0	0	0.111205	0.003358	0.111205	0.003358	2.659471	0.080307
38	U	86	11229	10590	0.008121	0	2	11229	96	10877	10218	0.009395	0	14	10877	0	0	0	nan	0	0	0	-0.001274	0.001299	-0.001274	0.001299	-0.030468	0.031066
39	G	312	11230	10625	0.029365	0	2	11230	77	10879	10301	0.007475	0	14	10879	0	0	0	nan	0	0	0	0.021890	0.001868	0.021890	0.001868	0.523500	0.044673
40	C	78	11231	10777	0.007238	0	2	11231	58	10880	10461	0.005544	0	13	10880	0	0	0	nan	0	0	0	0.001693	0.001096	0.001693	0.001096	0.040488	0.026211
41	A	92	11230	10895	0.008444	0	2	11230	17	10881	10601	0.001604	0	13	10881	0	0	0	nan	0	0	0	0.006841	0.000962	0.006841	0.000962	0.163603	0.023006
42	A	112	11231	10959	0.010220	0	2	11231	60	10882	10618	0.005651	0	14	10882	0	0	0	nan	0	0	0	0.004569	0.001210	0.004569	0.001210	0.109268	0.028937
43	G	334	11228	10941	0.030527	0	2	11228	84	10882	10626	0.007905	0	14	10882	0	0	0	nan	0	0	0	0.022622	0.001880	0.022622	0.001880	0.541006	0.044960
44	A	98	11225	10870	0.009016	0	2	11225	61	10882	10557	0.005778	0	14	10882	0	0	0	nan	0	0	0	0.003237	0.001173	0.003237	0.001173	0.077413	0.028052
45	G	204	11226	10704	0.019058	0	2	11226	101	10879	10424	0.009689	0	14	10879	0	0	0	nan	0	0	0	0.009369	0.001646	0.009369	0.001646	0.224060	0.039364
46	G	1722	11222	10570	0.162914	0	2	11222	1587	10880	10188	0.155771	0	14	10880	0	0	0	nan	0	0	0	0.007142	0.005541	nan	nan	nan	nan
47	U	186	11225	10611	0.017529	0	2	11225	144	10890	10253	0.014045	0	15	10890	0	0	0	nan	0	0	0	0.003484	0.001738	0.003484	0.001738	0.083320	0.041564
48	C	57	11224	10693	0.005331	0	2	11224	36	10889	10322	0.003488	0	15	10889	0	0	0	nan	0	0	0	0.001843	0.000915	0.001843	0.000915	0.044075	0.021882
49	A	141	11231	10727	0.013144	0	2	11231	58	10898	10408	0.005573	0	15	10898	0	0	0	nan	0	0	0	0.007572	0.001327	0.007572	0.001327	0.181085	0.031735
50	G	188	11227	10738	0.017508	0	2	11227	122	10895	10420	0.011708	0	15	10895	0	0	0	nan	0	0	0	0.005800	0.001660	0.005800	0.001660	0.138707	0.039699
51	C	143	11225	10685	0.013383	0	2	11225	69	10893	10428	0.006617	0	15	10893	0	0	0	nan	0	0	0	0.006766	0.001374	0.006766	0.001374	0.161809	0.032859
52	G	217	11222	10750	0.020186	0	2	11222	94	10892	10446	0.008999	0	15	10892	0	0	0	nan	0	0	0	0.011187	0.001655	0.011187	0.001655	0.267537	0.039579
53	G	324	11220	10675	0.030351	0	2	11220	127	10890	10334	0.012290	0	15	10890	0	0	0	nan	0	0	0	0.018062	0.002008	0.018062	0.002008	0.431953	0.048021
54	U	200	11220	10521	0.019010	0	2	11220	206	10890	10294	0.020012	0	15	10890	0	0	0	nan	0	0	0	-0.001002	0.001937	-0.001002	0.001937	-0.023963	0.046323
55	U	218	11217	10566	0.020632	0	2	11217	201	10897	10381	0.019362	0	15	10897	0	0	0	nan	0	0	0	0.001270	0.001954	0.001270	0.001954	0.030372	0.046730
56	C	176	11216	10540	0.016698	0	2	11216	114	10894	10389	0.010973	0	15	10894	0	0	0	nan	0	0	0	0.005725	0.001625	0.005725	0.001625	0.136914	0.038862
57	G	45	11214	10569	0.004258	0	2	11214	40	10893	10297	0.003885	0	15	10893	0	0	0	nan	0	0	0	0.000373	0.000883	0.000373	0.000883	0.008920	0.021117
58	A	4178	11210	10519	0.397186	0	2	11210	70	10893	10233	0.006841	0	15	10893	0	0	0	nan	0	0	0	0.390345	0.006199	0.390345	0.006199	9.335111	0.148249
59	U	123	11207	10557	0.011651	0	2	11207	145	10889	10215	0.014195	0	15	10889	0	0	0	nan	0	0	0	-0.002544	0.001579	-0.002544	0.001579	-0.060840	0.037762
60	C	106	11205	10557	0.010041	0	2	11205	108	10888	10223	0.010564	0	15	10888	0	0	0	nan	0	0	0	-0.000524	0.001409	-0.000524	0.001409	-0.012531	0.033696
61	C	66	11203	10544	0.006259	0	2	11203	68	10887	10255	0.006631	0	15	10887	0	0	0	nan	0	0	0	-0.000371	0.001114	-0.000371	0.001114	-0.008872	0.026641
62	C	37	11200	10459	0.003538	0	2	11200	37	10885	10187	0.003632	0	15	10885	0	0	0	nan	0	0	0	-0.000094	0.000834	-0.000094	0.000834	-0.002248	0.019945
63	G	243	11197	10544	0.023046	0	2	11197	123	10884	10248	0.012002	0	15	10884	0	0	0	nan	0	0	0	0.011044	0.001832	0.011044	0.001832	0.264118	0.043812
64	C	108	11194	10559	0.010228	0	2	11194	133	10880	10226	0.013006	0	14	10880	0	0	0	nan	0	0	0	-0.002778	0.001497	-0.002778	0.001497	-0.066436	0.035801
65	U	170	11191	10569	0.016085	0	2	11191	295	10877	10260	0.028752	0	14	10877	0	0	0	nan	0	0	0	-0.012668	0.002079	-0.012668	0.002079	-0.302956	0.049719
66	U	40	11191	10653	0.003755	0	2	11191	70	10876	10319	0.006784	0	14	10876	0	0	0	nan	0	0	0	-0.003029	0.001005	-0.003029	0.001005	-0.072439	0.024035
67	A	45	11190	10686	0.004211	0	2	11190	33	10875	10367	0.003183	0	14	10875	0	0	0	nan	0	0	0	0.001028	0.000837	0.001028	0.000837	0.024585	0.020017
68	G	364	11188	10627	0.034252	0	2	11188	148	10874	10328	0.014330	0	14	10874	0	0	0	nan	0	0	0	0.019922	0.002147	0.019922	0.002147	0.476435	0.051346
69	C	114	11185	10554	0.010802	0	2	11185	99	10871	10283	0.009628	0	14	10871	0	0	0	nan	0	0	0	0.001174	0.001400	0.001174	0.001400	0.028076	0.033481
70	U	123	11182	10497	0.011718	0	2	11182	172	10867	10254	0.016774	0	14	10867	0	0	0	nan	0	0	0	-0.005056	0.001659	-0.005056	0.001659	-0.120914	0.039675
71	C	132	11180	10443	0.012640	0	2	11180	121	10862	10198	0.011865	0	14	10862	0	0	0	nan	0	0	0	0.000775	0.001541	0.000775	0.001541	0.018534	0.036853
72	C	84	11178	10257	0.008190	0	2	11178	75	10861	9980	0.007515	0	14	10861	0	0	0	nan	0	0	0	0.000674	0.001246	0.000674	0.001246	0.016119	0.029798
73	A	568	11166	10269	0.055312	0	2	11166	104	10858	9973	0.010428	0	14	10858	0	0	0	nan	0	0	0	0.044884	0.002536	0.044884	0.002536	1.073402	0.060649
74	C	568	11154	10264	0.055339	0	2	11154	62	10847	9950	0.006231	0	14	10847	0	0	0	nan	0	0	0	0.049108	0.002453	0.049108	0.002453	1.174419	0.058664
75	C	262	11091	9968	0.026284	0	2	11091	17	10830	9947	0.001709	0	14	10830	0	0	0	nan	0	0	0	0.024575	0.001676	0.024575	0.001676	0.587712	0.040082
76	A	0	10620	0	nan	0	2	10620	0	10649	0	nan	0	14	10649	0	0	0	nan	0	0	0	nan	nan	nan	nan	nan	nan