0.000000
0.000000
0.160255
0.850000
0.034916
0.000000
0.074950
0.000000
0.850000
0.055698
0.001578
0.000000
0.021834
0.502096
0.131054
0.640397
0.000000
0.398663
0.273564
0.850000
0.112401
0.048045
0.159011
0.634394
0.013464
0.154419
0.071673
0.094943
0.026402
0.419565
0.071458
0.308839
0.073874
0.679115
0.838915
0.850000
0.850000
0.000000
0.523500
0.040488
0.163603
0.109268
0.541006
0.077413
0.224060
0.000000
0.083320
0.044075
0.181085
0.138707
0.161809
0.267537
0.431953
0.000000
0.030372
0.136914
0.008920
0.850000
0.000000
0.000000
0.000000
0.000000
0.264118
0.000000
0.000000
0.000000
0.024585
0.476435
0.028076
0.000000
0.018534
0.016119
0.850000
0.850000
0.587712
0.000000
