0.000000
0.000000
0.000000
0.000000
0.585888
0.535981
0.414700
0.000000
0.850000
0.704339
0.054127
0.039589
0.127720
0.850000
0.850000
0.000000
0.562276
0.147430
0.850000
0.000000
0.351475
0.312471
0.121378
0.850000
0.139673
0.850000
0.147551
0.576570
0.741172
0.850000
0.415383
0.000000
0.000000
0.574936
0.460120
0.117329
0.000000
0.850000
0.000000
0.000000
0.020270
0.000000
0.042370
0.737465
0.000000
0.000000
0.000000
0.369086
0.153869
0.000000
0.000000
0.252733
0.773249
0.193312
0.000000
0.000000
0.258294
0.850000
0.000000
0.102010
0.000000
0.209241
0.485659
0.409163
0.618623
0.038760
0.000000
0.068739
0.131257
0.185263
0.709364
0.182360
0.065885
0.458095
0.390283
0.000000
