0.000000
0.000000
0.000000
0.000000
0.420961
0.373757
0.202654
0.000000
0.000000
0.850000
0.000000
0.265293
0.167015
0.101665
0.000000
0.000000
0.167039
0.272382
0.850000
0.000000
0.033147
0.309327
0.850000
0.030267
0.153877
0.073261
0.850000
0.158450
0.198008
0.098206
0.804348
0.052889
0.025549
0.000000
0.000000
0.077906
0.144974
0.000000
0.850000
0.041857
0.000000
0.000000
0.083302
0.153127
0.254769
0.183080
0.285980
0.000000
0.850000
0.000000
0.000000
0.850000
0.565378
0.247534
0.850000
0.000000
0.038300
0.289101
0.000000
0.400033
0.049913
0.031501
0.082624
0.392121
0.067043
0.000000
0.409154
0.226364
0.850000
0.000000
0.000000
0.000000
0.053180
0.021557
0.549652
0.000000
0.036364
0.000000
0.000000
0.207855
0.285326
0.850000
0.044397
0.406275
0.850000
0.476729
0.000000
