Nucleotide	Sequence	Modified_mutations	Modified_read_depth	Modified_effective_depth	Modified_rate	Modified_off_target_mapped_depth	Modified_low_mapq_mapped_depth	Modified_mapped_depth	Untreated_mutations	Untreated_read_depth	Untreated_effective_depth	Untreated_rate	Untreated_off_target_mapped_depth	Untreated_low_mapq_mapped_depth	Untreated_mapped_depth	Denatured_mutations	Denatured_read_depth	Denatured_effective_depth	Denatured_rate	Denatured_off_target_mapped_depth	Denatured_low_mapq_mapped_depth	Denatured_mapped_depth	Reactivity_profile	Std_err	HQ_profile	HQ_stderr	Norm_profile	Norm_stderr
1	G	0	2876	2751	0.000000	0	0	2876	0	2131	2043	0.000000	0	0	2131	0	0	0	nan	0	0	0	0.000000	0.000000	0.000000	0.000000	0.000000	0.000000
2	G	0	2944	2790	0.000000	0	0	2944	0	2163	2053	0.000000	0	0	2163	0	0	0	nan	0	0	0	0.000000	0.000000	0.000000	0.000000	0.000000	0.000000
3	U	40	3104	2930	0.013652	0	0	3104	24	2193	2071	0.011589	0	0	2193	0	0	0	nan	0	0	0	0.002063	0.003202	0.002063	0.003202	0.042069	0.065295
4	G	73	3123	2985	0.024456	0	0	3123	9	2201	2100	0.004286	0	0	2201	0	0	0	nan	0	0	0	0.020170	0.003199	0.020170	0.003199	0.411307	0.065234
5	A	33	3166	3015	0.010945	0	0	3166	7	2205	2079	0.003367	0	0	2205	0	0	0	nan	0	0	0	0.007578	0.002291	0.007578	0.002291	0.154531	0.046718
6	G	63	3191	3037	0.020744	0	0	3191	25	2207	2076	0.012042	0	0	2207	0	0	0	nan	0	0	0	0.008702	0.003554	0.008702	0.003554	0.177452	0.072473
7	G	59	3209	3015	0.019569	0	0	3209	11	2210	2053	0.005358	0	0	2210	0	0	0	nan	0	0	0	0.014211	0.003017	0.014211	0.003017	0.289791	0.061523
8	U	1034	3252	3059	0.338019	0	0	3252	493	2224	2060	0.239320	0	0	2224	0	0	0	nan	0	0	0	0.098699	0.015056	nan	nan	nan	nan
9	G	72	3372	3224	0.022333	0	0	3372	16	2265	2127	0.007522	0	0	2265	0	0	0	nan	0	0	0	0.014810	0.003235	0.014810	0.003235	0.302006	0.065968
10	U	61	3499	3371	0.018096	0	0	3499	45	2305	2193	0.020520	0	0	2305	0	0	0	nan	0	0	0	-0.002424	0.003837	-0.002424	0.003837	-0.049430	0.078244
11	C	32	3532	3395	0.009426	0	0	3532	15	2322	2215	0.006772	0	0	2322	0	0	0	nan	0	0	0	0.002654	0.002415	0.002654	0.002415	0.054120	0.049247
12	C	56	3690	3555	0.015752	0	0	3690	20	2394	2281	0.008768	0	0	2394	0	0	0	nan	0	0	0	0.006984	0.002877	0.006984	0.002877	0.142418	0.058668
13	G	74	3716	3576	0.020694	0	0	3716	10	2416	2308	0.004333	0	0	2416	0	0	0	nan	0	0	0	0.016361	0.002768	0.016361	0.002768	0.333634	0.056445
14	A	98	3746	3628	0.027012	0	0	3746	10	2426	2333	0.004286	0	0	2426	0	0	0	nan	0	0	0	0.022726	0.003047	0.022726	0.003047	0.463429	0.062135
15	G	150	3792	3672	0.040850	0	0	3792	21	2436	2335	0.008994	0	0	2436	0	0	0	nan	0	0	0	0.031856	0.003870	0.031856	0.003870	0.649609	0.078917
16	U	110	3921	3758	0.029271	0	0	3921	60	2476	2345	0.025586	0	0	2476	0	0	0	nan	0	0	0	0.003685	0.004324	0.003685	0.004324	0.075145	0.088175
17	G	132	3979	3808	0.034664	0	0	3979	44	2496	2375	0.018526	0	0	2496	0	0	0	nan	0	0	0	0.016138	0.004111	0.016138	0.004111	0.329087	0.083832
18	G	100	4099	3959	0.025259	0	0	4099	33	2513	2416	0.013659	0	0	2513	0	0	0	nan	0	0	0	0.011600	0.003469	0.011600	0.003469	0.236548	0.070740
19	C	167	4186	4060	0.041133	0	0	4186	22	2531	2462	0.008936	0	0	2531	0	0	0	nan	0	0	0	0.032197	0.003710	0.032197	0.003710	0.656562	0.075654
20	U	53	4438	4289	0.012357	0	0	4438	31	2558	2483	0.012485	0	0	2558	0	0	0	nan	0	0	0	-0.000128	0.002812	-0.000128	0.002812	-0.002610	0.057342
21	G	92	4520	4347	0.021164	0	0	4520	12	2577	2487	0.004825	0	0	2577	0	0	0	nan	0	0	0	0.016339	0.002609	0.016339	0.002609	0.333185	0.053203
22	A	93	4760	4582	0.020297	0	0	4760	5	2606	2501	0.001999	0	0	2606	0	0	0	nan	0	0	0	0.018298	0.002287	0.018298	0.002287	0.373133	0.046637
23	A	644	4836	4635	0.138943	0	0	4836	16	2610	2497	0.006408	0	0	2610	0	0	0	nan	0	0	0	0.132535	0.005705	0.132535	0.005705	2.702659	0.116337
24	G	72	5341	5066	0.014212	0	0	5341	30	2619	2487	0.012063	0	0	2619	0	0	0	nan	0	0	0	0.002150	0.002767	0.002150	0.002767	0.043843	0.056425
25	G	112	5388	5047	0.022191	0	0	5388	7	2628	2480	0.002823	0	0	2628	0	0	0	nan	0	0	0	0.019369	0.002353	0.019369	0.002353	0.394973	0.047982
26	A	161	5437	5108	0.031519	0	0	5437	4	2636	2476	0.001616	0	0	2636	0	0	0	nan	0	0	0	0.029904	0.002612	0.029904	0.002612	0.609803	0.053264
27	G	137	5445	5125	0.026732	0	0	5445	27	2640	2484	0.010870	0	0	2640	0	0	0	nan	0	0	0	0.015862	0.003097	0.015862	0.003097	0.323458	0.063154
28	C	20	5454	4982	0.004014	0	0	5454	11	2642	2403	0.004578	0	0	2642	0	0	0	nan	0	0	0	-0.000563	0.001646	-0.000563	0.001646	-0.011481	0.033565
29	A	45	5464	5025	0.008955	0	0	5464	6	2658	2445	0.002454	0	0	2658	0	0	0	nan	0	0	0	0.006501	0.001669	0.006501	0.001669	0.132569	0.034034
30	C	47	5464	5013	0.009376	0	0	5464	11	2657	2429	0.004529	0	0	2657	0	0	0	nan	0	0	0	0.004847	0.001933	0.004847	0.001933	0.098840	0.039418
31	G	245	5463	5208	0.047043	0	0	5463	28	2659	2530	0.011067	0	0	2659	0	0	0	nan	0	0	0	0.035976	0.003662	0.035976	0.003662	0.733624	0.074676
32	C	57	5464	5198	0.010966	0	0	5464	38	2664	2534	0.014996	0	0	2664	0	0	0	nan	0	0	0	-0.004030	0.002833	-0.004030	0.002833	-0.082180	0.057771
33	C	101	5465	5222	0.019341	0	0	5465	25	2670	2554	0.009789	0	0	2670	0	0	0	nan	0	0	0	0.009553	0.002745	0.009553	0.002745	0.194805	0.055976
34	U	67	5483	5197	0.012892	0	0	5483	32	2686	2545	0.012574	0	0	2686	0	0	0	nan	0	0	0	0.000318	0.002724	0.000318	0.002724	0.006485	0.055548
35	G	363	5496	5179	0.070091	0	0	5496	48	2690	2532	0.018957	0	0	2690	0	0	0	nan	0	0	0	0.051133	0.004585	0.051133	0.004585	1.042706	0.093497
36	G	157	5505	5229	0.030025	0	0	5505	10	2697	2568	0.003894	0	0	2697	0	0	0	nan	0	0	0	0.026131	0.002694	0.026131	0.002694	0.532864	0.054936
37	A	292	5511	5213	0.056014	0	0	5511	13	2702	2529	0.005140	0	0	2702	0	0	0	nan	0	0	0	0.050873	0.003575	0.050873	0.003575	1.037404	0.072902
38	A	398	5520	5306	0.075009	0	0	5520	6	2707	2581	0.002325	0	0	2707	0	0	0	nan	0	0	0	0.072685	0.003878	0.072685	0.003878	1.482195	0.079080
39	A	404	5537	5288	0.076399	0	0	5537	15	2708	2549	0.005885	0	0	2708	0	0	0	nan	0	0	0	0.070515	0.004093	0.070515	0.004093	1.437944	0.083465
40	G	267	5543	5313	0.050254	0	0	5543	32	2709	2577	0.012418	0	0	2709	0	0	0	nan	0	0	0	0.037837	0.003779	0.037837	0.003779	0.771574	0.077062
41	U	81	5550	5290	0.015312	0	0	5550	42	2711	2558	0.016419	0	0	2711	0	0	0	nan	0	0	0	-0.001107	0.003052	-0.001107	0.003052	-0.022574	0.062236
42	G	313	5554	5272	0.059370	0	0	5554	28	2715	2549	0.010985	0	0	2715	0	0	0	nan	0	0	0	0.048386	0.003946	0.048386	0.003946	0.986689	0.080467
43	U	73	5569	5244	0.013921	0	0	5569	33	2722	2587	0.012756	0	0	2722	0	0	0	nan	0	0	0	0.001165	0.002754	0.001165	0.002754	0.023757	0.056160
44	G	313	5576	5306	0.058990	0	0	5576	29	2729	2616	0.011086	0	0	2729	0	0	0	nan	0	0	0	0.047904	0.003919	0.047904	0.003919	0.976860	0.079916
45	U	38	5597	5374	0.007071	0	0	5597	15	2736	2653	0.005654	0	0	2736	0	0	0	nan	0	0	0	0.001417	0.001857	0.001417	0.001857	0.028896	0.037868
46	A	39	5600	5400	0.007222	0	0	5600	6	2738	2642	0.002271	0	0	2738	0	0	0	nan	0	0	0	0.004951	0.001482	0.004951	0.001482	0.100961	0.030221
47	U	28	5605	5434	0.005153	0	0	5605	15	2739	2655	0.005650	0	0	2739	0	0	0	nan	0	0	0	-0.000497	0.001754	-0.000497	0.001754	-0.010135	0.035768
48	A	53	5611	5414	0.009789	0	0	5611	8	2743	2652	0.003017	0	0	2743	0	0	0	nan	0	0	0	0.006773	0.001716	0.006773	0.001716	0.138115	0.034993
49	C	70	5611	5358	0.013065	0	0	5611	27	2743	2618	0.010313	0	0	2743	0	0	0	nan	0	0	0	0.002751	0.002525	0.002751	0.002525	0.056098	0.051490
50	G	177	5611	5239	0.033785	0	0	5611	22	2743	2564	0.008580	0	0	2743	0	0	0	nan	0	0	0	0.025205	0.003130	0.025205	0.003130	0.513981	0.063827
51	G	137	5611	5225	0.026220	0	0	5611	21	2743	2564	0.008190	0	0	2743	0	0	0	nan	0	0	0	0.018030	0.002866	0.018030	0.002866	0.367668	0.058444
52	C	467	5612	5321	0.087765	0	0	5612	23	2742	2604	0.008833	0	0	2742	0	0	0	nan	0	0	0	0.078933	0.004459	0.078933	0.004459	1.609605	0.090928
53	A	271	5613	5372	0.050447	0	0	5613	2	2741	2628	0.000761	0	0	2741	0	0	0	nan	0	0	0	0.049686	0.003111	0.049686	0.003111	1.013199	0.063440
54	A	208	5617	5378	0.038676	0	0	5617	9	2740	2611	0.003447	0	0	2740	0	0	0	nan	0	0	0	0.035229	0.002917	0.035229	0.002917	0.718391	0.059484
55	C	40	5616	5325	0.007512	0	0	5616	14	2739	2575	0.005437	0	0	2739	0	0	0	nan	0	0	0	0.002075	0.001877	0.002075	0.001877	0.042313	0.038276
56	G	469	5613	5266	0.089062	0	0	5613	30	2738	2522	0.011895	0	0	2738	0	0	0	nan	0	0	0	0.077167	0.004651	0.077167	0.004651	1.573592	0.094843
57	U	25	5615	5275	0.004739	0	0	5615	27	2740	2536	0.010647	0	0	2740	0	0	0	nan	0	0	0	-0.005907	0.002258	-0.005907	0.002258	-0.120456	0.046045
58	A	50	5612	5210	0.009597	0	0	5612	12	2738	2521	0.004760	0	0	2738	0	0	0	nan	0	0	0	0.004837	0.001931	0.004837	0.001931	0.098636	0.039377
59	U	69	5603	4902	0.014076	0	0	5603	33	2733	2290	0.014410	0	0	2733	0	0	0	nan	0	0	0	-0.000335	0.003027	-0.000335	0.003027	-0.006831	0.061727
60	C	97	5595	4821	0.020120	0	0	5595	35	2733	2246	0.015583	0	0	2733	0	0	0	nan	0	0	0	0.004537	0.003333	0.004537	0.003333	0.092519	0.067967
61	G	125	5591	4765	0.026233	0	0	5591	26	2734	2212	0.011754	0	0	2734	0	0	0	nan	0	0	0	0.014479	0.003289	0.014479	0.003289	0.295256	0.067069
62	G	99	5585	5030	0.019682	0	0	5585	42	2733	2422	0.017341	0	0	2733	0	0	0	nan	0	0	0	0.002341	0.003328	0.002341	0.003328	0.047738	0.067865
63	G	95	5582	5024	0.018909	0	0	5582	35	2732	2401	0.014577	0	0	2732	0	0	0	nan	0	0	0	0.004332	0.003136	0.004332	0.003136	0.088338	0.063949
64	G	102	5581	5008	0.020367	0	0	5581	25	2728	2397	0.010430	0	0	2728	0	0	0	nan	0	0	0	0.009938	0.002901	0.009938	0.002901	0.202656	0.059157
65	G	184	5577	5070	0.036292	0	0	5577	21	2723	2427	0.008653	0	0	2723	0	0	0	nan	0	0	0	0.027639	0.003275	0.027639	0.003275	0.563616	0.066784
66	U	98	5571	5139	0.019070	0	0	5571	60	2719	2474	0.024252	0	0	2719	0	0	0	nan	0	0	0	-0.005182	0.003676	-0.005182	0.003676	-0.105672	0.074961
67	U	75	5560	5131	0.014617	0	0	5560	38	2712	2504	0.015176	0	0	2712	0	0	0	nan	0	0	0	-0.000559	0.002985	-0.000559	0.002985	-0.011399	0.060870
68	C	110	5515	5064	0.021722	0	0	5515	40	2693	2446	0.016353	0	0	2693	0	0	0	nan	0	0	0	0.005369	0.003313	0.005369	0.003313	0.109485	0.067559
69	G	17	5398	4408	0.003857	0	0	5398	11	2611	2178	0.005051	0	0	2611	0	0	0	nan	0	0	0	-0.001194	0.001787	-0.001194	0.001787	-0.024348	0.036441
70	A	1867	4888	2546	0.733307	0	0	4888	14	2435	838	0.016706	0	0	2435	0	0	0	nan	0	0	0	0.716601	0.017549	0.716601	0.017549	14.612954	0.357860
71	A	58	4757	2147	0.027014	0	0	4757	29	2242	732	0.039617	0	0	2242	0	0	0	nan	0	0	0	-0.012603	0.008167	-0.012603	0.008167	-0.257001	0.166542
72	U	7	4707	1650	0.004242	0	0	4707	3	2220	634	0.004732	0	0	2220	0	0	0	nan	0	0	0	-0.000489	0.003168	-0.000489	0.003168	-0.009972	0.064602
73	C	46	4630	1602	0.028714	0	0	4630	29	2164	735	0.039456	0	0	2164	0	0	0	nan	0	0	0	-0.010742	0.008462	-0.010742	0.008462	-0.219051	0.172557
74	C	24	4583	1581	0.015180	0	0	4583	13	2128	674	0.019288	0	0	2128	0	0	0	nan	0	0	0	-0.004108	0.006182	-0.004108	0.006182	-0.083770	0.126064
75	C	30	4567	1808	0.016593	0	0	4567	19	2117	693	0.027417	0	0	2117	0	0	0	nan	0	0	0	-0.010824	0.006981	-0.010824	0.006981	-0.220723	0.142357
76	C	100	4543	2411	0.041477	0	0	4543	50	2095	928	0.053879	0	0	2095	0	0	0	nan	0	0	0	-0.012403	0.008675	nan	nan	nan	nan
77	C	90	4513	2555	0.035225	0	0	4513	99	2075	931	0.106337	0	0	2075	0	0	0	nan	0	0	0	-0.071112	0.011314	nan	nan	nan	nan
78	C	17	4442	2642	0.006435	0	0	4442	6	2053	1004	0.005976	0	0	2053	0	0	0	nan	0	0	0	0.000458	0.002896	0.000458	0.002896	0.009340	0.059055
79	C	14	4376	2246	0.006233	0	0	4376	4	2034	909	0.004400	0	0	2034	0	0	0	nan	0	0	0	0.001833	0.002760	0.001833	0.002760	0.037379	0.056282
80	U	9	4325	2528	0.003560	0	0	4325	12	2025	1152	0.010417	0	0	2025	0	0	0	nan	0	0	0	-0.006857	0.003233	-0.006857	0.003233	-0.139828	0.065927
81	C	4	4309	479	0.008351	0	0	4309	0	2021	265	0.000000	0	0	2021	0	0	0	nan	0	0	0	0.008351	0.004175	nan	nan	nan	nan
82	A	38	4245	529	0.071834	0	0	4245	26	2013	284	0.091549	0	0	2013	0	0	0	nan	0	0	0	-0.019716	0.021404	nan	nan	nan	nan
83	C	14	4242	483	0.028986	0	0	4242	4	2013	255	0.015686	0	0	2013	0	0	0	nan	0	0	0	0.013299	0.011024	nan	nan	nan	nan
84	C	221	4228	3021	0.073155	0	0	4228	72	2002	1555	0.046302	0	0	2002	0	0	0	nan	0	0	0	0.026852	0.007348	0.026852	0.007348	0.547567	0.149841
85	G	28	4198	2391	0.011711	0	0	4198	6	1985	1265	0.004743	0	0	1985	0	0	0	nan	0	0	0	0.006967	0.002941	0.006967	0.002941	0.142071	0.059973
86	C	60	4178	1817	0.033021	0	0	4178	9	1975	953	0.009444	0	0	1975	0	0	0	nan	0	0	0	0.023578	0.005299	0.023578	0.005299	0.480803	0.108057
87	C	32	4171	728	0.043956	0	0	4171	0	1971	393	0.000000	0	0	1971	0	0	0	nan	0	0	0	0.043956	0.007770	nan	nan	nan	nan
88	A	0	3955	0	nan	0	0	3955	0	1903	0	nan	0	0	1903	0	0	0	nan	0	0	0	nan	nan	nan	nan	nan	nan