0.000000
0.000000
0.109930
0.409141
0.234378
0.714001
0.850000
0.000000
0.149356
0.143980
0.236851
0.117529
0.000000
0.850000
0.048704
0.444779
0.850000
0.085000
0.521000
0.850000
0.000000
0.014949
0.193773
0.000000
0.015403
0.000544
0.376022
0.000000
0.000000
0.089922
0.331537
0.234265
0.000000
0.000000
0.850000
0.504304
0.159882
0.806282
0.850000
0.000000
0.000000
0.000000
0.508364
0.119775
0.089582
0.104962
0.051222
0.000000
0.054693
0.730992
0.036658
0.000000
0.369262
0.298440
0.000000
0.000000
0.087291
0.366630
0.850000
0.027698
0.031191
0.000000
0.035320
0.136653
0.143753
0.000000
0.046481
0.000000
0.035093
0.097113
0.850000
0.019146
0.194272
0.126581
0.850000
0.850000
0.000000
