Nucleotide	Sequence	Modified_mutations	Modified_read_depth	Modified_effective_depth	Modified_rate	Modified_off_target_mapped_depth	Modified_low_mapq_mapped_depth	Modified_mapped_depth	Untreated_mutations	Untreated_read_depth	Untreated_effective_depth	Untreated_rate	Untreated_off_target_mapped_depth	Untreated_low_mapq_mapped_depth	Untreated_mapped_depth	Denatured_mutations	Denatured_read_depth	Denatured_effective_depth	Denatured_rate	Denatured_off_target_mapped_depth	Denatured_low_mapq_mapped_depth	Denatured_mapped_depth	Reactivity_profile	Std_err	HQ_profile	HQ_stderr	Norm_profile	Norm_stderr
1	C	0	7798	7583	0.000000	0	1	7798	0	5983	5801	0.000000	0	0	5983	0	0	0	nan	0	0	0	0.000000	0.000000	0.000000	0.000000	0.000000	0.000000
2	G	0	7920	7500	0.000000	0	1	7920	0	6058	5715	0.000000	0	0	6058	0	0	0	nan	0	0	0	0.000000	0.000000	0.000000	0.000000	0.000000	0.000000
3	G	371	8268	7786	0.047650	0	1	8268	59	6141	5742	0.010275	0	0	6141	0	0	0	nan	0	0	0	0.037374	0.002812	0.037374	0.002812	1.009340	0.075942
4	U	108	8382	7793	0.013859	0	1	8382	93	6161	5709	0.016290	0	0	6161	0	0	0	nan	0	0	0	-0.002431	0.002152	-0.002431	0.002152	-0.065653	0.058118
5	G	171	8404	7967	0.021464	0	1	8404	29	6174	5840	0.004966	0	0	6174	0	0	0	nan	0	0	0	0.016498	0.001883	0.016498	0.001883	0.445553	0.050853
6	A	145	8486	8082	0.017941	0	1	8486	74	6219	5914	0.012513	0	1	6219	0	0	0	nan	0	0	0	0.005428	0.002082	0.005428	0.002082	0.146591	0.056228
7	U	109	8670	8351	0.013052	0	1	8670	80	6345	6103	0.013108	0	1	6345	0	0	0	nan	0	0	0	-0.000056	0.001926	-0.000056	0.001926	-0.001512	0.052014
8	U	945	8726	8262	0.114379	0	1	8726	527	6404	6049	0.087122	0	1	6404	0	0	0	nan	0	0	0	0.027257	0.005315	nan	nan	nan	nan
9	G	147	8898	8374	0.017554	0	1	8898	53	6573	6190	0.008562	0	1	6573	0	0	0	nan	0	0	0	0.008992	0.001865	0.008992	0.001865	0.242842	0.050367
10	G	229	8958	8499	0.026944	0	1	8958	76	6590	6258	0.012144	0	1	6590	0	0	0	nan	0	0	0	0.014800	0.002261	0.014800	0.002261	0.399696	0.061062
11	C	83	9013	8588	0.009665	0	1	9013	60	6613	6347	0.009453	0	1	6613	0	0	0	nan	0	0	0	0.000211	0.001617	0.000211	0.001617	0.005698	0.043669
12	G	143	9019	8713	0.016412	0	1	9019	53	6627	6406	0.008273	0	1	6627	0	0	0	nan	0	0	0	0.008139	0.001782	0.008139	0.001782	0.219806	0.048126
13	C	66	9032	8521	0.007746	0	1	9032	41	6643	6220	0.006592	0	1	6643	0	0	0	nan	0	0	0	0.001154	0.001403	0.001154	0.001403	0.031165	0.037890
14	A	431	9040	8547	0.050427	0	1	9040	15	6648	6228	0.002408	0	1	6648	0	0	0	nan	0	0	0	0.048019	0.002507	0.048019	0.002507	1.296824	0.067705
15	G	149	9058	8537	0.017453	0	1	9058	84	6650	6206	0.013535	0	1	6650	0	0	0	nan	0	0	0	0.003918	0.002056	0.003918	0.002056	0.105811	0.055525
16	C	231	9067	8669	0.026647	0	1	9067	60	6657	6376	0.009410	0	1	6657	0	0	0	nan	0	0	0	0.017236	0.002133	0.017236	0.002133	0.465484	0.057605
17	C	986	9073	8731	0.112931	0	1	9073	56	6667	6408	0.008739	0	1	6667	0	0	0	nan	0	0	0	0.104192	0.003781	0.104192	0.003781	2.813860	0.102112
18	U	109	9096	8729	0.012487	0	1	9096	66	6706	6438	0.010252	0	1	6706	0	0	0	nan	0	0	0	0.002235	0.001739	0.002235	0.001739	0.060359	0.046964
19	G	258	9100	8717	0.029597	0	1	9100	57	6710	6437	0.008855	0	1	6710	0	0	0	nan	0	0	0	0.020742	0.002184	0.020742	0.002184	0.560169	0.058982
20	G	240	9104	8763	0.027388	0	1	9104	66	6724	6461	0.010215	0	1	6724	0	0	0	nan	0	0	0	0.017173	0.002169	0.017173	0.002169	0.463782	0.058577
21	U	102	9123	8818	0.011567	0	1	9123	111	6736	6480	0.017130	0	1	6736	0	0	0	nan	0	0	0	-0.005562	0.001989	-0.005562	0.001989	-0.150210	0.053716
22	A	9	9128	8851	0.001017	0	1	9128	7	6741	6527	0.001072	0	1	6741	0	0	0	nan	0	0	0	-0.000056	0.000528	-0.000056	0.000528	-0.001512	0.014259
23	G	156	9135	8813	0.017701	0	1	9135	75	6748	6519	0.011505	0	1	6748	0	0	0	nan	0	0	0	0.006196	0.001943	0.006196	0.001943	0.167332	0.052474
24	C	52	9138	8769	0.005930	0	1	9138	47	6750	6482	0.007251	0	1	6750	0	0	0	nan	0	0	0	-0.001321	0.001340	-0.001321	0.001340	-0.035676	0.036189
25	G	265	9138	8783	0.030172	0	1	9138	70	6751	6477	0.010807	0	1	6751	0	0	0	nan	0	0	0	0.019364	0.002259	0.019364	0.002259	0.522954	0.061008
26	C	37	9139	8783	0.004213	0	1	9139	16	6752	6500	0.002462	0	1	6752	0	0	0	nan	0	0	0	0.001751	0.000926	0.001751	0.000926	0.047288	0.025008
27	A	284	9140	8847	0.032101	0	1	9140	31	6756	6544	0.004737	0	1	6756	0	0	0	nan	0	0	0	0.027364	0.002086	0.027364	0.002086	0.739005	0.056336
28	C	174	9139	8711	0.019975	0	1	9139	91	6756	6462	0.014082	0	1	6756	0	0	0	nan	0	0	0	0.005892	0.002115	0.005892	0.002115	0.159122	0.057119
29	U	128	9152	8672	0.014760	0	1	9152	96	6766	6419	0.014956	0	1	6766	0	0	0	nan	0	0	0	-0.000195	0.002008	-0.000195	0.002008	-0.005266	0.054229
30	U	142	9168	8660	0.016397	0	1	9168	123	6779	6416	0.019171	0	2	6779	0	0	0	nan	0	0	0	-0.002774	0.002209	-0.002774	0.002209	-0.074916	0.059657
31	C	92	9173	8679	0.010600	0	1	9173	48	6789	6421	0.007475	0	2	6789	0	0	0	nan	0	0	0	0.003125	0.001545	0.003125	0.001545	0.084395	0.041725
32	G	246	9174	8644	0.028459	0	1	9174	31	6789	6396	0.004847	0	2	6789	0	0	0	nan	0	0	0	0.023612	0.002012	0.023612	0.002012	0.637677	0.054337
33	U	815	9185	8654	0.094176	0	1	9185	717	6797	6365	0.112647	0	2	6797	0	0	0	nan	0	0	0	-0.018471	0.005346	nan	nan	nan	nan
34	U	183	9239	8777	0.020850	0	1	9239	135	6825	6492	0.020795	0	3	6825	0	0	0	nan	0	0	0	0.000055	0.002362	0.000055	0.002362	0.001485	0.063789
35	C	572	9247	8806	0.064956	0	1	9247	62	6833	6499	0.009540	0	3	6833	0	0	0	nan	0	0	0	0.055416	0.002974	0.055416	0.002974	1.496591	0.080317
36	G	990	9264	8713	0.113623	0	1	9264	727	6838	6431	0.113046	0	3	6838	0	0	0	nan	0	0	0	0.000577	0.005533	nan	nan	nan	nan
37	G	104	9272	8628	0.012054	0	1	9272	8	6835	6366	0.001257	0	3	6835	0	0	0	nan	0	0	0	0.010797	0.001263	0.010797	0.001263	0.291589	0.034109
38	G	4769	9271	8483	0.562183	0	1	9271	3879	6835	6292	0.616497	0	3	6835	0	0	0	nan	0	0	0	-0.054314	0.012816	nan	nan	nan	nan
39	A	97	9406	8802	0.011020	0	1	9406	27	6889	6469	0.004174	0	4	6889	0	0	0	nan	0	0	0	0.006846	0.001377	0.006846	0.001377	0.184886	0.037188
40	C	60	9420	8914	0.006731	0	1	9420	40	6892	6543	0.006113	0	4	6892	0	0	0	nan	0	0	0	0.000618	0.001300	0.000618	0.001300	0.016690	0.035108
41	G	200	9423	9106	0.021964	0	1	9423	24	6896	6677	0.003594	0	4	6896	0	0	0	nan	0	0	0	0.018369	0.001718	0.018369	0.001718	0.496082	0.046397
42	A	77	9424	9132	0.008432	0	1	9424	16	6899	6698	0.002389	0	4	6899	0	0	0	nan	0	0	0	0.006043	0.001131	0.006043	0.001131	0.163200	0.030544
43	A	66	9423	9141	0.007220	0	1	9423	26	6894	6698	0.003882	0	4	6894	0	0	0	nan	0	0	0	0.003338	0.001170	0.003338	0.001170	0.090148	0.031598
44	G	354	9418	8990	0.039377	0	1	9418	155	6889	6584	0.023542	0	4	6889	0	0	0	nan	0	0	0	0.015835	0.002821	0.015835	0.002821	0.427648	0.076185
45	G	208	9416	8896	0.023381	0	1	9416	71	6889	6526	0.010880	0	4	6889	0	0	0	nan	0	0	0	0.012502	0.002073	0.012502	0.002073	0.337635	0.055984
46	G	218	9416	8706	0.025040	0	1	9416	68	6885	6460	0.010526	0	4	6885	0	0	0	nan	0	0	0	0.014514	0.002123	0.014514	0.002123	0.391972	0.057335
47	G	2340	9414	8859	0.264138	0	1	9414	1843	6886	6457	0.285427	0	4	6886	0	0	0	nan	0	0	0	-0.021289	0.008603	nan	nan	nan	nan
48	U	145	9426	9008	0.016097	0	1	9426	105	6905	6578	0.015962	0	4	6905	0	0	0	nan	0	0	0	0.000135	0.002053	0.000135	0.002053	0.003646	0.055444
49	C	67	9427	8946	0.007489	0	1	9427	39	6908	6570	0.005936	0	4	6908	0	0	0	nan	0	0	0	0.001553	0.001319	0.001553	0.001319	0.041941	0.035622
50	G	169	9430	8881	0.019029	0	1	9430	86	6908	6540	0.013150	0	4	6908	0	0	0	nan	0	0	0	0.005880	0.002038	0.005880	0.002038	0.158798	0.055039
51	G	88	9429	8857	0.009936	0	1	9429	40	6906	6511	0.006143	0	4	6906	0	0	0	nan	0	0	0	0.003792	0.001437	0.003792	0.001437	0.102409	0.038808
52	A	80	9425	8956	0.008933	0	1	9425	32	6905	6559	0.004879	0	4	6905	0	0	0	nan	0	0	0	0.004054	0.001320	0.004054	0.001320	0.109484	0.035649
53	G	200	9423	9026	0.022158	0	1	9423	83	6905	6610	0.012557	0	4	6905	0	0	0	nan	0	0	0	0.009601	0.002087	0.009601	0.002087	0.259289	0.056363
54	G	268	9422	8973	0.029867	0	1	9422	59	6904	6573	0.008976	0	4	6904	0	0	0	nan	0	0	0	0.020891	0.002167	0.020891	0.002167	0.564192	0.058523
55	U	188	9422	9000	0.020889	0	1	9422	156	6904	6585	0.023690	0	4	6904	0	0	0	nan	0	0	0	-0.002801	0.002433	-0.002801	0.002433	-0.075645	0.065707
56	U	138	9421	9043	0.015260	0	1	9421	116	6906	6607	0.017557	0	4	6906	0	0	0	nan	0	0	0	-0.002297	0.002084	-0.002297	0.002084	-0.062034	0.056282
57	C	104	9421	9006	0.011548	0	1	9421	84	6905	6583	0.012760	0	4	6905	0	0	0	nan	0	0	0	-0.001212	0.001795	-0.001212	0.001795	-0.032732	0.048477
58	G	30	9419	8976	0.003342	0	1	9419	28	6905	6573	0.004260	0	4	6905	0	0	0	nan	0	0	0	-0.000918	0.001010	-0.000918	0.001010	-0.024792	0.027277
59	A	1453	9418	8726	0.166514	0	1	9418	15	6901	6395	0.002346	0	4	6901	0	0	0	nan	0	0	0	0.164168	0.004410	0.164168	0.004410	4.433601	0.119099
60	A	103	9417	8762	0.011755	0	1	9417	45	6899	6421	0.007008	0	4	6899	0	0	0	nan	0	0	0	0.004747	0.001560	0.004747	0.001560	0.128200	0.042130
61	U	64	9414	8676	0.007377	0	1	9414	92	6896	6355	0.014477	0	4	6896	0	0	0	nan	0	0	0	-0.007100	0.001769	-0.007100	0.001769	-0.191746	0.047774
62	C	46	9406	8717	0.005277	0	1	9406	39	6894	6414	0.006080	0	4	6894	0	0	0	nan	0	0	0	-0.000803	0.001246	-0.000803	0.001246	-0.021686	0.033650
63	C	30	9405	8716	0.003442	0	1	9405	21	6893	6388	0.003287	0	3	6893	0	0	0	nan	0	0	0	0.000155	0.000954	0.000155	0.000954	0.004186	0.025764
64	U	67	9403	8739	0.007667	0	1	9403	62	6879	6421	0.009656	0	3	6879	0	0	0	nan	0	0	0	-0.001989	0.001543	-0.001989	0.001543	-0.053716	0.041671
65	C	53	9401	8887	0.005964	0	1	9401	47	6878	6475	0.007259	0	3	6878	0	0	0	nan	0	0	0	-0.001295	0.001339	-0.001295	0.001339	-0.034973	0.036162
66	U	39	9397	8932	0.004366	0	1	9397	51	6874	6524	0.007817	0	3	6874	0	0	0	nan	0	0	0	-0.003451	0.001299	-0.003451	0.001299	-0.093199	0.035081
67	A	35	9396	8981	0.003897	0	1	9396	54	6872	6517	0.008286	0	3	6872	0	0	0	nan	0	0	0	-0.004389	0.001306	-0.004389	0.001306	-0.118531	0.035270
68	U	108	9391	8767	0.012319	0	1	9391	87	6862	6393	0.013609	0	2	6862	0	0	0	nan	0	0	0	-0.001290	0.001880	-0.001290	0.001880	-0.034838	0.050772
69	C	25	9382	8493	0.002944	0	1	9382	32	6856	6198	0.005163	0	2	6856	0	0	0	nan	0	0	0	-0.002219	0.001086	-0.002219	0.001086	-0.059927	0.029329
70	A	111	9373	8442	0.013149	0	1	9373	118	6851	6181	0.019091	0	2	6851	0	0	0	nan	0	0	0	-0.005942	0.002155	-0.005942	0.002155	-0.160473	0.058199
71	C	99	9369	8310	0.011913	0	1	9369	61	6848	6104	0.009993	0	2	6848	0	0	0	nan	0	0	0	0.001920	0.001752	0.001920	0.001752	0.051852	0.047315
72	C	88	9358	8392	0.010486	0	1	9358	42	6841	6127	0.006855	0	2	6841	0	0	0	nan	0	0	0	0.003631	0.001539	0.003631	0.001539	0.098061	0.041563
73	G	366	9348	7724	0.047385	0	1	9348	71	6838	5558	0.012774	0	2	6838	0	0	0	nan	0	0	0	0.034610	0.002904	0.034610	0.002904	0.934694	0.078427
74	A	921	9336	7866	0.117086	0	1	9336	99	6833	5690	0.017399	0	2	6833	0	0	0	nan	0	0	0	0.099687	0.004236	0.099687	0.004236	2.692196	0.114399
75	C	665	9322	7946	0.083690	0	1	9322	40	6828	5712	0.007003	0	2	6828	0	0	0	nan	0	0	0	0.076687	0.003429	0.076687	0.003429	2.071046	0.092605
76	C	284	9284	8251	0.034420	0	1	9284	10	6794	6180	0.001618	0	2	6794	0	0	0	nan	0	0	0	0.032802	0.002106	0.032802	0.002106	0.885867	0.056876
77	A	0	8845	0	nan	0	0	8845	0	6613	0	nan	0	2	6613	0	0	0	nan	0	0	0	nan	nan	nan	nan	nan	nan