0.000000
0.000000
0.850000
0.098388
0.850000
0.241281
0.780197
0.000000
0.242212
0.451414
0.066437
0.419400
0.046689
0.741439
0.144113
0.669222
0.000000
0.034744
0.630881
0.740251
0.000000
0.037184
0.306755
0.007032
0.850000
0.027326
0.850000
0.157150
0.019395
0.097264
0.178633
0.529604
0.000000
0.013840
0.850000
0.000000
0.381701
0.000000
0.063836
0.005106
0.015734
0.134031
0.850000
0.147389
0.401417
0.449776
0.000000
0.000000
0.112677
0.147068
0.121636
0.098933
0.382568
0.716136
0.000000
0.000000
0.093250
0.000000
0.850000
0.183706
0.000000
0.021482
0.022124
0.000000
0.000000
0.000000
0.000000
0.000000
0.014546
0.641157
0.026556
0.052790
0.850000
0.850000
0.850000
0.850000
0.000000
