Nucleotide	Sequence	Modified_mutations	Modified_read_depth	Modified_effective_depth	Modified_rate	Modified_off_target_mapped_depth	Modified_low_mapq_mapped_depth	Modified_mapped_depth	Untreated_mutations	Untreated_read_depth	Untreated_effective_depth	Untreated_rate	Untreated_off_target_mapped_depth	Untreated_low_mapq_mapped_depth	Untreated_mapped_depth	Denatured_mutations	Denatured_read_depth	Denatured_effective_depth	Denatured_rate	Denatured_off_target_mapped_depth	Denatured_low_mapq_mapped_depth	Denatured_mapped_depth	Reactivity_profile	Std_err	HQ_profile	HQ_stderr	Norm_profile	Norm_stderr
1	G	0	2809	2695	0.000000	0	0	2809	0	3950	3787	0.000000	0	0	3950	0	0	0	nan	0	0	0	0.000000	0.000000	0.000000	0.000000	0.000000	0.000000
2	G	0	2921	2776	0.000000	0	0	2921	0	4032	3828	0.000000	0	0	4032	0	0	0	nan	0	0	0	0.000000	0.000000	0.000000	0.000000	0.000000	0.000000
3	U	38	3055	2893	0.013135	0	0	3055	32	4078	3861	0.008288	0	0	4078	0	0	0	nan	0	0	0	0.004847	0.002586	0.004847	0.002586	0.116200	0.061996
4	G	61	3076	2952	0.020664	0	0	3076	13	4088	3901	0.003332	0	0	4088	0	0	0	nan	0	0	0	0.017331	0.002803	0.017331	0.002803	0.415487	0.067198
5	A	28	3109	2962	0.009453	0	0	3109	10	4103	3888	0.002572	0	0	4103	0	0	0	nan	0	0	0	0.006881	0.001963	0.006881	0.001963	0.164963	0.047060
6	G	92	3128	2965	0.031029	0	0	3128	34	4111	3893	0.008734	0	0	4111	0	0	0	nan	0	0	0	0.022295	0.003565	0.022295	0.003565	0.534492	0.085466
7	G	113	3155	2945	0.038370	0	0	3155	31	4129	3887	0.007975	0	0	4129	0	0	0	nan	0	0	0	0.030395	0.003883	0.030395	0.003883	0.728678	0.093090
8	U	776	3214	3019	0.257039	0	0	3214	1075	4195	3976	0.270372	0	0	4195	0	0	0	nan	0	0	0	-0.013333	0.012375	nan	nan	nan	nan
9	G	54	3343	3158	0.017099	0	0	3343	33	4288	4091	0.008066	0	0	4288	0	0	0	nan	0	0	0	0.009033	0.002718	0.009033	0.002718	0.216554	0.065160
10	G	205	3383	3210	0.063863	0	0	3383	53	4305	4120	0.012864	0	0	4305	0	0	0	nan	0	0	0	0.050999	0.004798	0.050999	0.004798	1.222631	0.115025
11	C	44	3431	3281	0.013411	0	0	3431	42	4324	4168	0.010077	0	0	4324	0	0	0	nan	0	0	0	0.003334	0.002550	0.003334	0.002550	0.079928	0.061133
12	C	35	3463	3353	0.010438	0	0	3463	42	4337	4207	0.009983	0	0	4337	0	0	0	nan	0	0	0	0.000455	0.002342	0.000455	0.002342	0.010908	0.056146
13	G	35	3485	3368	0.010392	0	0	3485	17	4350	4201	0.004047	0	0	4350	0	0	0	nan	0	0	0	0.006345	0.002012	0.006345	0.002012	0.152113	0.048235
14	A	90	3514	3415	0.026354	0	0	3514	30	4367	4226	0.007099	0	0	4367	0	0	0	nan	0	0	0	0.019255	0.003065	0.019255	0.003065	0.461612	0.073479
15	G	79	3569	3444	0.022938	0	0	3569	19	4381	4213	0.004510	0	0	4381	0	0	0	nan	0	0	0	0.018429	0.002780	0.018429	0.002780	0.441810	0.066647
16	A	155	3618	3496	0.044336	0	0	3618	17	4392	4225	0.004024	0	0	4392	0	0	0	nan	0	0	0	0.040313	0.003692	0.040313	0.003692	0.966449	0.088511
17	G	128	3665	3517	0.036395	0	0	3665	64	4399	4217	0.015177	0	0	4399	0	0	0	nan	0	0	0	0.021218	0.003735	0.021218	0.003735	0.508672	0.089542
18	G	111	3708	3603	0.030808	0	0	3708	47	4415	4284	0.010971	0	0	4415	0	0	0	nan	0	0	0	0.019837	0.003333	0.019837	0.003333	0.475565	0.079904
19	C	264	3788	3683	0.071681	0	0	3788	45	4443	4327	0.010400	0	0	4443	0	0	0	nan	0	0	0	0.061281	0.004676	0.061281	0.004676	1.469128	0.112101
20	U	40	3971	3858	0.010368	0	0	3971	48	4480	4381	0.010956	0	0	4480	0	0	0	nan	0	0	0	-0.000588	0.002278	-0.000588	0.002278	-0.014096	0.054612
21	G	63	4042	3867	0.016292	0	0	4042	16	4517	4320	0.003704	0	0	4517	0	0	0	nan	0	0	0	0.012588	0.002252	0.012588	0.002252	0.301780	0.053989
22	A	68	4324	4088	0.016634	0	0	4324	8	4577	4268	0.001874	0	0	4577	0	0	0	nan	0	0	0	0.014760	0.002123	0.014760	0.002123	0.353851	0.050896
23	A	478	4419	4162	0.114849	0	0	4419	16	4592	4273	0.003744	0	0	4592	0	0	0	nan	0	0	0	0.111104	0.005336	0.111104	0.005336	2.663566	0.127923
24	G	76	4842	4570	0.016630	0	0	4842	50	4610	4341	0.011518	0	0	4610	0	0	0	nan	0	0	0	0.005112	0.002508	0.005112	0.002508	0.122553	0.060126
25	G	148	4895	4679	0.031631	0	0	4895	51	4623	4428	0.011518	0	0	4623	0	0	0	nan	0	0	0	0.020113	0.003060	0.020113	0.003060	0.482182	0.073359
26	C	79	4984	4775	0.016545	0	0	4984	24	4631	4425	0.005424	0	0	4631	0	0	0	nan	0	0	0	0.011121	0.002166	0.011121	0.002166	0.266611	0.051927
27	G	150	4993	4828	0.031069	0	0	4993	74	4633	4464	0.016577	0	0	4633	0	0	0	nan	0	0	0	0.014492	0.003186	0.014492	0.003186	0.347426	0.076380
28	C	47	5000	4821	0.009749	0	0	5000	37	4638	4465	0.008287	0	0	4638	0	0	0	nan	0	0	0	0.001462	0.001969	0.001462	0.001969	0.035049	0.047204
29	U	62	5048	4862	0.012752	0	0	5048	54	4683	4514	0.011963	0	0	4683	0	0	0	nan	0	0	0	0.000789	0.002296	0.000789	0.002296	0.018915	0.055043
30	C	126	5068	4797	0.026266	0	0	5068	48	4718	4506	0.010652	0	0	4718	0	0	0	nan	0	0	0	0.015614	0.002800	0.015614	0.002800	0.374324	0.067126
31	C	67	5117	4816	0.013912	0	0	5117	64	4825	4578	0.013980	0	0	4825	0	0	0	nan	0	0	0	-0.000068	0.002438	-0.000068	0.002438	-0.001630	0.058448
32	C	12	5135	4794	0.002503	0	0	5135	50	4885	4634	0.010790	0	0	4885	0	0	0	nan	0	0	0	-0.008287	0.001688	-0.008287	0.001688	-0.198669	0.040467
33	C	3746	5148	4835	0.774767	0	0	5148	482	4927	4700	0.102553	0	0	4927	0	0	0	nan	0	0	0	0.672214	0.013493	nan	nan	nan	nan
34	U	27	5313	5030	0.005368	0	0	5313	20	5120	4895	0.004086	0	0	5120	0	0	0	nan	0	0	0	0.001282	0.001379	0.001282	0.001379	0.030734	0.033060
35	G	91	5332	5055	0.018002	0	0	5332	45	5155	4884	0.009214	0	0	5155	0	0	0	nan	0	0	0	0.008788	0.002334	0.008788	0.002334	0.210680	0.055954
36	C	214	5452	5179	0.041321	0	0	5452	40	5226	4927	0.008119	0	0	5226	0	0	0	nan	0	0	0	0.033202	0.003103	0.033202	0.003103	0.795972	0.074390
37	U	54	5642	5324	0.010143	0	0	5642	40	5353	4984	0.008026	0	0	5353	0	0	0	nan	0	0	0	0.002117	0.001875	0.002117	0.001875	0.050752	0.044951
38	A	265	5690	5427	0.048830	0	0	5690	255	5410	5093	0.050069	0	0	5410	0	0	0	nan	0	0	0	-0.001239	0.004339	nan	nan	nan	nan
39	A	134	5864	5607	0.023899	0	0	5864	26	5586	5286	0.004919	0	0	5586	0	0	0	nan	0	0	0	0.018980	0.002279	0.018980	0.002279	0.455019	0.054636
40	G	171	5916	5641	0.030314	0	0	5916	66	5597	5338	0.012364	0	0	5597	0	0	0	nan	0	0	0	0.017950	0.002773	0.017950	0.002773	0.430327	0.066479
41	G	199	5932	5599	0.035542	0	0	5932	77	5603	5312	0.014495	0	0	5603	0	0	0	nan	0	0	0	0.021047	0.003013	0.021047	0.003013	0.504573	0.072233
42	G	190	5936	5635	0.033718	0	0	5936	15	5602	5343	0.002807	0	0	5602	0	0	0	nan	0	0	0	0.030910	0.002551	0.030910	0.002551	0.741025	0.061157
43	A	54	5939	5700	0.009474	0	0	5939	20	5602	5371	0.003724	0	0	5602	0	0	0	nan	0	0	0	0.005750	0.001535	0.005750	0.001535	0.137848	0.036800
44	G	360	5941	5751	0.062598	0	0	5941	39	5602	5413	0.007205	0	0	5602	0	0	0	nan	0	0	0	0.055393	0.003495	0.055393	0.003495	1.327971	0.083788
45	U	35	5953	5771	0.006065	0	0	5953	31	5611	5423	0.005716	0	0	5611	0	0	0	nan	0	0	0	0.000348	0.001451	0.000348	0.001451	0.008343	0.034786
46	A	36	5957	5765	0.006245	0	0	5957	19	5614	5438	0.003494	0	0	5614	0	0	0	nan	0	0	0	0.002751	0.001314	0.002751	0.001314	0.065951	0.031501
47	U	46	5969	5703	0.008066	0	0	5969	45	5624	5419	0.008304	0	0	5624	0	0	0	nan	0	0	0	-0.000238	0.001717	-0.000238	0.001717	-0.005706	0.041163
48	G	243	5975	5627	0.043185	0	0	5975	64	5632	5354	0.011954	0	0	5632	0	0	0	nan	0	0	0	0.031231	0.003148	0.031231	0.003148	0.748720	0.075469
49	C	64	5987	5609	0.011410	0	0	5987	68	5639	5325	0.012770	0	0	5639	0	0	0	nan	0	0	0	-0.001360	0.002105	-0.001360	0.002105	-0.032604	0.050464
50	G	147	5988	5579	0.026349	0	0	5988	60	5640	5313	0.011293	0	0	5640	0	0	0	nan	0	0	0	0.015056	0.002617	0.015056	0.002617	0.360947	0.062739
51	G	289	5990	5614	0.051478	0	0	5990	54	5645	5319	0.010152	0	0	5645	0	0	0	nan	0	0	0	0.041326	0.003328	0.041326	0.003328	0.990734	0.079784
52	U	89	6023	5736	0.015516	0	0	6023	98	5660	5420	0.018081	0	0	5660	0	0	0	nan	0	0	0	-0.002565	0.002458	-0.002565	0.002458	-0.061492	0.058927
53	C	85	6029	5849	0.014532	0	0	6029	41	5661	5513	0.007437	0	0	5661	0	0	0	nan	0	0	0	0.007095	0.001958	0.007095	0.001958	0.170093	0.046940
54	A	267	6058	5950	0.044874	0	0	6058	12	5676	5590	0.002147	0	0	5676	0	0	0	nan	0	0	0	0.042727	0.002815	0.042727	0.002815	1.024321	0.067486
55	A	130	6063	5934	0.021908	0	0	6063	12	5681	5575	0.002152	0	0	5681	0	0	0	nan	0	0	0	0.019755	0.002019	0.019755	0.002019	0.473599	0.048403
56	A	238	6070	5820	0.040893	0	1	6070	13	5684	5506	0.002361	0	0	5684	0	0	0	nan	0	0	0	0.038532	0.002730	0.038532	0.002730	0.923752	0.065448
57	A	308	6075	5764	0.053435	0	1	6075	13	5685	5456	0.002383	0	0	5685	0	0	0	nan	0	0	0	0.051052	0.003116	0.051052	0.003116	1.223902	0.074702
58	G	103	6077	5749	0.017916	0	1	6077	60	5684	5419	0.011072	0	0	5684	0	0	0	nan	0	0	0	0.006844	0.002271	0.006844	0.002271	0.164076	0.054444
59	C	71	6081	5781	0.012282	0	1	6081	55	5685	5424	0.010140	0	0	5685	0	0	0	nan	0	0	0	0.002141	0.001998	0.002141	0.001998	0.051328	0.047899
60	U	38	6089	5723	0.006640	0	1	6089	37	5690	5372	0.006888	0	0	5690	0	0	0	nan	0	0	0	-0.000248	0.001563	-0.000248	0.001563	-0.005945	0.037471
61	G	171	6097	5708	0.029958	0	1	6097	55	5692	5328	0.010323	0	0	5692	0	0	0	nan	0	0	0	0.019635	0.002681	0.019635	0.002681	0.470722	0.064273
62	C	24	6101	5713	0.004201	0	1	6101	23	5695	5319	0.004324	0	0	5695	0	0	0	nan	0	0	0	-0.000123	0.001244	-0.000123	0.001244	-0.002949	0.029823
63	A	81	6104	5813	0.013934	0	1	6104	38	5701	5396	0.007042	0	0	5701	0	0	0	nan	0	0	0	0.006892	0.001924	0.006892	0.001924	0.165226	0.046125
64	U	105	6114	5821	0.018038	0	1	6114	117	5704	5434	0.021531	0	0	5704	0	0	0	nan	0	0	0	-0.003493	0.002657	-0.003493	0.002657	-0.083740	0.063698
65	C	124	6112	5603	0.022131	0	1	6112	73	5701	5191	0.014063	0	0	5701	0	0	0	nan	0	0	0	0.008068	0.002580	0.008068	0.002580	0.193419	0.061852
66	C	84	6116	5522	0.015212	0	1	6116	69	5710	5096	0.013540	0	0	5710	0	0	0	nan	0	0	0	0.001672	0.002326	0.001672	0.002326	0.040084	0.055763
67	G	95	6112	5417	0.017537	0	1	6112	64	5706	4993	0.012818	0	0	5706	0	0	0	nan	0	0	0	0.004719	0.002409	0.004719	0.002409	0.113132	0.057752
68	G	110	6107	5521	0.019924	0	1	6107	76	5706	5113	0.014864	0	0	5706	0	0	0	nan	0	0	0	0.005060	0.002553	0.005060	0.002553	0.121307	0.061205
69	G	100	6104	5507	0.018159	0	1	6104	72	5708	5142	0.014002	0	0	5708	0	0	0	nan	0	0	0	0.004156	0.002454	0.004156	0.002454	0.099634	0.058831
70	G	181	6101	5549	0.032618	0	1	6101	45	5708	5182	0.008684	0	0	5708	0	0	0	nan	0	0	0	0.023935	0.002748	0.023935	0.002748	0.573809	0.065880
71	U	82	6102	5625	0.014578	0	1	6102	144	5710	5285	0.027247	0	0	5710	0	0	0	nan	0	0	0	-0.012669	0.002783	-0.012669	0.002783	-0.303722	0.066719
72	U	99	6104	5704	0.017356	0	1	6104	98	5709	5372	0.018243	0	0	5709	0	0	0	nan	0	0	0	-0.000886	0.002537	-0.000886	0.002537	-0.021241	0.060821
73	C	122	6101	5745	0.021236	0	1	6101	61	5708	5420	0.011255	0	0	5708	0	0	0	nan	0	0	0	0.009981	0.002403	0.009981	0.002403	0.239281	0.057609
74	G	19	6100	5641	0.003368	0	1	6100	33	5703	5342	0.006177	0	0	5703	0	0	0	nan	0	0	0	-0.002809	0.001324	-0.002809	0.001324	-0.067342	0.031741
75	A	3215	6096	5439	0.591101	0	1	6096	30	5702	5007	0.005992	0	0	5702	0	0	0	nan	0	0	0	0.585110	0.010482	0.585110	0.010482	14.027210	0.251292
76	A	86	6096	5506	0.015619	0	1	6096	98	5701	5024	0.019506	0	0	5701	0	0	0	nan	0	0	0	-0.003887	0.002592	-0.003887	0.002592	-0.093185	0.062140
77	U	39	6091	5530	0.007052	0	1	6091	53	5699	5048	0.010499	0	0	5699	0	0	0	nan	0	0	0	-0.003447	0.001832	-0.003447	0.001832	-0.082637	0.043920
78	C	31	6089	5516	0.005620	0	1	6089	45	5698	5170	0.008704	0	0	5698	0	0	0	nan	0	0	0	-0.003084	0.001644	-0.003084	0.001644	-0.073935	0.039413
79	C	29	6086	5386	0.005384	0	1	6086	19	5694	5063	0.003753	0	0	5694	0	0	0	nan	0	0	0	0.001632	0.001319	0.001632	0.001319	0.039125	0.031621
80	C	36	6086	5176	0.006955	0	1	6086	45	5694	4874	0.009233	0	0	5694	0	0	0	nan	0	0	0	-0.002277	0.001799	-0.002277	0.001799	-0.054588	0.043129
81	C	58	6082	5216	0.011120	0	1	6082	56	5690	4941	0.011334	0	0	5690	0	0	0	nan	0	0	0	-0.000214	0.002104	-0.000214	0.002104	-0.005130	0.050441
82	G	156	6078	5332	0.029257	0	1	6078	75	5665	5046	0.014863	0	0	5665	0	0	0	nan	0	0	0	0.014394	0.002904	0.014394	0.002904	0.345076	0.069619
83	C	22	6077	5606	0.003924	0	1	6077	15	5664	5271	0.002846	0	0	5664	0	0	0	nan	0	0	0	0.001079	0.001114	0.001079	0.001114	0.025868	0.026707
84	C	22	6076	5704	0.003857	0	1	6076	21	5664	5319	0.003948	0	0	5664	0	0	0	nan	0	0	0	-0.000091	0.001191	-0.000091	0.001191	-0.002182	0.028553
85	U	58	6070	5699	0.010177	0	1	6070	48	5658	5330	0.009006	0	0	5658	0	0	0	nan	0	0	0	0.001172	0.001864	0.001172	0.001864	0.028097	0.044687
86	C	17	6065	5138	0.003309	0	1	6065	9	5658	4896	0.001838	0	0	5658	0	0	0	nan	0	0	0	0.001470	0.001010	0.001470	0.001010	0.035241	0.024213
87	A	48	6059	5140	0.009339	0	1	6059	39	5655	4898	0.007962	0	0	5655	0	0	0	nan	0	0	0	0.001376	0.001855	0.001376	0.001855	0.032988	0.044471
88	C	55	6057	4564	0.012051	0	1	6057	28	5649	4298	0.006515	0	0	5649	0	0	0	nan	0	0	0	0.005536	0.002039	0.005536	0.002039	0.132718	0.048882
89	C	163	6057	4583	0.035566	0	1	6057	124	5647	4017	0.030869	0	0	5647	0	0	0	nan	0	0	0	0.004697	0.003930	0.004697	0.003930	0.112604	0.094216
90	G	244	6041	4512	0.054078	0	1	6041	49	5637	3934	0.012456	0	0	5637	0	0	0	nan	0	0	0	0.041622	0.003892	0.041622	0.003892	0.997830	0.093305
91	C	161	6036	4873	0.033039	0	1	6036	34	5636	4351	0.007814	0	0	5636	0	0	0	nan	0	0	0	0.025225	0.002928	0.025225	0.002928	0.604735	0.070195
92	C	237	6025	5175	0.045797	0	1	6025	4	5631	4889	0.000818	0	0	5631	0	0	0	nan	0	0	0	0.044979	0.003003	0.044979	0.003003	1.078310	0.071993
93	A	0	5875	0	nan	0	1	5875	0	5560	0	nan	0	0	5560	0	0	0	nan	0	0	0	nan	nan	nan	nan	nan	nan