0.000000
0.000000
0.250508
0.850000
0.221068
0.048009
0.126618
0.000000
0.850000
0.837979
0.011283
0.000000
0.014048
0.367973
0.179708
0.039640
0.048009
0.222861
0.442509
0.049354
0.111300
0.212736
0.195811
0.850000
0.000000
0.850000
0.000000
0.000000
0.088210
0.850000
0.283461
0.000000
0.110590
0.075321
0.012964
0.850000
0.229399
0.000000
0.000000
0.064000
0.056715
0.182137
0.632305
0.000000
0.000000
0.000000
0.009228
0.086753
0.850000
0.000000
0.125385
0.107115
0.580709
0.000000
0.094898
0.008070
0.000000
0.850000
0.000000
0.000000
0.000000
0.000000
0.025593
0.022081
0.000000
0.000000
0.154714
0.777043
0.097663
0.000000
0.050924
0.000000
0.000000
0.850000
0.561057
0.000000
