0.000000
0.000000
0.009784
0.206284
0.311372
0.322368
0.493407
0.000000
0.000000
0.169657
0.221482
0.265750
0.366468
0.734740
0.646175
0.850000
0.428894
0.459938
0.850000
0.115464
0.850000
0.155728
0.850000
0.292819
0.334437
0.850000
0.850000
0.377295
0.040997
0.127419
0.850000
0.212121
0.306043
0.000000
0.246238
0.130154
0.279313
0.000000
0.850000
0.004709
0.018694
0.001015
0.587414
0.000000
0.099392
0.306297
0.000000
0.198699
0.850000
0.000000
0.598241
0.409467
0.361195
0.027632
0.000000
0.106892
0.300122
0.496622
0.222356
0.093584
0.093443
0.450070
0.000000
0.007077
0.079880
0.180174
0.850000
0.133594
0.000000
0.000000
0.004878
0.000000
0.000000
0.222864
0.000000
0.000000
0.000000
0.046298
0.000000
0.000000
0.000000
0.365424
0.850000
0.850000
0.000000
