0.000000
0.000000
0.129552
0.850000
0.024538
0.014889
0.039743
0.000000
0.850000
0.043949
0.020737
0.002924
0.048649
0.386429
0.138121
0.731562
0.000000
0.255977
0.184431
0.850000
0.104114
0.063381
0.158566
0.638695
0.043769
0.076359
0.046378
0.000000
0.026113
0.502755
0.036729
0.000000
0.000000
0.429095
0.850000
0.850000
0.850000
0.850000
0.399339
0.037786
0.097366
0.207598
0.536268
0.103551
0.122489
0.000000
0.018331
0.057421
0.016037
0.105868
0.026023
0.250287
0.376037
0.000000
0.000000
0.070129
0.000000
0.850000
0.000000
0.003779
0.000000
0.000000
0.073997
0.006860
0.000000
0.026698
0.044376
0.437035
0.039833
0.000000
0.042937
0.000000
0.815546
0.850000
0.850000
0.000000
