Nucleotide	Sequence	Modified_mutations	Modified_read_depth	Modified_effective_depth	Modified_rate	Modified_off_target_mapped_depth	Modified_low_mapq_mapped_depth	Modified_mapped_depth	Untreated_mutations	Untreated_read_depth	Untreated_effective_depth	Untreated_rate	Untreated_off_target_mapped_depth	Untreated_low_mapq_mapped_depth	Untreated_mapped_depth	Denatured_mutations	Denatured_read_depth	Denatured_effective_depth	Denatured_rate	Denatured_off_target_mapped_depth	Denatured_low_mapq_mapped_depth	Denatured_mapped_depth	Reactivity_profile	Std_err	HQ_profile	HQ_stderr
1	G	0	523	490	0.000000	0	0	523	0	351	333	0.000000	0	0	351	0	0	0	nan	0	0	0	0.000000	0.000000	nan	nan
2	G	0	551	516	0.000000	0	0	551	0	362	340	0.000000	0	0	362	0	0	0	nan	0	0	0	0.000000	0.000000	nan	nan
3	A	3	570	538	0.005576	0	0	570	2	365	343	0.005831	0	0	365	0	0	0	nan	0	0	0	-0.000255	0.005231	nan	nan
4	G	26	572	551	0.047187	0	0	572	1	367	352	0.002841	0	0	367	0	0	0	nan	0	0	0	0.044346	0.009680	nan	nan
5	A	6	578	547	0.010969	0	0	578	1	368	349	0.002865	0	0	368	0	0	0	nan	0	0	0	0.008104	0.005316	nan	nan
6	G	22	585	562	0.039146	0	0	585	1	369	353	0.002833	0	0	369	0	0	0	nan	0	0	0	0.036313	0.008814	nan	nan
7	A	10	602	580	0.017241	0	0	602	5	375	355	0.014085	0	0	375	0	0	0	nan	0	0	0	0.003157	0.008331	nan	nan
8	U	196	608	569	0.344464	0	0	608	141	377	356	0.396067	0	0	377	0	0	0	nan	0	0	0	-0.051603	0.041448	nan	nan
9	G	20	623	591	0.033841	0	0	623	4	401	382	0.010471	0	0	401	0	0	0	nan	0	0	0	0.023370	0.009202	nan	nan
10	C	15	633	599	0.025042	0	0	633	4	408	386	0.010363	0	0	408	0	0	0	nan	0	0	0	0.014679	0.008286	nan	nan
11	C	7	634	607	0.011532	0	0	634	2	414	396	0.005051	0	0	414	0	0	0	nan	0	0	0	0.006482	0.005635	nan	nan
12	G	13	636	613	0.021207	0	0	636	1	415	398	0.002513	0	0	415	0	0	0	nan	0	0	0	0.018695	0.006396	nan	nan
13	G	15	640	597	0.025126	0	0	640	2	415	384	0.005208	0	0	415	0	0	0	nan	0	0	0	0.019917	0.007460	nan	nan
14	A	19	647	599	0.031720	0	0	647	3	416	388	0.007732	0	0	416	0	0	0	nan	0	0	0	0.023988	0.008537	nan	nan
15	G	23	652	606	0.037954	0	0	652	1	417	389	0.002571	0	0	417	0	0	0	nan	0	0	0	0.035383	0.008321	nan	nan
16	C	35	664	638	0.054859	0	0	664	6	418	404	0.014851	0	0	418	0	0	0	nan	0	0	0	0.040007	0.011079	nan	nan
17	G	27	668	642	0.042056	0	0	668	11	419	401	0.027431	0	0	419	0	0	0	nan	0	0	0	0.014625	0.011572	nan	nan
18	G	43	672	651	0.066052	0	0	672	3	420	408	0.007353	0	0	420	0	0	0	nan	0	0	0	0.058699	0.010931	nan	nan
19	C	41	681	657	0.062405	0	0	681	3	423	409	0.007335	0	0	423	0	0	0	nan	0	0	0	0.055070	0.010626	nan	nan
20	U	6	689	667	0.008996	0	0	689	6	427	414	0.014493	0	0	427	0	0	0	nan	0	0	0	-0.005497	0.006964	nan	nan
21	G	11	698	640	0.017188	0	0	698	1	428	384	0.002604	0	0	428	0	0	0	nan	0	0	0	0.014583	0.005800	nan	nan
22	A	22	719	615	0.035772	0	0	719	1	434	355	0.002817	0	0	434	0	0	0	nan	0	0	0	0.032955	0.008130	nan	nan
23	A	94	738	638	0.147335	0	0	738	5	437	361	0.013850	0	0	437	0	0	0	nan	0	0	0	0.133485	0.016410	nan	nan
24	C	13	803	719	0.018081	0	0	803	1	438	378	0.002646	0	0	438	0	0	0	nan	0	0	0	0.015435	0.005670	nan	nan
25	G	19	812	765	0.024837	0	0	812	10	438	413	0.024213	0	0	438	0	0	0	nan	0	0	0	0.000624	0.009544	nan	nan
26	G	20	823	766	0.026110	0	0	823	3	441	414	0.007246	0	0	441	0	0	0	nan	0	0	0	0.018863	0.007183	nan	nan
27	A	215	826	778	0.276350	0	0	826	4	444	421	0.009501	0	0	444	0	0	0	nan	0	0	0	0.266848	0.019436	nan	nan
28	C	7	839	802	0.008728	0	0	839	2	444	422	0.004739	0	0	444	0	0	0	nan	0	0	0	0.003989	0.004703	nan	nan
29	C	8	842	796	0.010050	0	0	842	4	446	427	0.009368	0	0	446	0	0	0	nan	0	0	0	0.000683	0.005879	nan	nan
30	G	12	844	783	0.015326	0	0	844	9	448	421	0.021378	0	0	448	0	0	0	nan	0	0	0	-0.006052	0.008388	nan	nan
31	G	34	845	783	0.043423	0	0	845	4	448	419	0.009547	0	0	448	0	0	0	nan	0	0	0	0.033876	0.008845	nan	nan
32	U	12	848	787	0.015248	0	0	848	20	452	423	0.047281	0	0	452	0	0	0	nan	0	0	0	-0.032034	0.011452	nan	nan
33	C	16	848	800	0.020000	0	0	848	7	455	432	0.016204	0	0	455	0	0	0	nan	0	0	0	0.003796	0.007906	nan	nan
34	U	8	862	832	0.009615	0	0	862	4	463	451	0.008869	0	0	463	0	0	0	nan	0	0	0	0.000746	0.005588	nan	nan
35	C	68	863	833	0.081633	0	0	863	6	466	447	0.013423	0	0	466	0	0	0	nan	0	0	0	0.068210	0.011315	nan	nan
36	G	13	863	828	0.015700	0	0	863	3	470	446	0.006726	0	0	470	0	0	0	nan	0	0	0	0.008974	0.005835	nan	nan
37	A	11	868	816	0.013480	0	0	868	1	476	446	0.002242	0	0	476	0	0	0	nan	0	0	0	0.011238	0.004642	nan	nan
38	A	53	870	807	0.065675	0	0	870	30	480	441	0.068027	0	0	480	0	0	0	nan	0	0	0	-0.002352	0.015351	nan	nan
39	A	8	876	743	0.010767	0	0	876	0	493	395	0.000000	0	0	493	0	0	0	nan	0	0	0	0.010767	0.003807	nan	nan
40	A	5	884	758	0.006596	0	0	884	1	493	396	0.002525	0	0	493	0	0	0	nan	0	0	0	0.004071	0.003883	nan	nan
41	C	4	886	770	0.005195	0	0	886	4	494	403	0.009926	0	0	494	0	0	0	nan	0	0	0	-0.004731	0.005601	nan	nan
42	C	8	886	839	0.009535	0	0	886	5	495	470	0.010638	0	0	495	0	0	0	nan	0	0	0	-0.001103	0.005831	nan	nan
43	G	27	886	825	0.032727	0	0	886	0	495	467	0.000000	0	0	495	0	0	0	nan	0	0	0	0.032727	0.006298	nan	nan
44	G	32	886	828	0.038647	0	0	886	3	495	468	0.006410	0	0	495	0	0	0	nan	0	0	0	0.032237	0.007770	nan	nan
45	A	31	885	837	0.037037	0	0	885	1	495	465	0.002151	0	0	495	0	0	0	nan	0	0	0	0.034886	0.006991	nan	nan
46	G	39	885	838	0.046539	0	0	885	4	495	465	0.008602	0	0	495	0	0	0	nan	0	0	0	0.037937	0.008604	nan	nan
47	U	8	888	848	0.009434	0	0	888	5	497	469	0.010661	0	0	497	0	0	0	nan	0	0	0	-0.001227	0.005819	nan	nan
48	A	5	887	836	0.005981	0	0	887	2	497	465	0.004301	0	0	497	0	0	0	nan	0	0	0	0.001680	0.004050	nan	nan
49	G	41	888	819	0.050061	0	0	888	8	497	458	0.017467	0	0	497	0	0	0	nan	0	0	0	0.032594	0.009963	nan	nan
50	G	17	889	808	0.021040	0	0	889	8	497	453	0.017660	0	0	497	0	0	0	nan	0	0	0	0.003380	0.008064	nan	nan
51	G	24	888	803	0.029888	0	0	888	7	497	455	0.015385	0	0	497	0	0	0	nan	0	0	0	0.014503	0.008428	nan	nan
52	G	31	886	829	0.037394	0	0	886	4	497	467	0.008565	0	0	497	0	0	0	nan	0	0	0	0.028829	0.007965	nan	nan
53	C	75	886	837	0.089606	0	0	886	2	498	471	0.004246	0	0	498	0	0	0	nan	0	0	0	0.085359	0.010774	nan	nan
54	A	37	886	820	0.045122	0	0	886	0	498	460	0.000000	0	0	498	0	0	0	nan	0	0	0	0.045122	0.007418	nan	nan
55	A	38	886	820	0.046341	0	0	886	3	498	451	0.006652	0	0	498	0	0	0	nan	0	0	0	0.039690	0.008442	nan	nan
56	C	4	886	815	0.004908	0	0	886	2	498	447	0.004474	0	0	498	0	0	0	nan	0	0	0	0.000434	0.004004	nan	nan
57	U	3	888	838	0.003580	0	0	888	2	499	465	0.004301	0	0	499	0	0	0	nan	0	0	0	-0.000721	0.003677	nan	nan
58	C	12	888	831	0.014440	0	0	888	2	499	471	0.004246	0	0	499	0	0	0	nan	0	0	0	0.010194	0.005137	nan	nan
59	U	7	887	832	0.008413	0	0	887	0	500	473	0.000000	0	0	500	0	0	0	nan	0	0	0	0.008413	0.003180	nan	nan
60	A	12	887	832	0.014423	0	0	887	1	500	473	0.002114	0	0	500	0	0	0	nan	0	0	0	0.012309	0.004670	nan	nan
61	C	16	884	775	0.020645	0	0	884	3	500	449	0.006682	0	0	500	0	0	0	nan	0	0	0	0.013964	0.006444	nan	nan
62	C	15	880	766	0.019582	0	0	880	5	497	441	0.011338	0	0	497	0	0	0	nan	0	0	0	0.008244	0.007161	nan	nan
63	G	19	877	737	0.025780	0	0	877	7	497	423	0.016548	0	0	497	0	0	0	nan	0	0	0	0.009232	0.008608	nan	nan
64	G	14	877	766	0.018277	0	0	877	9	495	433	0.020785	0	0	495	0	0	0	nan	0	0	0	-0.002508	0.008477	nan	nan
65	G	16	876	763	0.020970	0	0	876	5	495	434	0.011521	0	0	495	0	0	0	nan	0	0	0	0.009449	0.007350	nan	nan
66	G	19	877	762	0.024934	0	0	877	7	495	438	0.015982	0	0	495	0	0	0	nan	0	0	0	0.008953	0.008319	nan	nan
67	G	58	877	759	0.076416	0	0	877	5	495	429	0.011655	0	0	495	0	0	0	nan	0	0	0	0.064761	0.011307	nan	nan
68	U	8	877	767	0.010430	0	0	877	5	494	438	0.011416	0	0	494	0	0	0	nan	0	0	0	-0.000985	0.006298	nan	nan
69	U	16	876	766	0.020888	0	0	876	8	495	431	0.018561	0	0	495	0	0	0	nan	0	0	0	0.002326	0.008387	nan	nan
70	C	35	875	769	0.045514	0	0	875	6	495	446	0.013453	0	0	495	0	0	0	nan	0	0	0	0.032061	0.009452	nan	nan
71	A	22	875	759	0.028986	0	0	875	3	494	438	0.006849	0	0	494	0	0	0	nan	0	0	0	0.022136	0.007337	nan	nan
72	A	349	874	767	0.455020	0	0	874	3	493	426	0.007042	0	0	493	0	0	0	nan	0	0	0	0.447977	0.024694	nan	nan
73	A	15	872	773	0.019405	0	0	872	6	490	429	0.013986	0	0	490	0	0	0	nan	0	0	0	0.005419	0.007596	nan	nan
74	U	6	871	750	0.008000	0	0	871	4	490	421	0.009501	0	0	490	0	0	0	nan	0	0	0	-0.001501	0.005765	nan	nan
75	C	3	869	638	0.004702	0	0	869	2	489	364	0.005495	0	0	489	0	0	0	nan	0	0	0	-0.000792	0.004740	nan	nan
76	C	3	869	583	0.005146	0	0	869	3	488	337	0.008902	0	0	488	0	0	0	nan	0	0	0	-0.003756	0.005937	nan	nan
77	C	0	868	577	0.000000	0	0	868	0	488	325	0.000000	0	0	488	0	0	0	nan	0	0	0	0.000000	0.000000	nan	nan
78	C	4	868	679	0.005891	0	0	868	3	488	385	0.007792	0	0	488	0	0	0	nan	0	0	0	-0.001901	0.005377	nan	nan
79	C	2	867	714	0.002801	0	0	867	1	486	400	0.002500	0	0	486	0	0	0	nan	0	0	0	0.000301	0.003190	nan	nan
80	U	3	866	775	0.003871	0	0	866	3	486	438	0.006849	0	0	486	0	0	0	nan	0	0	0	-0.002978	0.004542	nan	nan
81	C	1	866	769	0.001300	0	0	866	1	485	425	0.002353	0	0	485	0	0	0	nan	0	0	0	-0.001053	0.002688	nan	nan
82	U	5	865	795	0.006289	0	0	865	1	485	437	0.002288	0	0	485	0	0	0	nan	0	0	0	0.004001	0.003626	nan	nan
83	C	3	864	786	0.003817	0	0	864	1	485	435	0.002299	0	0	485	0	0	0	nan	0	0	0	0.001518	0.003184	nan	nan
84	U	9	864	811	0.011097	0	0	864	4	485	455	0.008791	0	0	485	0	0	0	nan	0	0	0	0.002306	0.005745	nan	nan
85	C	4	864	754	0.005305	0	0	864	7	485	413	0.016949	0	0	485	0	0	0	nan	0	0	0	-0.011644	0.006934	nan	nan
86	C	42	864	701	0.059914	0	0	864	16	484	395	0.040506	0	0	484	0	0	0	nan	0	0	0	0.019408	0.013712	nan	nan
87	G	58	861	682	0.085044	0	0	861	7	483	385	0.018182	0	0	483	0	0	0	nan	0	0	0	0.066862	0.013112	nan	nan
88	C	30	860	705	0.042553	0	0	860	2	483	414	0.004831	0	0	483	0	0	0	nan	0	0	0	0.037722	0.008487	nan	nan
89	C	22	857	647	0.034003	0	0	857	1	483	361	0.002770	0	0	483	0	0	0	nan	0	0	0	0.031233	0.007761	nan	nan
90	A	0	831	0	nan	0	0	831	0	476	0	nan	0	0	476	0	0	0	nan	0	0	0	nan	nan	nan	nan