Nucleotide	Sequence	Modified_mutations	Modified_read_depth	Modified_effective_depth	Modified_rate	Modified_off_target_mapped_depth	Modified_low_mapq_mapped_depth	Modified_mapped_depth	Untreated_mutations	Untreated_read_depth	Untreated_effective_depth	Untreated_rate	Untreated_off_target_mapped_depth	Untreated_low_mapq_mapped_depth	Untreated_mapped_depth	Denatured_mutations	Denatured_read_depth	Denatured_effective_depth	Denatured_rate	Denatured_off_target_mapped_depth	Denatured_low_mapq_mapped_depth	Denatured_mapped_depth	Reactivity_profile	Std_err	HQ_profile	HQ_stderr	Norm_profile	Norm_stderr
1	G	0	505	496	0.000000	0	0	505	0	1448	1420	0.000000	0	0	1448	0	0	0	nan	0	0	0	0.000000	0.000000	nan	nan	nan	nan
2	C	0	539	522	0.000000	0	0	539	0	1484	1426	0.000000	0	0	1484	0	0	0	nan	0	0	0	0.000000	0.000000	0.000000	0.000000	0.000000	0.000000
3	G	18	544	532	0.033835	0	0	544	11	1491	1445	0.007612	0	0	1491	0	0	0	nan	0	0	0	0.026222	0.008299	0.026222	0.008299	1.268970	0.401616
4	C	3	552	534	0.005618	0	0	552	10	1495	1437	0.006959	0	0	1495	0	0	0	nan	0	0	0	-0.001341	0.003920	-0.001341	0.003920	-0.064895	0.189702
5	C	5	553	538	0.009294	0	0	553	14	1500	1445	0.009689	0	0	1500	0	0	0	nan	0	0	0	-0.000395	0.004897	-0.000395	0.004897	-0.019115	0.236982
6	C	4	557	535	0.007477	0	0	557	5	1505	1445	0.003460	0	0	1505	0	0	0	nan	0	0	0	0.004016	0.004046	0.004016	0.004046	0.194348	0.195799
7	G	9	557	532	0.016917	0	0	557	10	1508	1446	0.006916	0	0	1508	0	0	0	nan	0	0	0	0.010002	0.006048	0.010002	0.006048	0.484030	0.292683
8	U	84	580	544	0.154412	0	0	580	218	1574	1483	0.146999	0	0	1574	0	0	0	nan	0	0	0	0.007412	0.019570	nan	nan	nan	nan
9	A	23	594	562	0.040925	0	0	594	2	1607	1521	0.001315	0	0	1607	0	0	0	nan	0	0	0	0.039610	0.008584	0.039610	0.008584	1.916860	0.415408
10	G	13	617	586	0.022184	0	0	617	17	1615	1522	0.011170	0	0	1615	0	0	0	nan	0	0	0	0.011015	0.006723	0.011015	0.006723	0.533053	0.325348
11	C	5	626	603	0.008292	0	0	626	13	1627	1556	0.008355	0	0	1627	0	0	0	nan	0	0	0	-0.000063	0.004373	-0.000063	0.004373	-0.003049	0.211624
12	U	3	666	635	0.004724	0	0	666	20	1688	1601	0.012492	0	0	1688	0	0	0	nan	0	0	0	-0.007768	0.003904	-0.007768	0.003904	-0.375919	0.188928
13	C	2	671	611	0.003273	0	0	671	5	1702	1544	0.003238	0	0	1702	0	0	0	nan	0	0	0	0.000035	0.002730	0.000035	0.002730	0.001694	0.132114
14	A	14	685	625	0.022400	0	0	685	2	1749	1596	0.001253	0	0	1749	0	0	0	nan	0	0	0	0.021147	0.006052	0.021147	0.006052	1.023374	0.292877
15	G	6	687	628	0.009554	0	0	687	15	1749	1600	0.009375	0	0	1749	0	0	0	nan	0	0	0	0.000179	0.004591	0.000179	0.004591	0.008662	0.222174
16	C	16	698	666	0.024024	0	0	698	18	1765	1650	0.010909	0	0	1765	0	0	0	nan	0	0	0	0.013115	0.006533	0.013115	0.006533	0.634679	0.316154
17	U	4	698	664	0.006024	0	0	698	22	1773	1649	0.013341	0	0	1773	0	0	0	nan	0	0	0	-0.007317	0.004143	-0.007317	0.004143	-0.354094	0.200494
18	G	11	700	665	0.016541	0	0	700	23	1776	1646	0.013973	0	0	1776	0	0	0	nan	0	0	0	0.002568	0.005776	0.002568	0.005776	0.124274	0.279520
19	G	4	704	672	0.005952	0	0	704	10	1783	1693	0.005907	0	0	1783	0	0	0	nan	0	0	0	0.000046	0.003514	0.000046	0.003514	0.002226	0.170054
20	A	17	708	682	0.024927	0	0	708	17	1789	1723	0.009867	0	0	1789	0	0	0	nan	0	0	0	0.015060	0.006502	0.015060	0.006502	0.728804	0.314654
21	U	2	710	690	0.002899	0	0	710	17	1795	1743	0.009753	0	0	1795	0	0	0	nan	0	0	0	-0.006855	0.003130	-0.006855	0.003130	-0.331736	0.151471
22	A	4	713	693	0.005772	0	0	713	3	1799	1729	0.001735	0	0	1799	0	0	0	nan	0	0	0	0.004037	0.003055	0.004037	0.003055	0.195364	0.147842
23	G	6	716	657	0.009132	0	0	716	10	1801	1584	0.006313	0	0	1801	0	0	0	nan	0	0	0	0.002819	0.004229	0.002819	0.004229	0.136421	0.204655
24	A	7	715	652	0.010736	0	0	715	8	1802	1573	0.005086	0	0	1802	0	0	0	nan	0	0	0	0.005650	0.004438	0.005650	0.004438	0.273422	0.214770
25	G	20	715	647	0.030912	0	0	715	13	1799	1560	0.008333	0	0	1799	0	0	0	nan	0	0	0	0.022579	0.007288	0.022579	0.007288	1.092673	0.352691
26	C	4	715	674	0.005935	0	0	715	13	1799	1680	0.007738	0	0	1799	0	0	0	nan	0	0	0	-0.001803	0.003662	-0.001803	0.003662	-0.087253	0.177216
27	G	10	715	680	0.014706	0	0	715	17	1799	1695	0.010029	0	0	1799	0	0	0	nan	0	0	0	0.004676	0.005248	0.004676	0.005248	0.226287	0.253968
28	C	7	715	672	0.010417	0	0	715	13	1799	1692	0.007683	0	0	1799	0	0	0	nan	0	0	0	0.002733	0.004477	0.002733	0.004477	0.132259	0.216657
29	U	3	715	674	0.004451	0	0	715	23	1800	1693	0.013585	0	0	1800	0	0	0	nan	0	0	0	-0.009134	0.003825	-0.009134	0.003825	-0.442025	0.185105
30	G	17	715	665	0.025564	0	0	715	27	1798	1679	0.016081	0	0	1798	0	0	0	nan	0	0	0	0.009483	0.006930	0.009483	0.006930	0.458914	0.335366
31	C	24	716	673	0.035661	0	0	716	28	1798	1689	0.016578	0	0	1798	0	0	0	nan	0	0	0	0.019083	0.007925	0.019083	0.007925	0.923490	0.383517
32	C	6	716	664	0.009036	0	0	716	17	1798	1694	0.010035	0	0	1798	0	0	0	nan	0	0	0	-0.000999	0.004420	-0.000999	0.004420	-0.048345	0.213899
33	C	438	714	660	0.663636	0	0	714	109	1797	1673	0.065152	0	0	1797	0	0	0	nan	0	0	0	0.598484	0.032318	nan	nan	nan	nan
34	U	9	723	671	0.013413	0	0	723	16	1800	1690	0.009467	0	0	1800	0	0	0	nan	0	0	0	0.003945	0.005059	0.003945	0.005059	0.190912	0.244822
35	C	14	729	688	0.020349	0	0	729	11	1800	1702	0.006463	0	0	1800	0	0	0	nan	0	0	0	0.013886	0.005777	0.013886	0.005777	0.671990	0.279568
36	C	18	743	700	0.025714	0	0	743	42	1802	1685	0.024926	0	0	1802	0	0	0	nan	0	0	0	0.000788	0.007178	0.000788	0.007178	0.038134	0.347367
37	G	14	745	695	0.020144	0	0	745	2	1803	1653	0.001210	0	0	1803	0	0	0	nan	0	0	0	0.018934	0.005451	0.018934	0.005451	0.916280	0.263792
38	G	323	747	699	0.462089	0	0	747	709	1803	1650	0.429697	0	0	1803	0	0	0	nan	0	0	0	0.032392	0.030356	nan	nan	nan	nan
39	A	3	755	718	0.004178	0	0	755	0	1808	1673	0.000000	0	0	1808	0	0	0	nan	0	0	0	0.004178	0.002412	0.004178	0.002412	0.202187	0.116725
40	G	13	757	716	0.018156	0	0	757	18	1807	1692	0.010638	0	0	1807	0	0	0	nan	0	0	0	0.007518	0.005625	0.007518	0.005625	0.363821	0.272213
41	G	19	759	720	0.026389	0	0	759	21	1807	1697	0.012375	0	0	1807	0	0	0	nan	0	0	0	0.014014	0.006629	0.014014	0.006629	0.678184	0.320799
42	C	1	759	718	0.001393	0	0	759	12	1806	1698	0.007067	0	0	1806	0	0	0	nan	0	0	0	-0.005674	0.002470	-0.005674	0.002470	-0.274584	0.119532
43	A	10	759	732	0.013661	0	0	759	10	1806	1707	0.005858	0	0	1806	0	0	0	nan	0	0	0	0.007803	0.004701	0.007803	0.004701	0.377613	0.227497
44	G	23	759	733	0.031378	0	0	759	10	1802	1696	0.005896	0	0	1802	0	0	0	nan	0	0	0	0.025482	0.006803	0.025482	0.006803	1.233159	0.329220
45	A	10	759	727	0.013755	0	0	759	18	1801	1683	0.010695	0	0	1801	0	0	0	nan	0	0	0	0.003060	0.005027	0.003060	0.005027	0.148084	0.243273
46	G	9	757	710	0.012676	0	0	757	18	1799	1646	0.010936	0	0	1799	0	0	0	nan	0	0	0	0.001740	0.004949	0.001740	0.004949	0.084204	0.239499
47	G	144	756	692	0.208092	0	0	756	367	1800	1617	0.226964	0	0	1800	0	0	0	nan	0	0	0	-0.018871	0.021002	nan	nan	nan	nan
48	U	21	766	697	0.030129	0	0	766	49	1806	1616	0.030322	0	0	1806	0	0	0	nan	0	0	0	-0.000193	0.007873	-0.000193	0.007873	-0.009340	0.381001
49	C	5	769	705	0.007092	0	0	769	5	1808	1635	0.003058	0	0	1808	0	0	0	nan	0	0	0	0.004034	0.003454	0.004034	0.003454	0.195219	0.167151
50	U	11	772	728	0.015110	0	0	772	15	1811	1694	0.008855	0	0	1811	0	0	0	nan	0	0	0	0.006255	0.005097	0.006255	0.005097	0.302700	0.246661
51	C	5	770	734	0.006812	0	0	770	8	1809	1713	0.004670	0	0	1809	0	0	0	nan	0	0	0	0.002142	0.003465	0.002142	0.003465	0.103659	0.167683
52	A	8	771	741	0.010796	0	0	771	6	1807	1721	0.003486	0	0	1807	0	0	0	nan	0	0	0	0.007310	0.004074	0.007310	0.004074	0.353755	0.197154
53	G	14	771	731	0.019152	0	0	771	21	1807	1682	0.012485	0	0	1807	0	0	0	nan	0	0	0	0.006667	0.005798	0.006667	0.005798	0.322638	0.280585
54	G	11	771	714	0.015406	0	0	771	22	1807	1654	0.013301	0	0	1807	0	0	0	nan	0	0	0	0.002105	0.005442	0.002105	0.005442	0.101868	0.263357
55	U	14	769	711	0.019691	0	0	769	61	1807	1645	0.037082	0	0	1807	0	0	0	nan	0	0	0	-0.017391	0.007088	-0.017391	0.007088	-0.841609	0.343012
56	U	18	769	715	0.025175	0	0	769	36	1807	1653	0.021779	0	0	1807	0	0	0	nan	0	0	0	0.003396	0.006956	0.003396	0.006956	0.164344	0.336624
57	C	7	769	725	0.009655	0	0	769	25	1806	1658	0.015078	0	0	1806	0	0	0	nan	0	0	0	-0.005423	0.004734	-0.005423	0.004734	-0.262437	0.229094
58	G	2	769	715	0.002797	0	0	769	5	1804	1662	0.003008	0	0	1804	0	0	0	nan	0	0	0	-0.000211	0.002392	-0.000211	0.002392	-0.010211	0.115757
59	A	312	769	706	0.441926	0	0	769	2	1804	1630	0.001227	0	0	1804	0	0	0	nan	0	0	0	0.440699	0.025034	0.440699	0.025034	21.326897	1.211479
60	A	4	768	710	0.005634	0	0	768	21	1804	1637	0.012828	0	0	1804	0	0	0	nan	0	0	0	-0.007195	0.003971	-0.007195	0.003971	-0.348190	0.192170
61	U	5	768	712	0.007022	0	0	768	15	1801	1614	0.009294	0	0	1801	0	0	0	nan	0	0	0	-0.002271	0.003952	-0.002271	0.003952	-0.109901	0.191250
62	C	6	767	718	0.008357	0	0	767	14	1797	1626	0.008610	0	0	1797	0	0	0	nan	0	0	0	-0.000254	0.004115	-0.000254	0.004115	-0.012292	0.199139
63	C	7	766	717	0.009763	0	0	766	13	1797	1616	0.008045	0	0	1797	0	0	0	nan	0	0	0	0.001718	0.004312	0.001718	0.004312	0.083140	0.208672
64	U	7	765	711	0.009845	0	0	765	21	1794	1588	0.013224	0	0	1794	0	0	0	nan	0	0	0	-0.003379	0.004709	-0.003379	0.004709	-0.163521	0.227884
65	G	23	763	702	0.032764	0	0	763	21	1790	1590	0.013208	0	0	1790	0	0	0	nan	0	0	0	0.019556	0.007415	0.019556	0.007415	0.946380	0.358837
66	U	19	763	710	0.026761	0	0	763	38	1787	1611	0.023588	0	0	1787	0	0	0	nan	0	0	0	0.003173	0.007234	0.003173	0.007234	0.153552	0.350077
67	C	9	763	723	0.012448	0	0	763	28	1785	1635	0.017125	0	0	1785	0	0	0	nan	0	0	0	-0.004677	0.005262	-0.004677	0.005262	-0.226336	0.254646
68	G	12	763	710	0.016901	0	0	763	17	1784	1622	0.010481	0	0	1784	0	0	0	nan	0	0	0	0.006421	0.005502	0.006421	0.005502	0.310734	0.266260
69	G	19	763	703	0.027027	0	0	763	23	1782	1591	0.014456	0	0	1782	0	0	0	nan	0	0	0	0.012571	0.006894	0.012571	0.006894	0.608353	0.333624
70	G	32	762	708	0.045198	0	0	762	29	1780	1617	0.017934	0	0	1780	0	0	0	nan	0	0	0	0.027263	0.008656	0.027263	0.008656	1.319348	0.418893
71	C	8	762	714	0.011204	0	0	762	12	1780	1631	0.007357	0	0	1780	0	0	0	nan	0	0	0	0.003847	0.004495	0.003847	0.004495	0.186169	0.217528
72	G	23	762	710	0.032394	0	0	762	24	1780	1652	0.014528	0	0	1780	0	0	0	nan	0	0	0	0.017867	0.007377	0.017867	0.007377	0.864644	0.356998
73	C	11	762	701	0.015692	0	0	762	17	1780	1627	0.010449	0	0	1780	0	0	0	nan	0	0	0	0.005243	0.005367	0.005243	0.005367	0.253726	0.259727
74	G	9	762	699	0.012876	0	0	762	24	1780	1639	0.014643	0	0	1780	0	0	0	nan	0	0	0	-0.001768	0.005230	-0.001768	0.005230	-0.085559	0.253097
75	C	11	761	693	0.015873	0	0	761	2	1780	1619	0.001235	0	0	1780	0	0	0	nan	0	0	0	0.014638	0.004865	0.014638	0.004865	0.708382	0.235434
76	C	6	761	673	0.008915	0	0	761	1	1780	1554	0.000644	0	0	1780	0	0	0	nan	0	0	0	0.008272	0.003696	0.008272	0.003696	0.400310	0.178862
77	A	0	757	0	nan	0	0	757	0	1757	0	nan	0	0	1757	0	0	0	nan	0	0	0	nan	nan	nan	nan	nan	nan