Nucleotide	Sequence	Modified_mutations	Modified_read_depth	Modified_effective_depth	Modified_rate	Modified_off_target_mapped_depth	Modified_low_mapq_mapped_depth	Modified_mapped_depth	Untreated_mutations	Untreated_read_depth	Untreated_effective_depth	Untreated_rate	Untreated_off_target_mapped_depth	Untreated_low_mapq_mapped_depth	Untreated_mapped_depth	Denatured_mutations	Denatured_read_depth	Denatured_effective_depth	Denatured_rate	Denatured_off_target_mapped_depth	Denatured_low_mapq_mapped_depth	Denatured_mapped_depth	Reactivity_profile	Std_err	HQ_profile	HQ_stderr
1	G	0	117	111	0.000000	0	0	117	0	23	23	0.000000	0	0	23	0	0	0	nan	0	0	0	0.000000	0.000000	nan	nan
2	G	0	124	118	0.000000	0	0	124	0	23	23	0.000000	0	0	23	0	0	0	nan	0	0	0	0.000000	0.000000	nan	nan
3	A	1	133	130	0.007692	0	0	133	0	24	24	0.000000	0	0	24	0	0	0	nan	0	0	0	0.007692	0.007692	nan	nan
4	A	2	133	133	0.015038	0	0	133	0	24	24	0.000000	0	0	24	0	0	0	nan	0	0	0	0.015038	0.010633	nan	nan
5	G	4	138	136	0.029412	0	0	138	1	24	24	0.041667	0	0	24	0	0	0	nan	0	0	0	-0.012255	0.044186	nan	nan
6	A	2	143	140	0.014286	0	0	143	0	24	24	0.000000	0	0	24	0	0	0	nan	0	0	0	0.014286	0.010102	nan	nan
7	U	0	153	147	0.000000	0	0	153	0	25	25	0.000000	0	0	25	0	0	0	nan	0	0	0	0.000000	0.000000	nan	nan
8	C	1	154	149	0.006711	0	0	154	0	25	25	0.000000	0	0	25	0	0	0	nan	0	0	0	0.006711	0.006711	nan	nan
9	G	10	156	151	0.066225	0	0	156	1	25	25	0.040000	0	0	25	0	0	0	nan	0	0	0	0.026225	0.045151	nan	nan
10	U	5	166	163	0.030675	0	0	166	2	25	25	0.080000	0	0	25	0	0	0	nan	0	0	0	-0.049325	0.058208	nan	nan
11	C	5	166	163	0.030675	0	0	166	0	25	25	0.000000	0	0	25	0	0	0	nan	0	0	0	0.030675	0.013718	nan	nan
12	G	23	168	164	0.140244	0	0	168	2	25	25	0.080000	0	0	25	0	0	0	nan	0	0	0	0.060244	0.063680	nan	nan
13	U	5	172	169	0.029586	0	0	172	0	25	25	0.000000	0	0	25	0	0	0	nan	0	0	0	0.029586	0.013231	nan	nan
14	C	0	173	161	0.000000	0	0	173	0	27	27	0.000000	0	0	27	0	0	0	nan	0	0	0	0.000000	0.000000	nan	nan
15	U	2	181	168	0.011905	0	0	181	0	29	28	0.000000	0	0	29	0	0	0	nan	0	0	0	0.011905	0.008418	nan	nan
16	C	5	183	169	0.029586	0	0	183	0	29	28	0.000000	0	0	29	0	0	0	nan	0	0	0	0.029586	0.013231	nan	nan
17	C	5	194	177	0.028249	0	0	194	1	32	32	0.031250	0	0	32	0	0	0	nan	0	0	0	-0.003001	0.033707	nan	nan
18	G	6	195	179	0.033520	0	0	195	1	32	30	0.033333	0	0	32	0	0	0	nan	0	0	0	0.000186	0.036033	nan	nan
19	G	5	197	181	0.027624	0	0	197	1	32	30	0.033333	0	0	32	0	0	0	nan	0	0	0	-0.005709	0.035549	nan	nan
20	U	3	212	205	0.014634	0	0	212	0	33	31	0.000000	0	0	33	0	0	0	nan	0	0	0	0.014634	0.008449	nan	nan
21	G	5	224	200	0.025000	0	0	224	0	37	32	0.000000	0	0	37	0	0	0	nan	0	0	0	0.025000	0.011180	nan	nan
22	A	3	226	197	0.015228	0	0	226	0	38	33	0.000000	0	0	38	0	0	0	nan	0	0	0	0.015228	0.008792	nan	nan
23	G	12	227	194	0.061856	0	0	227	0	38	33	0.000000	0	0	38	0	0	0	nan	0	0	0	0.061856	0.017856	nan	nan
24	G	12	233	210	0.057143	0	0	233	0	38	37	0.000000	0	0	38	0	0	0	nan	0	0	0	0.057143	0.016496	nan	nan
25	C	2	237	212	0.009434	0	0	237	0	38	38	0.000000	0	0	38	0	0	0	nan	0	0	0	0.009434	0.006671	nan	nan
26	G	9	238	219	0.041096	0	0	238	0	38	37	0.000000	0	0	38	0	0	0	nan	0	0	0	0.041096	0.013699	nan	nan
27	G	4	241	214	0.018692	0	0	241	0	38	34	0.000000	0	0	38	0	0	0	nan	0	0	0	0.018692	0.009346	nan	nan
28	C	1	243	217	0.004608	0	0	243	0	38	35	0.000000	0	0	38	0	0	0	nan	0	0	0	0.004608	0.004608	nan	nan
29	U	2	244	219	0.009132	0	0	244	0	39	37	0.000000	0	0	39	0	0	0	nan	0	0	0	0.009132	0.006458	nan	nan
30	G	2	249	229	0.008734	0	0	249	0	39	39	0.000000	0	0	39	0	0	0	nan	0	0	0	0.008734	0.006176	nan	nan
31	G	7	253	203	0.034483	0	0	253	1	41	30	0.033333	0	0	41	0	0	0	nan	0	0	0	0.001149	0.035791	nan	nan
32	A	3	258	209	0.014354	0	0	258	0	41	30	0.000000	0	0	41	0	0	0	nan	0	0	0	0.014354	0.008287	nan	nan
33	C	6	261	210	0.028571	0	0	261	0	41	30	0.000000	0	0	41	0	0	0	nan	0	0	0	0.028571	0.011664	nan	nan
34	U	3	266	243	0.012346	0	0	266	1	49	44	0.022727	0	0	49	0	0	0	nan	0	0	0	-0.010382	0.023819	nan	nan
35	U	3	272	242	0.012397	0	0	272	1	63	55	0.018182	0	0	63	0	0	0	nan	0	0	0	-0.005785	0.019540	nan	nan
36	C	17	276	250	0.068000	0	0	276	2	70	64	0.031250	0	0	70	0	0	0	nan	0	0	0	0.036750	0.027573	nan	nan
37	A	2	284	261	0.007663	0	0	284	0	73	71	0.000000	0	0	73	0	0	0	nan	0	0	0	0.007663	0.005418	nan	nan
38	A	1	287	275	0.003636	0	0	287	1	73	73	0.013699	0	0	73	0	0	0	nan	0	0	0	-0.010062	0.014173	nan	nan
39	A	16	288	270	0.059259	0	0	288	0	75	74	0.000000	0	0	75	0	0	0	nan	0	0	0	0.059259	0.014815	nan	nan
40	U	3	291	259	0.011583	0	0	291	0	76	69	0.000000	0	0	76	0	0	0	nan	0	0	0	0.011583	0.006687	nan	nan
41	C	1	292	256	0.003906	0	0	292	1	77	67	0.014925	0	0	77	0	0	0	nan	0	0	0	-0.011019	0.015428	nan	nan
42	C	1	303	272	0.003676	0	0	303	1	85	75	0.013333	0	0	85	0	0	0	nan	0	0	0	-0.009657	0.013831	nan	nan
43	A	2	304	278	0.007194	0	0	304	0	88	84	0.000000	0	0	88	0	0	0	nan	0	0	0	0.007194	0.005087	nan	nan
44	G	20	304	278	0.071942	0	0	304	2	88	86	0.023256	0	0	88	0	0	0	nan	0	0	0	0.048687	0.023004	nan	nan
45	U	7	304	272	0.025735	0	0	304	2	90	87	0.022989	0	0	90	0	0	0	nan	0	0	0	0.002747	0.018943	nan	nan
46	U	1	304	266	0.003759	0	0	304	0	90	83	0.000000	0	0	90	0	0	0	nan	0	0	0	0.003759	0.003759	nan	nan
47	G	8	306	266	0.030075	0	0	306	1	91	83	0.012048	0	0	91	0	0	0	nan	0	0	0	0.018027	0.016069	nan	nan
48	G	9	306	270	0.033333	0	0	306	2	91	84	0.023810	0	0	91	0	0	0	nan	0	0	0	0.009524	0.020172	nan	nan
49	G	16	306	281	0.056940	0	0	306	1	91	86	0.011628	0	0	91	0	0	0	nan	0	0	0	0.045312	0.018380	nan	nan
50	G	9	307	288	0.031250	0	0	307	1	91	89	0.011236	0	0	91	0	0	0	nan	0	0	0	0.020014	0.015322	nan	nan
51	C	2	308	290	0.006897	0	0	308	1	91	90	0.011111	0	0	91	0	0	0	nan	0	0	0	-0.004215	0.012134	nan	nan
52	C	2	308	274	0.007299	0	0	308	0	91	86	0.000000	0	0	91	0	0	0	nan	0	0	0	0.007299	0.005161	nan	nan
53	G	11	309	278	0.039568	0	0	309	1	91	86	0.011628	0	0	91	0	0	0	nan	0	0	0	0.027940	0.016660	nan	nan
54	C	16	309	275	0.058182	0	0	309	0	91	82	0.000000	0	0	91	0	0	0	nan	0	0	0	0.058182	0.014545	nan	nan
55	C	17	308	271	0.062731	0	0	308	1	91	78	0.012821	0	0	91	0	0	0	nan	0	0	0	0.049910	0.019896	nan	nan
56	A	8	309	262	0.030534	0	0	309	0	91	75	0.000000	0	0	91	0	0	0	nan	0	0	0	0.030534	0.010796	nan	nan
57	G	13	309	261	0.049808	0	0	309	2	91	77	0.025974	0	0	91	0	0	0	nan	0	0	0	0.023834	0.022982	nan	nan
58	C	5	309	276	0.018116	0	0	309	0	91	84	0.000000	0	0	91	0	0	0	nan	0	0	0	0.018116	0.008102	nan	nan
59	G	10	309	276	0.036232	0	0	309	1	91	83	0.012048	0	0	91	0	0	0	nan	0	0	0	0.024184	0.016626	nan	nan
60	G	16	308	275	0.058182	0	0	308	0	91	79	0.000000	0	0	91	0	0	0	nan	0	0	0	0.058182	0.014545	nan	nan
61	U	3	308	279	0.010753	0	0	308	0	91	80	0.000000	0	0	91	0	0	0	nan	0	0	0	0.010753	0.006208	nan	nan
62	C	2	308	281	0.007117	0	0	308	0	91	82	0.000000	0	0	91	0	0	0	nan	0	0	0	0.007117	0.005033	nan	nan
63	C	4	308	290	0.013793	0	0	308	1	91	84	0.011905	0	0	91	0	0	0	nan	0	0	0	0.001888	0.013758	nan	nan
64	C	2	309	286	0.006993	0	0	309	1	91	82	0.012195	0	0	91	0	0	0	nan	0	0	0	-0.005202	0.013159	nan	nan
65	G	7	309	273	0.025641	0	0	309	1	91	84	0.011905	0	0	91	0	0	0	nan	0	0	0	0.013736	0.015351	nan	nan
66	G	5	310	274	0.018248	0	0	310	1	91	85	0.011765	0	0	91	0	0	0	nan	0	0	0	0.006483	0.014318	nan	nan
67	G	6	310	273	0.021978	0	0	310	0	91	87	0.000000	0	0	91	0	0	0	nan	0	0	0	0.021978	0.008972	nan	nan
68	C	0	310	284	0.000000	0	0	310	0	91	86	0.000000	0	0	91	0	0	0	nan	0	0	0	0.000000	0.000000	nan	nan
69	A	4	310	277	0.014440	0	0	310	0	91	84	0.000000	0	0	91	0	0	0	nan	0	0	0	0.014440	0.007220	nan	nan
70	G	5	310	278	0.017986	0	0	310	1	91	82	0.012195	0	0	91	0	0	0	nan	0	0	0	0.005790	0.014609	nan	nan
71	G	9	310	263	0.034221	0	0	310	1	91	82	0.012195	0	0	91	0	0	0	nan	0	0	0	0.022025	0.016698	nan	nan
72	U	3	309	274	0.010949	0	0	309	0	91	87	0.000000	0	0	91	0	0	0	nan	0	0	0	0.010949	0.006321	nan	nan
73	U	6	308	252	0.023810	0	0	308	0	91	84	0.000000	0	0	91	0	0	0	nan	0	0	0	0.023810	0.009720	nan	nan
74	C	5	306	255	0.019608	0	0	306	0	91	85	0.000000	0	0	91	0	0	0	nan	0	0	0	0.019608	0.008769	nan	nan
75	G	3	305	242	0.012397	0	0	305	1	91	75	0.013333	0	0	91	0	0	0	nan	0	0	0	-0.000937	0.015133	nan	nan
76	A	183	300	249	0.734940	0	0	300	2	91	75	0.026667	0	0	91	0	0	0	nan	0	0	0	0.708273	0.057508	nan	nan
77	C	1	300	245	0.004082	0	0	300	0	91	73	0.000000	0	0	91	0	0	0	nan	0	0	0	0.004082	0.004082	nan	nan
78	U	2	300	255	0.007843	0	0	300	1	91	85	0.011765	0	0	91	0	0	0	nan	0	0	0	-0.003922	0.013006	nan	nan
79	C	1	299	263	0.003802	0	0	299	0	91	86	0.000000	0	0	91	0	0	0	nan	0	0	0	0.003802	0.003802	nan	nan
80	C	3	299	247	0.012146	0	0	299	1	91	84	0.011905	0	0	91	0	0	0	nan	0	0	0	0.000241	0.013817	nan	nan
81	U	3	299	238	0.012605	0	0	299	0	91	81	0.000000	0	0	91	0	0	0	nan	0	0	0	0.012605	0.007278	nan	nan
82	G	9	299	237	0.037975	0	0	299	1	91	80	0.012500	0	0	91	0	0	0	nan	0	0	0	0.025475	0.017790	nan	nan
83	U	4	299	252	0.015873	0	0	299	1	91	81	0.012346	0	0	91	0	0	0	nan	0	0	0	0.003527	0.014677	nan	nan
84	G	6	299	255	0.023529	0	0	299	0	91	84	0.000000	0	0	91	0	0	0	nan	0	0	0	0.023529	0.009606	nan	nan
85	A	1	299	256	0.003906	0	0	299	0	91	85	0.000000	0	0	91	0	0	0	nan	0	0	0	0.003906	0.003906	nan	nan
86	U	3	299	244	0.012295	0	0	299	0	91	83	0.000000	0	0	91	0	0	0	nan	0	0	0	0.012295	0.007099	nan	nan
87	C	6	298	245	0.024490	0	0	298	1	91	82	0.012195	0	0	91	0	0	0	nan	0	0	0	0.012295	0.015770	nan	nan
88	U	4	297	241	0.016598	0	0	297	2	91	82	0.024390	0	0	91	0	0	0	nan	0	0	0	-0.007793	0.019139	nan	nan
89	U	1	296	241	0.004149	0	0	296	1	91	81	0.012346	0	0	91	0	0	0	nan	0	0	0	-0.008196	0.013024	nan	nan
90	C	5	295	222	0.022523	0	0	295	1	91	79	0.012658	0	0	91	0	0	0	nan	0	0	0	0.009864	0.016177	nan	nan
91	C	4	295	209	0.019139	0	0	295	0	91	78	0.000000	0	0	91	0	0	0	nan	0	0	0	0.019139	0.009569	nan	nan
92	G	22	294	220	0.100000	0	0	294	2	91	77	0.025974	0	0	91	0	0	0	nan	0	0	0	0.074026	0.028140	nan	nan
93	C	13	294	244	0.053279	0	0	294	0	90	77	0.000000	0	0	90	0	0	0	nan	0	0	0	0.053279	0.014777	nan	nan
94	C	3	290	242	0.012397	0	0	290	0	89	75	0.000000	0	0	89	0	0	0	nan	0	0	0	0.012397	0.007157	nan	nan
95	A	0	275	0	nan	0	0	275	0	86	0	nan	0	0	86	0	0	0	nan	0	0	0	nan	nan	nan	nan