Nucleotide	Sequence	Modified_mutations	Modified_read_depth	Modified_effective_depth	Modified_rate	Modified_off_target_mapped_depth	Modified_low_mapq_mapped_depth	Modified_mapped_depth	Untreated_mutations	Untreated_read_depth	Untreated_effective_depth	Untreated_rate	Untreated_off_target_mapped_depth	Untreated_low_mapq_mapped_depth	Untreated_mapped_depth	Denatured_mutations	Denatured_read_depth	Denatured_effective_depth	Denatured_rate	Denatured_off_target_mapped_depth	Denatured_low_mapq_mapped_depth	Denatured_mapped_depth	Reactivity_profile	Std_err	HQ_profile	HQ_stderr	Norm_profile	Norm_stderr
1	C	0	8612	8419	0.000000	0	199	8612	0	2994	2925	0.000000	0	77	2994	0	0	0	nan	0	0	0	0.000000	0.000000	0.000000	0.000000	0.000000	0.000000
2	G	0	9289	9042	0.000000	0	212	9289	0	3044	2962	0.000000	0	78	3044	0	0	0	nan	0	0	0	0.000000	0.000000	0.000000	0.000000	0.000000	0.000000
3	C	126	9856	9424	0.013370	0	233	9856	25	3088	2933	0.008524	0	78	3088	0	0	0	nan	0	0	0	0.004846	0.002080	0.004846	0.002080	0.109930	0.047184
4	G	278	9893	9369	0.029672	0	235	9893	34	3093	2922	0.011636	0	78	3093	0	0	0	nan	0	0	0	0.018036	0.002674	0.018036	0.002674	0.409141	0.060659
5	G	244	9951	9286	0.026276	0	237	9951	46	3096	2885	0.015945	0	78	3096	0	0	0	nan	0	0	0	0.010332	0.002891	0.010332	0.002891	0.234378	0.065581
6	G	355	9984	9251	0.038374	0	237	9984	20	3101	2899	0.006899	0	78	3101	0	0	0	nan	0	0	0	0.031475	0.002555	0.031475	0.002555	0.714001	0.057959
7	G	502	10020	9285	0.054066	0	238	10020	34	3112	2914	0.011668	0	79	3112	0	0	0	nan	0	0	0	0.042398	0.003135	0.042398	0.003135	0.961786	0.071117
8	U	1483	10183	9496	0.156171	0	242	10183	467	3162	2966	0.157451	0	80	3162	0	0	0	nan	0	0	0	-0.001280	0.008339	nan	nan	nan	nan
9	G	143	10363	9659	0.014805	0	243	10363	25	3225	3041	0.008221	0	81	3225	0	0	0	nan	0	0	0	0.006584	0.002058	0.006584	0.002058	0.149356	0.046685
10	G	96	10445	9648	0.009950	0	245	10445	11	3249	3053	0.003603	0	81	3249	0	0	0	nan	0	0	0	0.006347	0.001487	0.006347	0.001487	0.143980	0.033732
11	A	153	10493	9797	0.015617	0	245	10493	16	3265	3091	0.005176	0	82	3265	0	0	0	nan	0	0	0	0.010441	0.001808	0.010441	0.001808	0.236851	0.041014
12	G	153	10523	9932	0.015405	0	247	10523	32	3271	3130	0.010224	0	82	3271	0	0	0	nan	0	0	0	0.005181	0.002195	0.005181	0.002195	0.117529	0.049793
13	C	59	10559	9957	0.005925	0	248	10559	24	3281	3076	0.007802	0	82	3281	0	0	0	nan	0	0	0	-0.001877	0.001770	-0.001877	0.001770	-0.042579	0.040152
14	A	456	10574	10005	0.045577	0	248	10574	8	3283	3091	0.002588	0	82	3283	0	0	0	nan	0	0	0	0.042989	0.002322	0.042989	0.002322	0.975193	0.052674
15	G	148	10604	9994	0.014809	0	250	10604	39	3284	3080	0.012662	0	82	3284	0	0	0	nan	0	0	0	0.002147	0.002365	0.002147	0.002365	0.048704	0.053649
16	C	292	10623	10178	0.028689	0	252	10623	29	3292	3193	0.009082	0	82	3292	0	0	0	nan	0	0	0	0.019607	0.002380	0.019607	0.002380	0.444779	0.053990
17	C	1626	10635	10240	0.158789	0	253	10635	33	3296	3211	0.010277	0	82	3296	0	0	0	nan	0	0	0	0.148512	0.004325	0.148512	0.004325	3.368950	0.098111
18	U	128	10671	10258	0.012478	0	254	10671	28	3308	3207	0.008731	0	82	3308	0	0	0	nan	0	0	0	0.003747	0.001985	0.003747	0.001985	0.085000	0.045029
19	G	337	10681	10198	0.033046	0	254	10681	32	3312	3175	0.010079	0	82	3312	0	0	0	nan	0	0	0	0.022967	0.002533	0.022967	0.002533	0.521000	0.057460
20	G	566	10709	10287	0.055021	0	254	10709	30	3315	3174	0.009452	0	83	3315	0	0	0	nan	0	0	0	0.045569	0.002886	0.045569	0.002886	1.033719	0.065468
21	U	119	10747	10323	0.011528	0	254	10747	48	3323	3183	0.015080	0	83	3323	0	0	0	nan	0	0	0	-0.003552	0.002420	-0.003552	0.002420	-0.080576	0.054897
22	A	23	10751	10378	0.002216	0	254	10751	5	3327	3210	0.001558	0	83	3327	0	0	0	nan	0	0	0	0.000659	0.000836	0.000659	0.000836	0.014949	0.018964
23	G	224	10759	10358	0.021626	0	254	10759	42	3331	3210	0.013084	0	83	3331	0	0	0	nan	0	0	0	0.008542	0.002483	0.008542	0.002483	0.193773	0.056326
24	C	90	10765	10400	0.008654	0	251	10765	36	3334	3229	0.011149	0	83	3334	0	0	0	nan	0	0	0	-0.002495	0.002070	-0.002495	0.002070	-0.056598	0.046957
25	U	81	10787	10271	0.007886	0	250	10787	23	3345	3191	0.007208	0	83	3345	0	0	0	nan	0	0	0	0.000679	0.001740	0.000679	0.001740	0.015403	0.039471
26	C	103	10791	10173	0.010125	0	248	10791	32	3350	3168	0.010101	0	81	3350	0	0	0	nan	0	0	0	0.000024	0.002045	0.000024	0.002045	0.000544	0.046390
27	G	247	10804	10044	0.024592	0	245	10804	25	3356	3119	0.008015	0	80	3356	0	0	0	nan	0	0	0	0.016576	0.002240	0.016576	0.002240	0.376022	0.050814
28	U	245	10833	10173	0.024083	0	242	10833	87	3362	3168	0.027462	0	77	3362	0	0	0	nan	0	0	0	-0.003379	0.003322	-0.003379	0.003322	-0.076652	0.075359
29	C	69	10836	10085	0.006842	0	240	10836	32	3365	3141	0.010188	0	74	3365	0	0	0	nan	0	0	0	-0.003346	0.001980	-0.003346	0.001980	-0.075903	0.044916
30	G	211	10840	9940	0.021227	0	238	10840	54	3366	3128	0.017263	0	74	3366	0	0	0	nan	0	0	0	0.003964	0.002767	0.003964	0.002767	0.089922	0.062769
31	G	202	10840	9886	0.020433	0	234	10840	18	3367	3094	0.005818	0	73	3367	0	0	0	nan	0	0	0	0.014615	0.001987	0.014615	0.001987	0.331537	0.045075
32	G	224	10842	9968	0.022472	0	233	10842	38	3368	3129	0.012144	0	72	3368	0	0	0	nan	0	0	0	0.010327	0.002477	0.010327	0.002477	0.234265	0.056190
33	C	642	10842	10144	0.063289	0	230	10842	188	3369	3159	0.059513	0	70	3369	0	0	0	nan	0	0	0	0.003776	0.005008	nan	nan	nan	nan
34	U	155	10901	10295	0.015056	0	227	10901	70	3383	3198	0.021889	0	68	3383	0	0	0	nan	0	0	0	-0.006833	0.002882	-0.006833	0.002882	-0.155005	0.065377
35	C	855	10914	10257	0.083358	0	227	10914	9	3386	3157	0.002851	0	64	3386	0	0	0	nan	0	0	0	0.080507	0.003005	0.080507	0.003005	1.826277	0.068168
36	A	266	10951	10215	0.026040	0	226	10951	12	3391	3150	0.003810	0	62	3391	0	0	0	nan	0	0	0	0.022231	0.001939	0.022231	0.001939	0.504304	0.043986
37	U	153	10963	10185	0.015022	0	223	10963	25	3393	3135	0.007974	0	60	3393	0	0	0	nan	0	0	0	0.007048	0.002005	0.007048	0.002005	0.159882	0.045483
38	A	360	10967	9586	0.037555	0	216	10967	6	3396	2983	0.002011	0	60	3396	0	0	0	nan	0	0	0	0.035543	0.002143	0.035543	0.002143	0.806282	0.048613
39	A	973	10970	9517	0.102238	0	210	10970	16	3398	3003	0.005328	0	59	3398	0	0	0	nan	0	0	0	0.096910	0.003538	0.096910	0.003538	2.198374	0.080258
40	C	86	10975	9416	0.009133	0	207	10975	45	3401	2974	0.015131	0	58	3401	0	0	0	nan	0	0	0	-0.005998	0.002461	-0.005998	0.002461	-0.136063	0.055827
41	C	59	10975	9959	0.005924	0	204	10975	19	3401	3159	0.006015	0	58	3401	0	0	0	nan	0	0	0	-0.000090	0.001581	-0.000090	0.001581	-0.002042	0.035865
42	C	68	10979	9972	0.006819	0	202	10979	31	3402	3128	0.009910	0	58	3402	0	0	0	nan	0	0	0	-0.003091	0.001963	-0.003091	0.001963	-0.070118	0.044530
43	G	282	10981	10014	0.028161	0	198	10981	18	3402	3130	0.005751	0	57	3402	0	0	0	nan	0	0	0	0.022410	0.002156	0.022410	0.002156	0.508364	0.048908
44	A	83	10982	10207	0.008132	0	193	10982	9	3403	3156	0.002852	0	55	3403	0	0	0	nan	0	0	0	0.005280	0.001304	0.005280	0.001304	0.119775	0.029581
45	A	66	10984	10171	0.006489	0	183	10984	8	3403	3150	0.002540	0	54	3403	0	0	0	nan	0	0	0	0.003949	0.001202	0.003949	0.001202	0.089582	0.027267
46	G	269	10987	9968	0.026986	0	169	10987	69	3403	3086	0.022359	0	47	3403	0	0	0	nan	0	0	0	0.004627	0.003155	0.004627	0.003155	0.104962	0.071570
47	G	61	10991	9654	0.006319	0	163	10991	12	3403	2955	0.004061	0	43	3403	0	0	0	nan	0	0	0	0.002258	0.001424	0.002258	0.001424	0.051222	0.032303
48	U	136	10987	9683	0.014045	0	176	10987	46	3401	2955	0.015567	0	48	3401	0	0	0	nan	0	0	0	-0.001522	0.002592	-0.001522	0.002592	-0.034526	0.058799
49	C	102	10982	9694	0.010522	0	178	10982	24	3400	2959	0.008111	0	48	3400	0	0	0	nan	0	0	0	0.002411	0.001956	0.002411	0.001956	0.054693	0.044371
50	G	396	10974	9774	0.040516	0	180	10974	25	3397	3015	0.008292	0	49	3397	0	0	0	nan	0	0	0	0.032224	0.002626	0.032224	0.002626	0.730992	0.059570
51	U	171	10969	9877	0.017313	0	181	10969	48	3394	3058	0.015697	0	52	3394	0	0	0	nan	0	0	0	0.001616	0.002624	0.001616	0.002624	0.036658	0.059525
52	C	96	10966	10071	0.009532	0	181	10966	33	3393	3120	0.010577	0	52	3393	0	0	0	nan	0	0	0	-0.001045	0.002082	-0.001045	0.002082	-0.023706	0.047230
53	G	230	10956	10172	0.022611	0	183	10956	20	3389	3158	0.006333	0	55	3389	0	0	0	nan	0	0	0	0.016278	0.002056	0.016278	0.002056	0.369262	0.046640
54	G	241	10955	9946	0.024231	0	183	10955	34	3388	3070	0.011075	0	55	3388	0	0	0	nan	0	0	0	0.013156	0.002458	0.013156	0.002458	0.298440	0.055759
55	U	169	10949	9953	0.016980	0	184	10949	70	3388	3067	0.022824	0	56	3388	0	0	0	nan	0	0	0	-0.005844	0.003025	-0.005844	0.003025	-0.132569	0.068621
56	U	178	10948	9847	0.018077	0	183	10948	57	3389	3021	0.018868	0	56	3389	0	0	0	nan	0	0	0	-0.000791	0.002843	-0.000791	0.002843	-0.017944	0.064493
57	C	126	10940	10054	0.012532	0	183	10940	27	3389	3109	0.008684	0	56	3389	0	0	0	nan	0	0	0	0.003848	0.002010	0.003848	0.002010	0.087291	0.045596
58	A	196	10938	10131	0.019347	0	183	10938	10	3387	3140	0.003185	0	56	3387	0	0	0	nan	0	0	0	0.016162	0.001710	0.016162	0.001710	0.366630	0.038791
59	A	890	10933	10080	0.088294	0	183	10933	8	3384	3148	0.002541	0	56	3384	0	0	0	nan	0	0	0	0.085752	0.003093	0.085752	0.003093	1.945259	0.070164
60	A	138	10920	9766	0.014131	0	183	10920	39	3379	3021	0.012910	0	56	3379	0	0	0	nan	0	0	0	0.001221	0.002392	0.001221	0.002392	0.027698	0.054262
61	U	109	10883	9309	0.011709	0	183	10883	30	3368	2903	0.010334	0	56	3368	0	0	0	nan	0	0	0	0.001375	0.002195	0.001375	0.002195	0.031191	0.049793
62	C	100	10872	9107	0.010981	0	183	10872	35	3365	2891	0.012107	0	56	3365	0	0	0	nan	0	0	0	-0.001126	0.002322	-0.001126	0.002322	-0.025543	0.052674
63	C	61	10857	8781	0.006947	0	182	10857	15	3360	2783	0.005390	0	56	3360	0	0	0	nan	0	0	0	0.001557	0.001652	0.001557	0.001652	0.035320	0.037475
64	G	121	10845	8583	0.014098	0	182	10845	22	3357	2725	0.008073	0	56	3357	0	0	0	nan	0	0	0	0.006024	0.002146	0.006024	0.002146	0.136653	0.048681
65	G	173	10838	8737	0.019801	0	182	10838	37	3356	2748	0.013464	0	56	3356	0	0	0	nan	0	0	0	0.006337	0.002677	0.006337	0.002677	0.143753	0.060727
66	C	104	10837	9096	0.011434	0	182	10837	35	3356	2859	0.012242	0	56	3356	0	0	0	nan	0	0	0	-0.000808	0.002353	-0.000808	0.002353	-0.018329	0.053377
67	C	64	10822	9457	0.006767	0	182	10822	14	3351	2967	0.004719	0	56	3351	0	0	0	nan	0	0	0	0.002049	0.001519	0.002049	0.001519	0.046481	0.034458
68	C	40	10820	9594	0.004169	0	182	10820	17	3349	3024	0.005622	0	56	3349	0	0	0	nan	0	0	0	-0.001452	0.001514	-0.001452	0.001514	-0.032938	0.034345
69	C	60	10814	9738	0.006161	0	182	10814	14	3349	3034	0.004614	0	56	3349	0	0	0	nan	0	0	0	0.001547	0.001468	0.001547	0.001468	0.035093	0.033301
70	C	76	10803	9472	0.008024	0	182	10803	11	3347	2939	0.003743	0	56	3347	0	0	0	nan	0	0	0	0.004281	0.001456	0.004281	0.001456	0.097113	0.033029
71	G	496	10795	9527	0.052063	0	182	10795	37	3343	2938	0.012594	0	56	3343	0	0	0	nan	0	0	0	0.039469	0.003123	0.039469	0.003123	0.895343	0.070844
72	C	37	10792	9133	0.004051	0	182	10792	9	3343	2806	0.003207	0	56	3343	0	0	0	nan	0	0	0	0.000844	0.001260	0.000844	0.001260	0.019146	0.028583
73	A	100	10789	8547	0.011700	0	182	10789	8	3342	2551	0.003136	0	56	3342	0	0	0	nan	0	0	0	0.008564	0.001612	0.008564	0.001612	0.194272	0.036568
74	A	74	10760	8496	0.008710	0	182	10760	8	3338	2556	0.003130	0	56	3338	0	0	0	nan	0	0	0	0.005580	0.001500	0.005580	0.001500	0.126581	0.034027
75	C	569	10747	8673	0.065606	0	182	10747	29	3338	2616	0.011086	0	56	3338	0	0	0	nan	0	0	0	0.054520	0.003435	0.054520	0.003435	1.236770	0.077922
76	C	438	10708	8979	0.048780	0	181	10708	2	3321	2896	0.000691	0	56	3321	0	0	0	nan	0	0	0	0.048090	0.002381	0.048090	0.002381	1.090907	0.054012
77	A	0	10044	0	nan	0	175	10044	0	3231	0	nan	0	56	3231	0	0	0	nan	0	0	0	nan	nan	nan	nan	nan	nan