0.000000
0.000000
0.055613
0.850000
0.094262
0.850000
0.013006
0.000000
0.330588
0.154887
0.117135
0.085793
0.198337
0.182297
0.850000
0.059016
0.304048
0.303811
0.000000
0.014774
0.310565
0.000000
0.794219
0.000000
0.850000
0.044400
0.016515
0.282600
0.414614
0.263843
0.033531
0.000000
0.783456
0.554621
0.223716
0.000000
0.850000
0.000000
0.085951
0.000000
0.799865
0.000000
0.850000
0.070149
0.012267
0.496977
0.059069
0.002796
0.028360
0.263078
0.258276
0.000000
0.000000
0.289802
0.000000
0.850000
0.000000
0.000000
0.000000
0.000000
0.019021
0.271414
0.137079
0.183801
0.020419
0.850000
0.040707
0.850000
0.044005
0.126896
0.000000
0.850000
0.406568
0.000000
