0.000000
0.000000
0.071329
0.106657
0.078836
0.078223
0.850000
0.000000
0.850000
0.178660
0.003309
0.000000
0.014615
0.656455
0.114684
0.000000
0.850000
0.499917
0.469430
0.000000
0.050525
0.100437
0.212578
0.182061
0.030824
0.850000
0.107055
0.041578
0.216500
0.525532
0.175964
0.850000
0.029138
0.000000
0.000000
0.000000
0.000000
0.850000
0.000000
0.002083
0.038146
0.850000
0.000000
0.239817
0.040107
0.000000
0.000000
0.042896
0.142046
0.017832
0.000000
0.002604
0.407048
0.000000
0.039556
0.075649
0.000000
0.850000
0.000000
0.000000
0.000000
0.000000
0.000000
0.438760
0.103041
0.000000
0.008334
0.850000
0.146519
0.850000
0.850000
0.187086
0.850000
0.850000
0.617971
0.000000
