0.000000
0.000000
0.850000
0.199394
0.157283
0.605311
0.850000
0.000000
0.121127
0.725021
0.099029
0.119081
0.134212
0.026271
0.000000
0.000000
0.002714
0.000000
0.348716
0.000000
0.024327
0.151753
0.850000
0.039620
0.204903
0.019830
0.144097
0.030160
0.010350
0.082865
0.432655
0.036784
0.000000
0.000000
0.850000
0.139235
0.252220
0.000000
0.000000
0.190887
0.000000
0.016589
0.116610
0.599660
0.000000
0.200954
0.000000
0.000000
0.059915
0.055297
0.096659
0.850000
0.850000
0.346407
0.850000
0.151530
0.008649
0.376649
0.064473
0.215618
0.034778
0.060665
0.121006
0.850000
0.041908
0.000000
0.822976
0.000000
0.850000
0.000000
0.002127
0.000000
0.000000
0.000000
0.000000
0.000000
0.000000
0.036358
0.221209
0.000000
0.000000
0.122322
0.000000
0.850000
0.850000
0.850000
0.000000
