Nucleotide	Sequence	Modified_mutations	Modified_read_depth	Modified_effective_depth	Modified_rate	Modified_off_target_mapped_depth	Modified_low_mapq_mapped_depth	Modified_mapped_depth	Untreated_mutations	Untreated_read_depth	Untreated_effective_depth	Untreated_rate	Untreated_off_target_mapped_depth	Untreated_low_mapq_mapped_depth	Untreated_mapped_depth	Denatured_mutations	Denatured_read_depth	Denatured_effective_depth	Denatured_rate	Denatured_off_target_mapped_depth	Denatured_low_mapq_mapped_depth	Denatured_mapped_depth	Reactivity_profile	Std_err	HQ_profile	HQ_stderr	Norm_profile	Norm_stderr
1	G	0	714	697	0.000000	0	13	714	0	901	869	0.000000	0	21	901	0	0	0	nan	0	0	0	0.000000	0.000000	0.000000	0.000000	0.000000	0.000000
2	C	0	797	769	0.000000	0	15	797	0	916	855	0.000000	0	21	916	0	0	0	nan	0	0	0	0.000000	0.000000	0.000000	0.000000	0.000000	0.000000
3	G	33	818	800	0.041250	0	15	818	3	930	885	0.003390	0	21	930	0	0	0	nan	0	0	0	0.037860	0.007443	0.037860	0.007443	0.862757	0.169612
4	A	10	832	813	0.012300	0	16	832	3	932	891	0.003367	0	21	932	0	0	0	nan	0	0	0	0.008933	0.004348	0.008933	0.004348	0.203566	0.099083
5	A	7	840	820	0.008537	0	16	840	2	934	906	0.002208	0	21	934	0	0	0	nan	0	0	0	0.006329	0.003584	0.006329	0.003584	0.144226	0.081673
6	G	25	851	807	0.030979	0	16	851	10	935	890	0.011236	0	21	935	0	0	0	nan	0	0	0	0.019743	0.007142	0.019743	0.007142	0.449905	0.162753
7	G	58	861	808	0.071782	0	16	861	9	937	868	0.010369	0	21	937	0	0	0	nan	0	0	0	0.061414	0.010039	0.061414	0.010039	1.399508	0.228770
8	U	13	892	831	0.015644	0	16	892	19	951	879	0.021615	0	22	951	0	0	0	nan	0	0	0	-0.005972	0.006589	-0.005972	0.006589	-0.136090	0.150151
9	G	15	901	841	0.017836	0	17	901	16	958	892	0.017937	0	23	958	0	0	0	nan	0	0	0	-0.000101	0.006428	-0.000101	0.006428	-0.002302	0.146482
10	G	40	921	869	0.046030	0	17	921	19	967	913	0.020811	0	23	967	0	0	0	nan	0	0	0	0.025219	0.008704	0.025219	0.008704	0.574693	0.198348
11	C	15	941	890	0.016854	0	18	941	15	976	922	0.016269	0	23	976	0	0	0	nan	0	0	0	0.000585	0.006048	0.000585	0.006048	0.013331	0.137822
12	G	24	949	897	0.026756	0	18	949	16	978	927	0.017260	0	23	978	0	0	0	nan	0	0	0	0.009496	0.006960	0.009496	0.006960	0.216396	0.158605
13	G	15	960	910	0.016484	0	18	960	8	984	942	0.008493	0	23	984	0	0	0	nan	0	0	0	0.007991	0.005209	0.007991	0.005209	0.182100	0.118703
14	A	4	1008	947	0.004224	0	19	1008	4	1072	1009	0.003964	0	27	1072	0	0	0	nan	0	0	0	0.000260	0.002896	0.000260	0.002896	0.005925	0.065994
15	A	103	1079	1013	0.101678	0	19	1079	121	1114	1037	0.116683	0	27	1114	0	0	0	nan	0	0	0	-0.015005	0.014591	nan	nan	nan	nan
16	U	44	5316	5054	0.008706	0	79	5316	72	5973	5723	0.012581	0	83	5973	0	0	0	nan	0	0	0	-0.003875	0.001980	-0.003875	0.001980	-0.088304	0.045120
17	U	18	6228	5840	0.003082	0	92	6228	17	6835	6475	0.002625	0	92	6835	0	0	0	nan	0	0	0	0.000457	0.000966	0.000457	0.000966	0.010414	0.022013
18	G	79	6530	6157	0.012831	0	93	6530	136	7236	6850	0.019854	0	94	7236	0	0	0	nan	0	0	0	-0.007023	0.002232	-0.007023	0.002232	-0.160041	0.050863
19	G	229	6788	6459	0.035454	0	96	6788	95	7383	7019	0.013535	0	96	7383	0	0	0	nan	0	0	0	0.021920	0.002723	0.021920	0.002723	0.499515	0.062052
20	U	68	7183	6937	0.009803	0	100	7183	93	7451	7181	0.012951	0	96	7451	0	0	0	nan	0	0	0	-0.003148	0.001793	-0.003148	0.001793	-0.071737	0.040859
21	A	51	7236	7005	0.007281	0	103	7236	29	7489	7245	0.004003	0	97	7489	0	0	0	nan	0	0	0	0.003278	0.001262	0.003278	0.001262	0.074699	0.028759
22	G	92	7321	7014	0.013117	0	103	7321	43	7514	7177	0.005991	0	97	7514	0	0	0	nan	0	0	0	0.007125	0.001645	0.007125	0.001645	0.162365	0.037486
23	A	1052	7360	7042	0.149389	0	103	7360	48	7549	7214	0.006654	0	97	7549	0	0	0	nan	0	0	0	0.142736	0.004705	0.142736	0.004705	3.252681	0.107218
24	C	70	7415	7085	0.009880	0	103	7415	57	7556	7229	0.007885	0	97	7556	0	0	0	nan	0	0	0	0.001995	0.001576	0.001995	0.001576	0.045462	0.035914
25	G	156	7422	7151	0.021815	0	102	7422	69	7568	7338	0.009403	0	96	7568	0	0	0	nan	0	0	0	0.012412	0.002081	0.012412	0.002081	0.282846	0.047422
26	C	57	7436	7134	0.007990	0	102	7436	34	7580	7276	0.004673	0	96	7580	0	0	0	nan	0	0	0	0.003317	0.001327	0.003317	0.001327	0.075588	0.030240
27	G	142	7439	7172	0.019799	0	102	7439	94	7587	7316	0.012849	0	96	7587	0	0	0	nan	0	0	0	0.006951	0.002125	0.006951	0.002125	0.158400	0.048425
28	C	97	7449	7152	0.013563	0	102	7449	91	7604	7320	0.012432	0	96	7604	0	0	0	nan	0	0	0	0.001131	0.001896	0.001131	0.001896	0.025773	0.043206
29	U	54	7469	7225	0.007474	0	102	7469	41	7666	7466	0.005492	0	96	7666	0	0	0	nan	0	0	0	0.001982	0.001330	0.001982	0.001330	0.045166	0.030308
30	A	52	7478	7233	0.007189	0	102	7478	19	7705	7497	0.002534	0	96	7705	0	0	0	nan	0	0	0	0.004655	0.001154	0.004655	0.001154	0.106079	0.026297
31	G	237	7483	7264	0.032627	0	102	7483	91	7712	7517	0.012106	0	96	7712	0	0	0	nan	0	0	0	0.020521	0.002470	0.020521	0.002470	0.467634	0.056287
32	C	80	7487	7207	0.011100	0	102	7487	72	7727	7468	0.009641	0	96	7727	0	0	0	nan	0	0	0	0.001459	0.001683	0.001459	0.001683	0.033248	0.038352
33	U	76	7498	7227	0.010516	0	102	7498	118	7764	7510	0.015712	0	96	7764	0	0	0	nan	0	0	0	-0.005196	0.001883	-0.005196	0.001883	-0.118407	0.042910
34	U	93	7548	7276	0.012782	0	102	7548	108	7822	7599	0.014212	0	96	7822	0	0	0	nan	0	0	0	-0.001431	0.001904	-0.001431	0.001904	-0.032610	0.043389
35	C	480	7562	7375	0.065085	0	102	7562	48	7848	7677	0.006252	0	94	7848	0	0	0	nan	0	0	0	0.058832	0.003105	0.058832	0.003105	1.340669	0.070757
36	A	192	7586	7372	0.026044	0	102	7586	150	7877	7687	0.019513	0	94	7877	0	0	0	nan	0	0	0	0.006531	0.002464	0.006531	0.002464	0.148829	0.056150
37	G	123	7592	7283	0.016889	0	99	7592	45	7880	7588	0.005930	0	91	7880	0	0	0	nan	0	0	0	0.010958	0.001761	0.010958	0.001761	0.249712	0.040130
38	G	3042	7595	7146	0.425693	0	98	7595	3124	7881	7370	0.423881	0	88	7881	0	0	0	nan	0	0	0	0.001812	0.010821	nan	nan	nan	nan
39	U	122	7633	7205	0.016933	0	97	7633	196	7930	7492	0.026161	0	88	7930	0	0	0	nan	0	0	0	-0.009229	0.002417	-0.009229	0.002417	-0.210311	0.055079
40	G	83	7637	7196	0.011534	0	98	7637	19	7937	7510	0.002530	0	86	7937	0	0	0	nan	0	0	0	0.009004	0.001393	0.009004	0.001393	0.205184	0.031744
41	U	146	7654	7233	0.020185	0	97	7654	165	7963	7555	0.021840	0	83	7963	0	0	0	nan	0	0	0	-0.001655	0.002384	-0.001655	0.002384	-0.037714	0.054327
42	U	44	7668	7113	0.006186	0	93	7668	38	7978	7418	0.005123	0	79	7978	0	0	0	nan	0	0	0	0.001063	0.001249	0.001063	0.001249	0.024224	0.028462
43	A	59	7672	7134	0.008270	0	87	7672	18	7980	7458	0.002414	0	69	7980	0	0	0	nan	0	0	0	0.005857	0.001218	0.005857	0.001218	0.133470	0.027756
44	G	266	7672	7048	0.037741	0	78	7672	53	7980	7378	0.007184	0	63	7980	0	0	0	nan	0	0	0	0.030558	0.002516	0.030558	0.002516	0.696358	0.057335
45	U	56	7674	7171	0.007809	0	74	7674	52	7980	7508	0.006926	0	61	7980	0	0	0	nan	0	0	0	0.000883	0.001418	0.000883	0.001418	0.020122	0.032314
46	G	112	7674	7081	0.015817	0	67	7674	58	7980	7447	0.007788	0	59	7980	0	0	0	nan	0	0	0	0.008029	0.001811	0.008029	0.001811	0.182966	0.041269
47	U	55	7676	7114	0.007731	0	64	7676	71	7981	7478	0.009495	0	54	7981	0	0	0	nan	0	0	0	-0.001763	0.001535	-0.001763	0.001535	-0.040175	0.034980
48	U	0	7679	7121	0.000000	0	64	7679	0	7983	7500	0.000000	0	53	7983	0	0	0	nan	0	0	0	0.000000	0.000000	0.000000	0.000000	0.000000	0.000000
49	C	59	7679	7257	0.008130	0	64	7679	36	7983	7626	0.004721	0	53	7983	0	0	0	nan	0	0	0	0.003409	0.001319	0.003409	0.001319	0.077685	0.030057
50	U	78	7679	7292	0.010697	0	68	7679	57	7983	7656	0.007445	0	54	7983	0	0	0	nan	0	0	0	0.003252	0.001562	0.003252	0.001562	0.074107	0.035595
51	U	85	7679	7438	0.011428	0	69	7679	37	7982	7781	0.004755	0	56	7982	0	0	0	nan	0	0	0	0.006673	0.001465	0.006673	0.001465	0.152065	0.033385
52	A	390	7674	7448	0.052363	0	68	7674	38	7981	7779	0.004885	0	57	7981	0	0	0	nan	0	0	0	0.047478	0.002767	0.047478	0.002767	1.081933	0.063055
53	C	505	7671	7373	0.068493	0	69	7671	55	7979	7685	0.007157	0	57	7979	0	0	0	nan	0	0	0	0.061336	0.003197	0.061336	0.003197	1.397730	0.072854
54	G	195	7670	7200	0.027083	0	72	7670	77	7975	7541	0.010211	0	57	7975	0	0	0	nan	0	0	0	0.016872	0.002262	0.016872	0.002262	0.384481	0.051547
55	G	286	7669	7028	0.040694	0	72	7669	46	7973	7350	0.006259	0	57	7973	0	0	0	nan	0	0	0	0.034436	0.002577	0.034436	0.002577	0.784731	0.058725
56	A	93	7668	7115	0.013071	0	74	7668	37	7970	7440	0.004973	0	62	7970	0	0	0	nan	0	0	0	0.008098	0.001583	0.008098	0.001583	0.184538	0.036074
57	C	75	7665	7219	0.010389	0	75	7665	60	7966	7534	0.007964	0	62	7966	0	0	0	nan	0	0	0	0.002425	0.001580	0.002425	0.001580	0.055261	0.036005
58	G	202	7661	7220	0.027978	0	73	7661	75	7962	7554	0.009929	0	62	7962	0	0	0	nan	0	0	0	0.018049	0.002278	0.018049	0.002278	0.411302	0.051911
59	U	155	7659	7131	0.021736	0	73	7659	141	7955	7470	0.018876	0	65	7955	0	0	0	nan	0	0	0	0.002861	0.002361	0.002861	0.002361	0.065197	0.053803
60	G	183	7653	7065	0.025902	0	74	7653	84	7946	7420	0.011321	0	68	7946	0	0	0	nan	0	0	0	0.014582	0.002279	0.014582	0.002279	0.332296	0.051934
61	G	98	7639	7063	0.013875	0	76	7639	95	7936	7433	0.012781	0	69	7936	0	0	0	nan	0	0	0	0.001094	0.001919	0.001094	0.001919	0.024930	0.043730
62	G	88	7622	7018	0.012539	0	76	7622	81	7915	7405	0.010939	0	69	7915	0	0	0	nan	0	0	0	0.001601	0.001807	0.001601	0.001807	0.036484	0.041178
63	G	127	7555	6360	0.019969	0	76	7555	75	7850	6478	0.011578	0	68	7850	0	0	0	nan	0	0	0	0.008391	0.002220	0.008391	0.002220	0.191215	0.050590
64	G	277	6910	3120	0.088782	0	74	6910	38	6833	2027	0.018747	0	62	6833	0	0	0	nan	0	0	0	0.070035	0.006140	0.070035	0.006140	1.595964	0.139919
65	U	38	5081	2928	0.012978	0	65	5081	21	4624	1767	0.011885	0	51	4624	0	0	0	nan	0	0	0	0.001094	0.003340	0.001094	0.003340	0.024930	0.076112
66	U	33	4842	1592	0.020729	0	64	4842	19	4332	705	0.026950	0	48	4332	0	0	0	nan	0	0	0	-0.006222	0.007159	-0.006222	0.007159	-0.141787	0.163140
67	C	66	3889	1341	0.049217	0	57	3889	8	2785	638	0.012539	0	40	2785	0	0	0	nan	0	0	0	0.036678	0.007507	0.036678	0.007507	0.835822	0.171070
68	A	11	3810	1179	0.009330	0	55	3810	5	2732	518	0.009653	0	38	2732	0	0	0	nan	0	0	0	-0.000323	0.005152	-0.000323	0.005152	-0.007361	0.117404
69	A	938	3326	1617	0.580087	0	48	3326	6	2274	775	0.007742	0	35	2274	0	0	0	nan	0	0	0	0.572345	0.019202	0.572345	0.019202	13.042650	0.437577
70	G	12	3187	1542	0.007782	0	48	3187	14	2114	752	0.018617	0	34	2114	0	0	0	nan	0	0	0	-0.010835	0.005459	-0.010835	0.005459	-0.246909	0.124400
71	U	2	3094	825	0.002424	0	45	3094	2	2085	503	0.003976	0	34	2085	0	0	0	nan	0	0	0	-0.001552	0.003293	-0.001552	0.003293	-0.035367	0.075041
72	C	20	3047	707	0.028289	0	45	3047	11	2053	463	0.023758	0	33	2053	0	0	0	nan	0	0	0	0.004530	0.009556	nan	nan	nan	nan
73	C	17	3042	727	0.023384	0	44	3042	20	2051	488	0.040984	0	33	2051	0	0	0	nan	0	0	0	-0.017600	0.010777	nan	nan	nan	nan
74	C	33	3038	1533	0.021526	0	44	3038	32	2051	1011	0.031652	0	33	2051	0	0	0	nan	0	0	0	-0.010125	0.006734	-0.010125	0.006734	-0.230729	0.153455
75	C	68	3029	2075	0.032771	0	44	3029	64	2050	1471	0.043508	0	33	2050	0	0	0	nan	0	0	0	-0.010737	0.006736	-0.010737	0.006736	-0.244676	0.153501
76	C	140	3010	2231	0.062752	0	44	3010	94	2035	1571	0.059835	0	32	2035	0	0	0	nan	0	0	0	0.002918	0.008137	nan	nan	nan	nan
77	C	10	2980	2205	0.004535	0	43	2980	3	2017	1509	0.001988	0	32	2017	0	0	0	nan	0	0	0	0.002547	0.001837	0.002547	0.001837	0.058041	0.041862
78	C	12	2919	2039	0.005885	0	42	2919	5	1967	1377	0.003631	0	32	1967	0	0	0	nan	0	0	0	0.002254	0.002350	0.002254	0.002350	0.051364	0.053552
79	C	14	2739	764	0.018325	0	41	2739	1	1764	427	0.002342	0	32	1764	0	0	0	nan	0	0	0	0.015983	0.005429	nan	nan	nan	nan
80	U	8	2183	740	0.010811	0	35	2183	7	1217	404	0.017327	0	24	1217	0	0	0	nan	0	0	0	-0.006516	0.007583	nan	nan	nan	nan
81	C	9	2148	706	0.012748	0	35	2148	9	1209	394	0.022843	0	24	1209	0	0	0	nan	0	0	0	-0.010095	0.008720	nan	nan	nan	nan
82	G	23	2069	917	0.025082	0	34	2069	3	1179	498	0.006024	0	24	1179	0	0	0	nan	0	0	0	0.019058	0.006281	nan	nan	nan	nan
83	C	4	2008	282	0.014184	0	34	2008	11	1148	164	0.067073	0	24	1148	0	0	0	nan	0	0	0	-0.052889	0.021431	nan	nan	nan	nan
84	A	39	1956	283	0.137809	0	33	1956	5	1119	172	0.029070	0	24	1119	0	0	0	nan	0	0	0	0.108739	0.025612	nan	nan	nan	nan
85	C	33	1940	278	0.118705	0	33	1940	0	1113	170	0.000000	0	24	1113	0	0	0	nan	0	0	0	0.118705	0.020664	nan	nan	nan	nan
86	C	21	1913	441	0.047619	0	33	1913	1	1090	324	0.003086	0	24	1090	0	0	0	nan	0	0	0	0.044533	0.010840	nan	nan	nan	nan
87	A	0	1739	0	nan	0	32	1739	0	1007	0	nan	0	23	1007	0	0	0	nan	0	0	0	nan	nan	nan	nan	nan	nan