0.000000
0.000000
0.000000
0.402686
0.293447
0.000000
0.222556
0.000000
0.000000
0.410058
0.152566
0.089673
0.018076
0.306818
0.034152
0.000000
0.000000
0.099240
0.410332
0.000000
0.049993
0.184875
0.241808
0.221732
0.024310
0.232790
0.067872
0.133902
0.023683
0.044660
0.068892
0.000000
0.185463
0.850000
0.000000
0.016468
0.000000
0.024545
0.127158
0.280194
0.798041
0.185228
0.711975
0.119551
0.387826
0.000000
0.071480
0.098221
0.052110
0.017723
0.088732
0.210401
0.674882
0.000000
0.068735
0.000000
0.000000
0.850000
0.850000
0.000000
0.000000
0.000000
0.058697
0.165662
0.850000
0.000000
0.009528
0.063089
0.097829
0.292114
0.850000
0.033172
0.850000
0.850000
0.850000
0.000000
