0.000000
0.000000
0.339225
0.850000
0.850000
0.053143
0.682333
0.000000
0.331046
0.850000
0.000000
0.064984
0.168018
0.042123
0.003347
0.000000
0.015346
0.034923
0.610213
0.000000
0.056332
0.296754
0.265778
0.850000
0.014683
0.850000
0.011462
0.000000
0.340519
0.618738
0.000000
0.000000
0.000000
0.850000
0.705700
0.685206
0.000000
0.850000
0.148346
0.000000
0.023619
0.409671
0.307396
0.418576
0.034513
0.000000
0.007863
0.019577
0.405787
0.155135
0.202341
0.357286
0.850000
0.000000
0.075783
0.233128
0.008336
0.850000
0.079920
0.000000
0.000000
0.000000
0.008178
0.000000
0.046986
0.064889
0.548544
0.000000
0.027503
0.033881
0.070005
0.120274
0.850000
0.655051
0.271399
0.000000
