Nucleotide	Sequence	Modified_mutations	Modified_read_depth	Modified_effective_depth	Modified_rate	Modified_off_target_mapped_depth	Modified_low_mapq_mapped_depth	Modified_mapped_depth	Untreated_mutations	Untreated_read_depth	Untreated_effective_depth	Untreated_rate	Untreated_off_target_mapped_depth	Untreated_low_mapq_mapped_depth	Untreated_mapped_depth	Denatured_mutations	Denatured_read_depth	Denatured_effective_depth	Denatured_rate	Denatured_off_target_mapped_depth	Denatured_low_mapq_mapped_depth	Denatured_mapped_depth	Reactivity_profile	Std_err	HQ_profile	HQ_stderr	Norm_profile	Norm_stderr
1	G	0	1089	1059	0.000000	0	0	1089	0	1226	1194	0.000000	0	0	1226	0	0	0	nan	0	0	0	0.000000	0.000000	0.000000	0.000000	0.000000	0.000000
2	C	0	1173	1131	0.000000	0	0	1173	0	1278	1237	0.000000	0	0	1278	0	0	0	nan	0	0	0	0.000000	0.000000	0.000000	0.000000	0.000000	0.000000
3	C	8	1198	1165	0.006867	0	0	1198	6	1302	1255	0.004781	0	0	1302	0	0	0	nan	0	0	0	0.002086	0.003115	0.002086	0.003115	0.052669	0.078650
4	G	31	1206	1175	0.026383	0	0	1206	0	1307	1259	0.000000	0	0	1307	0	0	0	nan	0	0	0	0.026383	0.004739	0.026383	0.004739	0.666139	0.119654
5	A	26	1216	1181	0.022015	0	0	1216	1	1314	1260	0.000794	0	0	1314	0	0	0	nan	0	0	0	0.021222	0.004390	0.021222	0.004390	0.535830	0.110842
6	A	21	1234	1192	0.017617	0	0	1234	6	1321	1262	0.004754	0	0	1321	0	0	0	nan	0	0	0	0.012863	0.004307	0.012863	0.004307	0.324775	0.108746
7	G	53	1246	1180	0.044915	0	0	1246	9	1329	1246	0.007223	0	0	1329	0	0	0	nan	0	0	0	0.037692	0.006623	0.037692	0.006623	0.951677	0.167223
8	U	223	1294	1212	0.183993	0	0	1294	190	1373	1283	0.148090	0	0	1373	0	0	0	nan	0	0	0	0.035903	0.016347	nan	nan	nan	nan
9	G	28	1349	1269	0.022065	0	0	1349	9	1422	1335	0.006742	0	0	1422	0	0	0	nan	0	0	0	0.015323	0.004737	0.015323	0.004737	0.386887	0.119603
10	G	48	1386	1323	0.036281	0	0	1386	16	1437	1358	0.011782	0	0	1437	0	0	0	nan	0	0	0	0.024499	0.006008	0.024499	0.006008	0.618570	0.151695
11	C	33	1404	1357	0.024318	0	0	1404	23	1453	1385	0.016606	0	0	1453	0	0	0	nan	0	0	0	0.007712	0.005469	0.007712	0.005469	0.194719	0.138086
12	G	30	1410	1375	0.021818	0	0	1410	4	1456	1405	0.002847	0	0	1456	0	0	0	nan	0	0	0	0.018971	0.004230	0.018971	0.004230	0.478995	0.106802
13	A	10	1452	1407	0.007107	0	0	1452	4	1475	1420	0.002817	0	0	1475	0	0	0	nan	0	0	0	0.004290	0.002652	0.004290	0.002652	0.108317	0.066960
14	A	6	1494	1435	0.004181	0	0	1494	1	1488	1418	0.000705	0	0	1488	0	0	0	nan	0	0	0	0.003476	0.001847	0.003476	0.001847	0.087765	0.046634
15	A	31	1549	1481	0.020932	0	0	1549	47	1497	1418	0.033145	0	0	1497	0	0	0	nan	0	0	0	-0.012213	0.006124	-0.012213	0.006124	-0.308363	0.154624
16	U	37	2780	2673	0.013842	0	0	2780	51	2286	2192	0.023266	0	0	2286	0	0	0	nan	0	0	0	-0.009424	0.003974	-0.009424	0.003974	-0.237944	0.100339
17	C	28	3018	2884	0.009709	0	0	3018	12	2532	2426	0.004946	0	0	2532	0	0	0	nan	0	0	0	0.004762	0.002325	0.004762	0.002325	0.120235	0.058703
18	G	87	3216	3086	0.028192	0	0	3216	59	2614	2496	0.023638	0	0	2614	0	0	0	nan	0	0	0	0.004554	0.004313	0.004554	0.004313	0.114983	0.108898
19	G	182	3265	3123	0.058277	0	0	3265	50	2639	2510	0.019920	0	0	2639	0	0	0	nan	0	0	0	0.038357	0.005157	0.038357	0.005157	0.968467	0.130208
20	U	40	3442	3327	0.012023	0	0	3442	44	2691	2585	0.017021	0	0	2691	0	0	0	nan	0	0	0	-0.004998	0.003193	-0.004998	0.003193	-0.126193	0.080619
21	A	35	3469	3356	0.010429	0	0	3469	11	2707	2623	0.004194	0	0	2707	0	0	0	nan	0	0	0	0.006235	0.002169	0.006235	0.002169	0.157426	0.054765
22	G	57	3546	3341	0.017061	0	0	3546	15	2728	2551	0.005880	0	0	2728	0	0	0	nan	0	0	0	0.011181	0.002722	0.011181	0.002722	0.282307	0.068727
23	A	432	3585	3370	0.128190	0	0	3585	18	2746	2552	0.007053	0	0	2746	0	0	0	nan	0	0	0	0.121137	0.006388	0.121137	0.006388	3.058561	0.161289
24	C	43	3627	3405	0.012628	0	0	3627	20	2752	2540	0.007874	0	0	2752	0	0	0	nan	0	0	0	0.004754	0.002609	0.004754	0.002609	0.120033	0.065874
25	G	88	3639	3518	0.025014	0	0	3639	20	2753	2632	0.007599	0	0	2753	0	0	0	nan	0	0	0	0.017415	0.003162	0.017415	0.003162	0.439707	0.079837
26	C	38	3645	3500	0.010857	0	0	3645	13	2761	2644	0.004917	0	0	2761	0	0	0	nan	0	0	0	0.005940	0.002227	0.005940	0.002227	0.149978	0.056229
27	A	213	3646	3508	0.060718	0	0	3646	8	2772	2657	0.003011	0	0	2772	0	0	0	nan	0	0	0	0.057707	0.004294	0.057707	0.004294	1.457031	0.108418
28	G	62	3653	3471	0.017862	0	0	3653	23	2773	2599	0.008850	0	0	2773	0	0	0	nan	0	0	0	0.009013	0.002924	0.009013	0.002924	0.227567	0.073827
29	U	69	3668	3458	0.019954	0	0	3668	49	2808	2601	0.018839	0	0	2808	0	0	0	nan	0	0	0	0.001115	0.003607	0.001115	0.003607	0.028152	0.091072
30	U	73	3673	3475	0.021007	0	0	3673	64	2815	2613	0.024493	0	0	2815	0	0	0	nan	0	0	0	-0.003486	0.003927	-0.003486	0.003927	-0.088017	0.099152
31	G	94	3678	3486	0.026965	0	0	3678	22	2825	2646	0.008314	0	0	2825	0	0	0	nan	0	0	0	0.018651	0.003298	0.018651	0.003298	0.470915	0.083270
32	A	314	3684	3482	0.090178	0	0	3684	215	2833	2654	0.081010	0	0	2833	0	0	0	nan	0	0	0	0.009168	0.007511	nan	nan	nan	nan
33	U	45	3711	3491	0.012890	0	0	3711	34	2881	2703	0.012579	0	0	2881	0	0	0	nan	0	0	0	0.000312	0.002889	0.000312	0.002889	0.007878	0.072944
34	U	42	3721	3503	0.011990	0	0	3721	27	2907	2716	0.009941	0	0	2907	0	0	0	nan	0	0	0	0.002049	0.002661	0.002049	0.002661	0.051735	0.067187
35	C	1245	3733	3580	0.347765	0	0	3733	969	2935	2835	0.341799	0	0	2935	0	0	0	nan	0	0	0	0.005966	0.014755	nan	nan	nan	nan
36	A	38	3882	3755	0.010120	0	0	3882	13	3133	3048	0.004265	0	0	3133	0	0	0	nan	0	0	0	0.005855	0.002023	0.005855	0.002023	0.147832	0.051078
37	A	15	3898	3732	0.004019	0	0	3898	4	3144	3050	0.001311	0	0	3144	0	0	0	nan	0	0	0	0.002708	0.001228	0.002708	0.001228	0.068374	0.031006
38	A	601	3918	3628	0.165656	0	0	3918	536	3146	2985	0.179564	0	0	3146	0	0	0	nan	0	0	0	-0.013908	0.010287	nan	nan	nan	nan
39	A	332	4031	3771	0.088040	0	0	4031	11	3241	3055	0.003601	0	0	3241	0	0	0	nan	0	0	0	0.084440	0.004952	0.084440	0.004952	2.132007	0.125032
40	U	37	4075	3827	0.009668	0	0	4075	41	3267	3084	0.013294	0	0	3267	0	0	0	nan	0	0	0	-0.003626	0.002615	-0.003626	0.002615	-0.091552	0.066026
41	C	15	4089	3879	0.003867	0	0	4089	13	3275	3119	0.004168	0	0	3275	0	0	0	nan	0	0	0	-0.000301	0.001527	-0.000301	0.001527	-0.007600	0.038555
42	A	12	4137	3549	0.003381	0	0	4137	1	3324	2878	0.000347	0	0	3324	0	0	0	nan	0	0	0	0.003034	0.001036	0.003034	0.001036	0.076605	0.026158
43	A	35	4138	3565	0.009818	0	0	4138	29	3326	2899	0.010003	0	0	3326	0	0	0	nan	0	0	0	-0.000186	0.002491	-0.000186	0.002491	-0.004696	0.062895
44	C	25	4144	3562	0.007019	0	0	4144	29	3325	2901	0.009997	0	0	3325	0	0	0	nan	0	0	0	-0.002978	0.002327	-0.002978	0.002327	-0.075191	0.058754
45	C	27	4147	3906	0.006912	0	0	4147	25	3329	3123	0.008005	0	0	3329	0	0	0	nan	0	0	0	-0.001093	0.002082	-0.001093	0.002082	-0.027597	0.052568
46	G	113	4152	3849	0.029358	0	0	4152	25	3329	3052	0.008191	0	0	3329	0	0	0	nan	0	0	0	0.021167	0.003211	0.021167	0.003211	0.534441	0.081074
47	U	29	4168	3846	0.007540	0	0	4168	26	3340	3055	0.008511	0	0	3340	0	0	0	nan	0	0	0	-0.000970	0.002179	-0.000970	0.002179	-0.024491	0.055017
48	A	32	4171	3876	0.008256	0	0	4171	12	3341	3082	0.003894	0	0	3341	0	0	0	nan	0	0	0	0.004362	0.001842	0.004362	0.001842	0.110135	0.046508
49	G	46	4174	3934	0.011693	0	0	4174	9	3342	3125	0.002880	0	0	3342	0	0	0	nan	0	0	0	0.008813	0.001973	0.008813	0.001973	0.222517	0.049816
50	A	174	4174	3986	0.043653	0	0	4174	11	3342	3160	0.003481	0	0	3342	0	0	0	nan	0	0	0	0.040172	0.003472	0.040172	0.003472	1.014294	0.087664
51	A	190	4176	4031	0.047135	0	0	4176	6	3342	3204	0.001873	0	0	3342	0	0	0	nan	0	0	0	0.045262	0.003504	0.045262	0.003504	1.142810	0.088472
52	A	155	4176	4024	0.038519	0	0	4176	28	3342	3205	0.008736	0	0	3342	0	0	0	nan	0	0	0	0.029783	0.003507	0.029783	0.003507	0.751984	0.088547
53	U	24	4183	4029	0.005957	0	0	4183	20	3339	3215	0.006221	0	0	3339	0	0	0	nan	0	0	0	-0.000264	0.001848	-0.000264	0.001848	-0.006666	0.046660
54	A	55	4186	4018	0.013688	0	0	4186	11	3340	3191	0.003447	0	0	3340	0	0	0	nan	0	0	0	0.010241	0.002118	0.010241	0.002118	0.258573	0.053477
55	C	53	4186	3989	0.013287	0	0	4186	23	3336	3165	0.007267	0	0	3336	0	0	0	nan	0	0	0	0.006020	0.002372	0.006020	0.002372	0.151998	0.059890
56	G	125	4185	3864	0.032350	0	0	4185	35	3334	3059	0.011442	0	0	3334	0	0	0	nan	0	0	0	0.020908	0.003480	0.020908	0.003480	0.527901	0.087866
57	U	62	4187	3828	0.016196	0	0	4187	54	3336	3036	0.017787	0	0	3336	0	0	0	nan	0	0	0	-0.001590	0.003176	-0.001590	0.003176	-0.040146	0.080190
58	G	124	4186	3827	0.032401	0	0	4186	40	3334	3031	0.013197	0	0	3334	0	0	0	nan	0	0	0	0.019204	0.003581	0.019204	0.003581	0.484878	0.090416
59	C	52	4183	3888	0.013374	0	0	4183	38	3331	3078	0.012346	0	0	3331	0	0	0	nan	0	0	0	0.001029	0.002730	0.001029	0.002730	0.025981	0.068929
60	C	24	4182	3907	0.006143	0	0	4182	17	3328	3074	0.005530	0	0	3328	0	0	0	nan	0	0	0	0.000613	0.001836	0.000613	0.001836	0.015478	0.046357
61	G	71	4178	3860	0.018394	0	0	4178	22	3328	3017	0.007292	0	0	3328	0	0	0	nan	0	0	0	0.011102	0.002680	0.011102	0.002680	0.280312	0.067667
62	G	114	4175	3861	0.029526	0	0	4175	30	3326	3001	0.009997	0	0	3326	0	0	0	nan	0	0	0	0.019529	0.003313	0.019529	0.003313	0.493083	0.083649
63	U	92	4176	3865	0.023803	0	0	4176	104	3325	3005	0.034609	0	0	3325	0	0	0	nan	0	0	0	-0.010806	0.004204	-0.010806	0.004204	-0.272838	0.106146
64	U	94	4175	3905	0.024072	0	0	4175	63	3327	3056	0.020615	0	0	3327	0	0	0	nan	0	0	0	0.003457	0.003593	0.003457	0.003593	0.087285	0.090719
65	C	108	4174	3894	0.027735	0	0	4174	38	3326	3069	0.012382	0	0	3326	0	0	0	nan	0	0	0	0.015353	0.003340	0.015353	0.003340	0.387645	0.084331
66	G	17	4173	3865	0.004398	0	0	4173	22	3325	3095	0.007108	0	0	3325	0	0	0	nan	0	0	0	-0.002710	0.001853	-0.002710	0.001853	-0.068424	0.046786
67	A	1998	4173	3823	0.522626	0	0	4173	10	3325	3101	0.003225	0	0	3325	0	0	0	nan	0	0	0	0.519401	0.011737	0.519401	0.011737	13.114241	0.296345
68	G	96	4172	3888	0.024691	0	0	4172	61	3324	3114	0.019589	0	0	3324	0	0	0	nan	0	0	0	0.005102	0.003555	0.005102	0.003555	0.128819	0.089759
69	U	76	4172	3934	0.019319	0	0	4172	89	3321	3130	0.028435	0	0	3321	0	0	0	nan	0	0	0	-0.009116	0.003741	-0.009116	0.003741	-0.230168	0.094456
70	C	29	4166	3817	0.007598	0	0	4166	38	3319	2948	0.012890	0	0	3319	0	0	0	nan	0	0	0	-0.005293	0.002522	-0.005293	0.002522	-0.133642	0.063677
71	C	36	4160	3800	0.009474	0	0	4160	25	3310	2910	0.008591	0	0	3310	0	0	0	nan	0	0	0	0.000883	0.002334	0.000883	0.002334	0.022295	0.058931
72	G	52	4159	3677	0.014142	0	0	4159	39	3301	2815	0.013854	0	0	3301	0	0	0	nan	0	0	0	0.000288	0.002961	0.000288	0.002961	0.007272	0.074762
73	G	158	4159	3716	0.042519	0	0	4159	61	3299	2846	0.021434	0	0	3299	0	0	0	nan	0	0	0	0.021085	0.004356	0.021085	0.004356	0.532371	0.109984
74	C	70	4153	3675	0.019048	0	0	4153	46	3281	2788	0.016499	0	0	3281	0	0	0	nan	0	0	0	0.002548	0.003332	0.002548	0.003332	0.064334	0.084129
75	C	36	4147	3592	0.010022	0	0	4147	28	3280	2631	0.010642	0	0	3280	0	0	0	nan	0	0	0	-0.000620	0.002614	-0.000620	0.002614	-0.015654	0.066000
76	U	23	4137	3579	0.006426	0	0	4137	18	3268	2654	0.006782	0	0	3268	0	0	0	nan	0	0	0	-0.000356	0.002086	-0.000356	0.002086	-0.008989	0.052669
77	U	28	4132	3637	0.007699	0	0	4132	37	3266	2693	0.013739	0	0	3266	0	0	0	nan	0	0	0	-0.006041	0.002687	-0.006041	0.002687	-0.152528	0.067843
78	C	32	4125	3711	0.008623	0	0	4125	11	3260	2835	0.003880	0	0	3260	0	0	0	nan	0	0	0	0.004743	0.001922	0.004743	0.001922	0.119755	0.048528
79	G	145	4122	3663	0.039585	0	0	4122	37	3250	2822	0.013111	0	0	3250	0	0	0	nan	0	0	0	0.026474	0.003931	0.026474	0.003931	0.668436	0.099253
80	G	211	4119	3614	0.058384	0	0	4119	51	3247	2746	0.018572	0	0	3247	0	0	0	nan	0	0	0	0.039812	0.004787	0.039812	0.004787	1.005204	0.120866
81	C	82	4114	2823	0.029047	0	0	4114	76	3245	1755	0.043305	0	0	3245	0	0	0	nan	0	0	0	-0.014258	0.005913	-0.014258	0.005913	-0.359997	0.149296
82	A	295	4105	2822	0.104536	0	0	4105	40	3238	1778	0.022497	0	0	3238	0	0	0	nan	0	0	0	0.082039	0.007050	0.082039	0.007050	2.071385	0.178004
83	C	212	4081	2795	0.075850	0	0	4081	14	3232	1782	0.007856	0	0	3232	0	0	0	nan	0	0	0	0.067993	0.005617	0.067993	0.005617	1.716740	0.141822
84	C	99	4069	3253	0.030433	0	0	4069	6	3221	2530	0.002372	0	0	3221	0	0	0	nan	0	0	0	0.028062	0.003208	0.028062	0.003208	0.708531	0.080998
85	A	0	3890	0	nan	0	0	3890	0	3155	0	nan	0	0	3155	0	0	0	nan	0	0	0	nan	nan	nan	nan	nan	nan