0.000000
0.000000
0.000000
0.000000
0.484225
0.507335
0.296474
0.000000
0.048827
0.850000
0.016791
0.221267
0.141222
0.107839
0.000000
0.000000
0.115152
0.219102
0.850000
0.000000
0.023088
0.293977
0.850000
0.040255
0.082144
0.030136
0.850000
0.138085
0.138151
0.261588
0.775706
0.002806
0.000000
0.000000
0.000000
0.085922
0.083403
0.000000
0.850000
0.000000
0.000000
0.000000
0.051478
0.006032
0.160245
0.221510
0.430339
0.050683
0.850000
0.000000
0.055521
0.850000
0.676660
0.188083
0.850000
0.000000
0.000000
0.532632
0.000000
0.458000
0.000000
0.035968
0.072445
0.559542
0.075936
0.000000
0.518492
0.214131
0.850000
0.000000
0.000000
0.000000
0.033538
0.068822
0.615770
0.033538
0.000000
0.000000
0.000000
0.273607
0.158367
0.850000
0.015178
0.348482
0.850000
0.522425
0.000000
