Nucleotide	Sequence	Modified_mutations	Modified_read_depth	Modified_effective_depth	Modified_rate	Modified_off_target_mapped_depth	Modified_low_mapq_mapped_depth	Modified_mapped_depth	Untreated_mutations	Untreated_read_depth	Untreated_effective_depth	Untreated_rate	Untreated_off_target_mapped_depth	Untreated_low_mapq_mapped_depth	Untreated_mapped_depth	Denatured_mutations	Denatured_read_depth	Denatured_effective_depth	Denatured_rate	Denatured_off_target_mapped_depth	Denatured_low_mapq_mapped_depth	Denatured_mapped_depth	Reactivity_profile	Std_err	HQ_profile	HQ_stderr	Norm_profile	Norm_stderr
1	G	0	89148	84845	0.000000	0	9	89148	0	79395	75429	0.000000	0	46	79395	0	0	0	nan	0	0	0	0.000000	0.000000	0.000000	0.000000	0.000000	0.000000
2	G	0	92529	87544	0.000000	0	9	92529	0	81135	76576	0.000000	0	48	81135	0	0	0	nan	0	0	0	0.000000	0.000000	0.000000	0.000000	0.000000	0.000000
3	A	725	95380	89866	0.008068	0	9	95380	196	81505	76671	0.002556	0	48	81505	0	0	0	nan	0	0	0	0.005511	0.000351	0.005511	0.000351	0.154685	0.009852
4	G	4707	95652	91181	0.051623	0	9	95652	691	81570	77708	0.008892	0	48	81570	0	0	0	nan	0	0	0	0.042730	0.000825	0.042730	0.000825	1.199362	0.023156
5	C	1151	96173	90335	0.012741	0	9	96173	665	81629	76520	0.008691	0	48	81629	0	0	0	nan	0	0	0	0.004051	0.000505	0.004051	0.000505	0.113705	0.014175
6	G	2870	96266	90075	0.031862	0	9	96266	710	81667	76411	0.009292	0	49	81667	0	0	0	nan	0	0	0	0.022570	0.000689	0.022570	0.000689	0.633503	0.019339
7	G	4593	96584	89733	0.051185	0	9	96584	724	81767	75866	0.009543	0	50	81767	0	0	0	nan	0	0	0	0.041642	0.000834	0.041642	0.000834	1.168823	0.023409
8	U	2233	99357	93769	0.023814	0	9	99357	1585	82665	78023	0.020315	0	54	82665	0	0	0	nan	0	0	0	0.003499	0.000717	0.003499	0.000717	0.098211	0.020125
9	A	3160	99935	95372	0.033133	0	9	99935	130	83057	79420	0.001637	0	56	83057	0	0	0	nan	0	0	0	0.031497	0.000607	0.031497	0.000607	0.884070	0.017038
10	G	1810	103841	99186	0.018249	0	9	103841	671	83253	79568	0.008433	0	56	83253	0	0	0	nan	0	0	0	0.009816	0.000538	0.009816	0.000538	0.275519	0.015101
11	U	1138	105947	100750	0.011295	0	9	105947	930	84654	80455	0.011559	0	57	84654	0	0	0	nan	0	0	0	-0.000264	0.000506	-0.000264	0.000506	-0.007410	0.014203
12	U	1311	110550	104880	0.012500	0	9	110550	1101	88743	84083	0.013094	0	63	88743	0	0	0	nan	0	0	0	-0.000594	0.000524	-0.000594	0.000524	-0.016673	0.014708
13	C	797	112116	107781	0.007395	0	9	112116	247	90479	86976	0.002840	0	66	90479	0	0	0	nan	0	0	0	0.004555	0.000318	0.004555	0.000318	0.127851	0.008926
14	A	2505	113469	108623	0.023061	0	9	113469	129	91812	88035	0.001465	0	68	91812	0	0	0	nan	0	0	0	0.021596	0.000478	0.021596	0.000478	0.606165	0.013417
15	G	1363	113982	109536	0.012443	0	9	113982	485	91898	88396	0.005487	0	68	91898	0	0	0	nan	0	0	0	0.006957	0.000419	0.006957	0.000419	0.195272	0.011761
16	U	2931	116276	111080	0.026386	0	9	116276	3194	93995	90223	0.035401	0	72	93995	0	0	0	nan	0	0	0	-0.009015	0.000794	-0.009015	0.000794	-0.253036	0.022286
17	C	4027	116750	112191	0.035894	0	9	116750	482	94498	90848	0.005306	0	72	94498	0	0	0	nan	0	0	0	0.030589	0.000615	0.030589	0.000615	0.858584	0.017262
18	G	1166	118035	112946	0.010324	0	9	118035	417	94930	90959	0.004584	0	73	94930	0	0	0	nan	0	0	0	0.005739	0.000377	0.005739	0.000377	0.161084	0.010582
19	G	1495	118365	112167	0.013328	0	9	118365	597	95151	90274	0.006613	0	73	95151	0	0	0	nan	0	0	0	0.006715	0.000438	0.006715	0.000438	0.188479	0.012294
20	U	2152	119731	114029	0.018872	0	9	119731	2598	96418	91751	0.028316	0	74	96418	0	0	0	nan	0	0	0	-0.009443	0.000689	-0.009443	0.000689	-0.265050	0.019339
21	U	199	120644	113291	0.001757	0	10	120644	219	97436	91520	0.002393	0	76	97436	0	0	0	nan	0	0	0	-0.000636	0.000204	-0.000636	0.000204	-0.017851	0.005726
22	A	180	121093	114286	0.001575	0	10	121093	163	98187	92675	0.001759	0	77	98187	0	0	0	nan	0	0	0	-0.000184	0.000181	-0.000184	0.000181	-0.005165	0.005080
23	G	612	121266	114946	0.005324	0	10	121266	222	98256	93319	0.002379	0	77	98256	0	0	0	nan	0	0	0	0.002945	0.000268	0.002945	0.000268	0.082661	0.007522
24	A	1237	121344	117531	0.010525	0	10	121344	106	98330	95265	0.001113	0	77	98330	0	0	0	nan	0	0	0	0.009412	0.000318	0.009412	0.000318	0.264180	0.008926
25	A	1660	121397	116318	0.014271	0	10	121397	532	98388	94326	0.005640	0	77	98388	0	0	0	nan	0	0	0	0.008631	0.000427	0.008631	0.000427	0.242258	0.011985
26	U	724	121458	116592	0.006210	0	10	121458	628	98473	94616	0.006637	0	77	98473	0	0	0	nan	0	0	0	-0.000428	0.000351	-0.000428	0.000351	-0.012013	0.009852
27	A	1629	121517	115798	0.014068	0	10	121517	456	98590	94011	0.004850	0	80	98590	0	0	0	nan	0	0	0	0.009217	0.000416	0.009217	0.000416	0.258706	0.011676
28	C	881	121517	114040	0.007725	0	10	121517	600	98563	92506	0.006486	0	80	98563	0	0	0	nan	0	0	0	0.001239	0.000371	0.001239	0.000371	0.034777	0.010413
29	C	740	121476	112029	0.006605	0	10	121476	560	98535	90864	0.006163	0	81	98535	0	0	0	nan	0	0	0	0.000442	0.000356	0.000442	0.000356	0.012406	0.009992
30	U	761	121505	110879	0.006863	0	10	121505	558	98585	89979	0.006201	0	81	98585	0	0	0	nan	0	0	0	0.000662	0.000362	0.000662	0.000362	0.018581	0.010161
31	G	4266	121485	113028	0.037743	0	10	121485	1344	98568	91705	0.014656	0	81	98568	0	0	0	nan	0	0	0	0.023087	0.000703	0.023087	0.000703	0.648015	0.019732
32	C	986	121492	113826	0.008662	0	10	121492	779	98572	92579	0.008414	0	81	98572	0	0	0	nan	0	0	0	0.000248	0.000409	0.000248	0.000409	0.006961	0.011480
33	C	4281	121471	114471	0.037398	0	10	121471	556	98575	93124	0.005971	0	81	98575	0	0	0	nan	0	0	0	0.031428	0.000625	0.031428	0.000625	0.882133	0.017543
34	U	835	121489	113544	0.007354	0	10	121489	544	98595	92427	0.005886	0	82	98595	0	0	0	nan	0	0	0	0.001468	0.000358	0.001468	0.000358	0.041204	0.010048
35	G	2872	121491	113309	0.025347	0	10	121491	1944	98595	92063	0.021116	0	82	98595	0	0	0	nan	0	0	0	0.004231	0.000673	0.004231	0.000673	0.118757	0.018890
36	U	3538	121717	113695	0.031118	0	10	121717	3127	98777	92445	0.033826	0	85	98777	0	0	0	nan	0	0	0	-0.002707	0.000800	-0.002707	0.000800	-0.075981	0.022455
37	C	6576	121751	111603	0.058923	0	10	121751	947	98804	90451	0.010470	0	87	98804	0	0	0	nan	0	0	0	0.048453	0.000802	0.048453	0.000802	1.359997	0.022511
38	A	1629	121869	110917	0.014687	0	10	121869	1062	98906	90742	0.011704	0	89	98906	0	0	0	nan	0	0	0	0.002983	0.000511	0.002983	0.000511	0.083728	0.014343
39	C	8807	121853	110875	0.079432	0	10	121853	718	98896	90018	0.007976	0	89	98896	0	0	0	nan	0	0	0	0.071456	0.000897	0.071456	0.000897	2.005654	0.025177
40	G	4082	121864	114948	0.035512	0	10	121864	1061	98895	93549	0.011342	0	89	98895	0	0	0	nan	0	0	0	0.024170	0.000656	0.024170	0.000656	0.678413	0.018413
41	C	1283	121861	115797	0.011080	0	10	121861	815	98888	94136	0.008658	0	89	98888	0	0	0	nan	0	0	0	0.002422	0.000433	0.002422	0.000433	0.067982	0.012154
42	A	917	121797	116618	0.007863	0	10	121797	362	98848	94723	0.003822	0	89	98848	0	0	0	nan	0	0	0	0.004042	0.000328	0.004042	0.000328	0.113452	0.009206
43	G	2902	121703	115024	0.025230	0	10	121703	1527	98762	93339	0.016360	0	90	98762	0	0	0	nan	0	0	0	0.008870	0.000628	0.008870	0.000628	0.248966	0.017627
44	G	4578	121629	113461	0.040349	0	10	121629	1919	98698	92028	0.020852	0	90	98698	0	0	0	nan	0	0	0	0.019496	0.000763	0.019496	0.000763	0.547221	0.021416
45	G	1987	121597	113288	0.017539	0	10	121597	962	98674	91885	0.010470	0	90	98674	0	0	0	nan	0	0	0	0.007070	0.000518	0.007070	0.000518	0.198443	0.014539
46	G	1877	121533	111927	0.016770	0	10	121533	832	98624	91386	0.009104	0	90	98624	0	0	0	nan	0	0	0	0.007666	0.000499	0.007666	0.000499	0.215172	0.014006
47	G	28892	121491	112471	0.256884	0	10	121491	24334	98592	91207	0.266800	0	90	98592	0	0	0	nan	0	0	0	-0.009916	0.002282	nan	nan	nan	nan
48	U	1506	121572	113770	0.013237	0	10	121572	1202	98642	92355	0.013015	0	90	98642	0	0	0	nan	0	0	0	0.000222	0.000507	0.000222	0.000507	0.006231	0.014231
49	C	886	121549	113105	0.007833	0	10	121549	523	98619	91880	0.005692	0	90	98619	0	0	0	nan	0	0	0	0.002141	0.000362	0.002141	0.000362	0.060094	0.010161
50	G	2684	121516	114985	0.023342	0	10	121516	1066	98581	93446	0.011408	0	91	98581	0	0	0	nan	0	0	0	0.011935	0.000570	0.011935	0.000570	0.334996	0.015999
51	C	1561	121456	114123	0.013678	0	10	121456	1047	98535	92655	0.011300	0	91	98535	0	0	0	nan	0	0	0	0.002378	0.000492	0.002378	0.000492	0.066747	0.013810
52	G	1749	121375	114843	0.015229	0	10	121375	1196	98472	93336	0.012814	0	92	98472	0	0	0	nan	0	0	0	0.002416	0.000520	0.002416	0.000520	0.067813	0.014596
53	G	1890	121279	113023	0.016722	0	10	121279	1207	98398	91916	0.013132	0	92	98398	0	0	0	nan	0	0	0	0.003591	0.000539	0.003591	0.000539	0.100794	0.015129
54	G	4037	121144	111096	0.036338	0	10	121144	912	98289	89926	0.010142	0	92	98289	0	0	0	nan	0	0	0	0.026196	0.000663	0.026196	0.000663	0.735279	0.018609
55	U	2598	120948	111325	0.023337	0	10	120948	2147	98114	90055	0.023841	0	92	98114	0	0	0	nan	0	0	0	-0.000504	0.000689	-0.000504	0.000689	-0.014146	0.019339
56	U	2331	120752	107720	0.021639	0	10	120752	1953	97965	88104	0.022167	0	92	97965	0	0	0	nan	0	0	0	-0.000528	0.000673	-0.000528	0.000673	-0.014820	0.018890
57	C	2399	120472	107279	0.022362	0	10	120472	991	97743	88280	0.011226	0	92	97743	0	0	0	nan	0	0	0	0.011137	0.000579	0.011137	0.000579	0.312597	0.016252
58	G	382	120333	104014	0.003673	0	10	120333	620	97609	85533	0.007249	0	92	97609	0	0	0	nan	0	0	0	-0.003576	0.000346	-0.003576	0.000346	-0.100373	0.009712
59	A	57206	120205	103871	0.550741	0	10	120205	368	97534	84999	0.004329	0	92	97534	0	0	0	nan	0	0	0	0.546411	0.002314	0.546411	0.002314	15.336869	0.064950
60	G	2305	120177	105075	0.021937	0	10	120177	1723	97471	84980	0.020275	0	92	97471	0	0	0	nan	0	0	0	0.001661	0.000669	0.001661	0.000669	0.046622	0.018778
61	U	1405	120101	104679	0.013422	0	10	120101	1402	97404	85568	0.016385	0	92	97404	0	0	0	nan	0	0	0	-0.002963	0.000565	-0.002963	0.000565	-0.083167	0.015859
62	C	658	119918	104208	0.006314	0	10	119918	576	97238	84610	0.006808	0	92	97238	0	0	0	nan	0	0	0	-0.000493	0.000376	-0.000493	0.000376	-0.013838	0.010554
63	C	622	119621	105482	0.005897	0	10	119621	576	96866	85729	0.006719	0	92	96866	0	0	0	nan	0	0	0	-0.000822	0.000366	-0.000822	0.000366	-0.023072	0.010273
64	C	788	119331	103521	0.007612	0	10	119331	722	96497	83623	0.008634	0	91	96497	0	0	0	nan	0	0	0	-0.001022	0.000420	-0.001022	0.000420	-0.028686	0.011789
65	G	4445	118003	90287	0.049232	0	10	118003	896	94842	64445	0.013903	0	91	94842	0	0	0	nan	0	0	0	0.035329	0.000872	0.035329	0.000872	0.991628	0.024476
66	U	1861	115590	84036	0.022145	0	5	115590	1440	91264	55394	0.025996	0	41	91264	0	0	0	nan	0	0	0	-0.003850	0.000856	-0.003850	0.000856	-0.108063	0.024027
67	C	410	115354	85215	0.004811	0	5	115354	296	90921	55046	0.005377	0	40	90921	0	0	0	nan	0	0	0	-0.000566	0.000393	-0.000566	0.000393	-0.015887	0.011031
68	C	305	114833	87863	0.003471	0	3	114833	308	90173	58708	0.005246	0	24	90173	0	0	0	nan	0	0	0	-0.001775	0.000359	-0.001775	0.000359	-0.049821	0.010077
69	G	4477	114131	84871	0.052751	0	3	114131	481	89234	57274	0.008398	0	22	89234	0	0	0	nan	0	0	0	0.044352	0.000876	0.044352	0.000876	1.244889	0.024588
70	U	1342	113593	85323	0.015728	0	3	113593	973	88496	57359	0.016963	0	22	88496	0	0	0	nan	0	0	0	-0.001235	0.000693	-0.001235	0.000693	-0.034664	0.019451
71	U	1344	113229	74174	0.018120	0	3	113229	1202	88112	40616	0.029594	0	22	88112	0	0	0	nan	0	0	0	-0.011475	0.000986	-0.011475	0.000986	-0.322085	0.027675
72	C	710	112765	76287	0.009307	0	3	112765	363	87724	43807	0.008286	0	22	87724	0	0	0	nan	0	0	0	0.001021	0.000558	0.001021	0.000558	0.028658	0.015662
73	C	792	112693	71163	0.011129	0	3	112693	458	87672	39371	0.011633	0	22	87672	0	0	0	nan	0	0	0	-0.000504	0.000672	-0.000504	0.000672	-0.014146	0.018862
74	G	4072	112390	81184	0.050158	0	3	112390	777	87428	55573	0.013982	0	21	87428	0	0	0	nan	0	0	0	0.036176	0.000932	0.036176	0.000932	1.015402	0.026160
75	C	2524	112287	82664	0.030533	0	3	112287	287	87343	56590	0.005072	0	21	87343	0	0	0	nan	0	0	0	0.025462	0.000677	0.025462	0.000677	0.714677	0.019002
76	C	1377	111975	77461	0.017777	0	3	111975	59	87062	50520	0.001168	0	21	87062	0	0	0	nan	0	0	0	0.016609	0.000503	0.016609	0.000503	0.466188	0.014118
77	A	0	107828	0	nan	0	3	107828	0	85220	0	nan	0	20	85220	0	0	0	nan	0	0	0	nan	nan	nan	nan	nan	nan