Nucleotide	Sequence	Modified_mutations	Modified_read_depth	Modified_effective_depth	Modified_rate	Modified_off_target_mapped_depth	Modified_low_mapq_mapped_depth	Modified_mapped_depth	Untreated_mutations	Untreated_read_depth	Untreated_effective_depth	Untreated_rate	Untreated_off_target_mapped_depth	Untreated_low_mapq_mapped_depth	Untreated_mapped_depth	Denatured_mutations	Denatured_read_depth	Denatured_effective_depth	Denatured_rate	Denatured_off_target_mapped_depth	Denatured_low_mapq_mapped_depth	Denatured_mapped_depth	Reactivity_profile	Std_err	HQ_profile	HQ_stderr	Norm_profile	Norm_stderr
1	G	0	7847	7641	0.000000	0	18	7847	0	10623	10333	0.000000	0	20	10623	0	0	0	nan	0	0	0	0.000000	0.000000	0.000000	0.000000	0.000000	0.000000
2	C	0	8409	8103	0.000000	0	18	8409	0	10878	10456	0.000000	0	20	10878	0	0	0	nan	0	0	0	0.000000	0.000000	0.000000	0.000000	0.000000	0.000000
3	U	57	8640	8267	0.006895	0	18	8640	74	11043	10521	0.007034	0	21	11043	0	0	0	nan	0	0	0	-0.000139	0.001226	-0.000139	0.001226	-0.005450	0.048071
4	G	110	8785	8397	0.013100	0	18	8785	30	11130	10601	0.002830	0	21	11130	0	0	0	nan	0	0	0	0.010270	0.001352	0.010270	0.001352	0.402686	0.053012
5	A	99	9023	8603	0.011508	0	18	9023	43	11262	10687	0.004024	0	21	11262	0	0	0	nan	0	0	0	0.007484	0.001309	0.007484	0.001309	0.293447	0.051326
6	U	64	9279	9029	0.007088	0	19	9279	80	11424	11129	0.007188	0	21	11424	0	0	0	nan	0	0	0	-0.000100	0.001196	-0.000100	0.001196	-0.003921	0.046895
7	A	93	9559	9210	0.010098	0	20	9559	50	11757	11307	0.004422	0	22	11757	0	0	0	nan	0	0	0	0.005676	0.001220	0.005676	0.001220	0.222556	0.047836
8	U	1798	9761	9276	0.193834	0	21	9761	1565	11917	11312	0.138349	0	22	11917	0	0	0	nan	0	0	0	0.055485	0.005756	nan	nan	nan	nan
9	G	100	10457	9846	0.010156	0	22	10457	123	12506	11698	0.010515	0	23	12506	0	0	0	nan	0	0	0	-0.000358	0.001389	-0.000358	0.001389	-0.014037	0.054463
10	G	258	10548	9955	0.025917	0	25	10548	183	12600	11838	0.015459	0	23	12600	0	0	0	nan	0	0	0	0.010458	0.001977	0.010458	0.001977	0.410058	0.077518
11	C	110	10632	10241	0.010741	0	27	10632	83	12656	12117	0.006850	0	26	12656	0	0	0	nan	0	0	0	0.003891	0.001270	0.003891	0.001270	0.152566	0.049797
12	U	110	11047	10733	0.010249	0	27	11047	101	13110	12685	0.007962	0	28	13110	0	0	0	nan	0	0	0	0.002287	0.001258	0.002287	0.001258	0.089673	0.049326
13	C	43	11146	10851	0.003963	0	27	11146	45	13228	12851	0.003502	0	29	13228	0	0	0	nan	0	0	0	0.000461	0.000799	0.000461	0.000799	0.018076	0.031329
14	A	95	11313	10959	0.008669	0	28	11313	11	13477	13032	0.000844	0	29	13477	0	0	0	nan	0	0	0	0.007825	0.000925	0.007825	0.000925	0.306818	0.036269
15	G	63	11457	10912	0.005773	0	28	11457	63	13506	12852	0.004902	0	30	13506	0	0	0	nan	0	0	0	0.000871	0.000954	0.000871	0.000954	0.034152	0.037406
16	U	290	12340	11639	0.024916	0	31	12340	416	14388	13553	0.030694	0	36	14388	0	0	0	nan	0	0	0	-0.005778	0.002099	-0.005778	0.002099	-0.226555	0.082302
17	U	15	12655	11879	0.001263	0	33	12655	21	14789	13901	0.001511	0	37	14789	0	0	0	nan	0	0	0	-0.000248	0.000464	-0.000248	0.000464	-0.009724	0.018193
18	G	144	12737	12054	0.011946	0	35	12737	133	14946	14126	0.009415	0	40	14946	0	0	0	nan	0	0	0	0.002531	0.001287	0.002531	0.001287	0.099240	0.050463
19	G	254	12930	12306	0.020640	0	36	12930	146	15075	14349	0.010175	0	41	15075	0	0	0	nan	0	0	0	0.010465	0.001545	0.010465	0.001545	0.410332	0.060579
20	U	137	13052	12602	0.010871	0	36	13052	194	15142	14580	0.013306	0	41	15142	0	0	0	nan	0	0	0	-0.002435	0.001332	-0.002435	0.001332	-0.095476	0.052228
21	A	42	13070	12675	0.003314	0	36	13070	30	15175	14713	0.002039	0	41	15175	0	0	0	nan	0	0	0	0.001275	0.000632	0.001275	0.000632	0.049993	0.024781
22	G	106	13124	12396	0.008551	0	36	13124	55	15201	14338	0.003836	0	41	15201	0	0	0	nan	0	0	0	0.004715	0.000978	0.004715	0.000978	0.184875	0.038347
23	A	112	13132	12280	0.009121	0	36	13132	42	15212	14218	0.002954	0	41	15212	0	0	0	nan	0	0	0	0.006167	0.000975	0.006167	0.000975	0.241808	0.038230
24	G	230	13136	12184	0.018877	0	36	13136	187	15211	14143	0.013222	0	41	15211	0	0	0	nan	0	0	0	0.005655	0.001576	0.005655	0.001576	0.221732	0.061795
25	C	101	13139	12395	0.008148	0	36	13139	108	15214	14345	0.007529	0	41	15214	0	0	0	nan	0	0	0	0.000620	0.001087	0.000620	0.001087	0.024310	0.042621
26	G	278	13138	12459	0.022313	0	36	13138	236	15217	14411	0.016376	0	41	15217	0	0	0	nan	0	0	0	0.005937	0.001711	0.005937	0.001711	0.232790	0.067088
27	C	58	13138	12516	0.004634	0	36	13138	42	15223	14469	0.002903	0	41	15223	0	0	0	nan	0	0	0	0.001731	0.000756	0.001731	0.000756	0.067872	0.029643
28	A	96	13143	12677	0.007573	0	36	13143	61	15241	14672	0.004158	0	41	15241	0	0	0	nan	0	0	0	0.003415	0.000938	0.003415	0.000938	0.133902	0.036779
29	C	73	13142	12081	0.006043	0	36	13142	76	15241	13975	0.005438	0	41	15241	0	0	0	nan	0	0	0	0.000604	0.000943	0.000604	0.000943	0.023683	0.036975
30	C	70	13141	12039	0.005814	0	36	13141	65	15228	13901	0.004676	0	41	15228	0	0	0	nan	0	0	0	0.001139	0.000905	0.001139	0.000905	0.044660	0.035485
31	C	90	13139	11867	0.007584	0	36	13139	80	15228	13730	0.005827	0	41	15228	0	0	0	nan	0	0	0	0.001757	0.001031	0.001757	0.001031	0.068892	0.040425
32	U	155	13143	12216	0.012688	0	36	13143	182	15232	14181	0.012834	0	41	15232	0	0	0	nan	0	0	0	-0.000146	0.001394	-0.000146	0.001394	-0.005725	0.054659
33	U	193	13149	12149	0.015886	0	36	13149	157	15237	14073	0.011156	0	41	15237	0	0	0	nan	0	0	0	0.004730	0.001449	0.004730	0.001449	0.185463	0.056815
34	G	439	13159	12129	0.036194	0	36	13159	147	15245	14020	0.010485	0	41	15245	0	0	0	nan	0	0	0	0.025709	0.001932	0.025709	0.001932	1.008049	0.075754
35	G	875	13168	12281	0.071248	0	36	13168	717	15247	14149	0.050675	0	41	15247	0	0	0	nan	0	0	0	0.020573	0.003063	nan	nan	nan	nan
36	U	45	14036	13269	0.003391	0	37	14036	44	15720	14808	0.002971	0	41	15720	0	0	0	nan	0	0	0	0.000420	0.000675	0.000420	0.000675	0.016468	0.026467
37	A	1189	14094	13586	0.087517	0	36	14094	1499	15766	15180	0.098748	0	40	15766	0	0	0	nan	0	0	0	-0.011232	0.003598	nan	nan	nan	nan
38	A	34	14468	13954	0.002437	0	36	14468	28	15970	15462	0.001811	0	39	15970	0	0	0	nan	0	0	0	0.000626	0.000540	0.000626	0.000540	0.024545	0.021173
39	G	93	14457	13637	0.006820	0	33	14457	54	15963	15099	0.003576	0	39	15963	0	0	0	nan	0	0	0	0.003243	0.000858	0.003243	0.000858	0.127158	0.033642
40	G	169	14462	13404	0.012608	0	32	14462	81	15970	14829	0.005462	0	38	15970	0	0	0	nan	0	0	0	0.007146	0.001144	0.007146	0.001144	0.280194	0.044856
41	G	404	14462	13413	0.030120	0	32	14462	144	15971	14744	0.009767	0	38	15971	0	0	0	nan	0	0	0	0.020353	0.001705	0.020353	0.001705	0.798041	0.066853
42	U	266	14463	13525	0.019667	0	32	14463	223	15967	14923	0.014943	0	37	15967	0	0	0	nan	0	0	0	0.004724	0.001567	0.004724	0.001567	0.185228	0.061442
43	G	318	14458	13769	0.023095	0	29	14458	75	15963	15191	0.004937	0	35	15963	0	0	0	nan	0	0	0	0.018158	0.001415	0.018158	0.001415	0.711975	0.055482
44	A	122	14464	13845	0.008812	0	29	14464	88	15967	15271	0.005763	0	35	15967	0	0	0	nan	0	0	0	0.003049	0.001007	0.003049	0.001007	0.119551	0.039484
45	G	266	14464	13566	0.019608	0	26	14464	147	15963	15129	0.009716	0	34	15963	0	0	0	nan	0	0	0	0.009891	0.001445	0.009891	0.001445	0.387826	0.056658
46	G	2911	14463	13596	0.214107	0	26	14463	3346	15961	15026	0.222681	0	33	15961	0	0	0	nan	0	0	0	-0.008574	0.005529	nan	nan	nan	nan
47	U	189	14478	13647	0.013849	0	26	14478	182	15987	15134	0.012026	0	32	15987	0	0	0	nan	0	0	0	0.001823	0.001345	0.001823	0.001345	0.071480	0.052737
48	C	175	14478	13622	0.012847	0	25	14478	156	15993	15085	0.010341	0	31	15993	0	0	0	nan	0	0	0	0.002505	0.001276	0.002505	0.001276	0.098221	0.050032
49	C	109	14492	13597	0.008016	0	23	14492	101	16000	15103	0.006687	0	27	16000	0	0	0	nan	0	0	0	0.001329	0.001016	0.001329	0.001016	0.052110	0.039837
50	C	105	14502	13498	0.007779	0	23	14502	110	16002	15014	0.007326	0	27	16002	0	0	0	nan	0	0	0	0.000452	0.001032	0.000452	0.001032	0.017723	0.040465
51	C	93	14497	13655	0.006811	0	23	14497	69	15999	15173	0.004548	0	27	15999	0	0	0	nan	0	0	0	0.002263	0.000894	0.002263	0.000894	0.088732	0.035054
52	A	105	14493	13689	0.007670	0	23	14493	35	15991	15187	0.002305	0	27	15991	0	0	0	nan	0	0	0	0.005366	0.000844	0.005366	0.000844	0.210401	0.033093
53	G	366	14478	13513	0.027085	0	23	14478	148	15974	14991	0.009873	0	27	15974	0	0	0	nan	0	0	0	0.017212	0.001632	0.017212	0.001632	0.674882	0.063991
54	U	271	14463	13396	0.020230	0	23	14463	458	15965	14786	0.030975	0	27	15965	0	0	0	nan	0	0	0	-0.010745	0.001899	-0.010745	0.001899	-0.421311	0.074460
55	U	242	14451	13193	0.018343	0	23	14451	241	15955	14527	0.016590	0	27	15955	0	0	0	nan	0	0	0	0.001753	0.001591	0.001753	0.001591	0.068735	0.062383
56	C	202	14441	13246	0.015250	0	23	14441	253	15949	14554	0.017384	0	27	15949	0	0	0	nan	0	0	0	-0.002134	0.001532	-0.002134	0.001532	-0.083674	0.060070
57	G	28	14432	12587	0.002225	0	22	14432	48	15945	14061	0.003414	0	27	15945	0	0	0	nan	0	0	0	-0.001189	0.000648	-0.001189	0.000648	-0.046621	0.025408
58	A	6758	14412	12528	0.539432	0	22	14412	108	15938	14164	0.007625	0	27	15938	0	0	0	nan	0	0	0	0.531807	0.006603	0.531807	0.006603	20.852139	0.258903
59	C	449	14408	12693	0.035374	0	22	14408	113	15924	14243	0.007934	0	27	15924	0	0	0	nan	0	0	0	0.027440	0.001829	0.027440	0.001829	1.075922	0.071715
60	U	92	14398	13278	0.006929	0	22	14398	187	15903	14852	0.012591	0	27	15903	0	0	0	nan	0	0	0	-0.005662	0.001170	-0.005662	0.001170	-0.222007	0.045876
61	C	90	14379	13238	0.006799	0	22	14379	139	15881	14738	0.009431	0	27	15881	0	0	0	nan	0	0	0	-0.002633	0.001074	-0.002633	0.001074	-0.103240	0.042112
62	U	130	14349	13034	0.009974	0	22	14349	164	15864	14404	0.011386	0	27	15864	0	0	0	nan	0	0	0	-0.001412	0.001247	-0.001412	0.001247	-0.055364	0.048895
63	G	175	14342	12679	0.013802	0	22	14342	171	15859	13896	0.012306	0	27	15859	0	0	0	nan	0	0	0	0.001497	0.001405	0.001497	0.001405	0.058697	0.055090
64	G	190	14331	12498	0.015202	0	22	14331	150	15848	13664	0.010978	0	27	15848	0	0	0	nan	0	0	0	0.004225	0.001421	0.004225	0.001421	0.165662	0.055717
65	G	522	14326	12626	0.041343	0	21	14326	120	15830	13845	0.008667	0	25	15830	0	0	0	nan	0	0	0	0.032676	0.001975	0.032676	0.001975	1.281225	0.077440
66	U	67	14324	12975	0.005164	0	21	14324	113	15826	14299	0.007903	0	25	15826	0	0	0	nan	0	0	0	-0.002739	0.000975	-0.002739	0.000975	-0.107396	0.038230
67	A	33	14318	13362	0.002470	0	21	14318	33	15820	14818	0.002227	0	25	15820	0	0	0	nan	0	0	0	0.000243	0.000579	0.000243	0.000579	0.009528	0.022703
68	U	126	14312	13327	0.009454	0	21	14312	116	15813	14786	0.007845	0	25	15813	0	0	0	nan	0	0	0	0.001609	0.001114	0.001609	0.001114	0.063089	0.043680
69	C	67	14302	13199	0.005076	0	21	14302	38	15803	14724	0.002581	0	25	15803	0	0	0	nan	0	0	0	0.002495	0.000748	0.002495	0.000748	0.097829	0.029329
70	A	125	14293	12934	0.009664	0	21	14293	32	15796	14448	0.002215	0	25	15796	0	0	0	nan	0	0	0	0.007450	0.000949	0.007450	0.000949	0.292114	0.037210
71	G	636	14274	12750	0.049882	0	21	14274	184	15775	14259	0.012904	0	25	15775	0	0	0	nan	0	0	0	0.036978	0.002195	0.036978	0.002195	1.449906	0.086066
72	C	131	14271	11811	0.011091	0	21	14271	137	15772	13372	0.010245	0	25	15772	0	0	0	nan	0	0	0	0.000846	0.001306	0.000846	0.001306	0.033172	0.051208
73	A	864	14259	11856	0.072874	0	21	14259	201	15762	13579	0.014802	0	25	15762	0	0	0	nan	0	0	0	0.058072	0.002690	0.058072	0.002690	2.277002	0.105475
74	C	711	14217	11755	0.060485	0	21	14217	75	15719	13406	0.005595	0	25	15719	0	0	0	nan	0	0	0	0.054890	0.002359	0.054890	0.002359	2.152236	0.092496
75	C	580	14192	11974	0.048438	0	21	14192	24	15697	13929	0.001723	0	25	15697	0	0	0	nan	0	0	0	0.046715	0.002042	0.046715	0.002042	1.831694	0.080067
76	A	0	13675	0	nan	0	20	13675	0	15509	0	nan	0	24	15509	0	0	0	nan	0	0	0	nan	nan	nan	nan	nan	nan