0.000000
0.000000
0.159095
0.850000
0.051717
0.029923
0.053179
0.000000
0.850000
0.056302
0.018561
0.003079
0.044674
0.374891
0.152650
0.698862
0.000000
0.285698
0.207202
0.850000
0.135484
0.069459
0.159427
0.702605
0.044586
0.131608
0.037852
0.000000
0.020222
0.467849
0.032670
0.000000
0.000000
0.515336
0.850000
0.850000
0.850000
0.850000
0.403308
0.050787
0.097211
0.238055
0.544949
0.125960
0.146647
0.000000
0.025183
0.058074
0.009280
0.111829
0.052116
0.277879
0.419565
0.000000
0.000000
0.071231
0.000000
0.850000
0.000000
0.008018
0.000000
0.000000
0.167689
0.021329
0.013267
0.022747
0.034818
0.467849
0.059514
0.000000
0.054575
0.000000
0.850000
0.850000
0.850000
0.000000
