Nucleotide	Sequence	Modified_mutations	Modified_read_depth	Modified_effective_depth	Modified_rate	Modified_off_target_mapped_depth	Modified_low_mapq_mapped_depth	Modified_mapped_depth	Untreated_mutations	Untreated_read_depth	Untreated_effective_depth	Untreated_rate	Untreated_off_target_mapped_depth	Untreated_low_mapq_mapped_depth	Untreated_mapped_depth	Denatured_mutations	Denatured_read_depth	Denatured_effective_depth	Denatured_rate	Denatured_off_target_mapped_depth	Denatured_low_mapq_mapped_depth	Denatured_mapped_depth	Reactivity_profile	Std_err	HQ_profile	HQ_stderr	Norm_profile	Norm_stderr
1	G	0	937	888	0.000000	0	0	937	0	998	949	0.000000	0	0	998	0	0	0	nan	0	0	0	0.000000	0.000000	0.000000	0.000000	0.000000	0.000000
2	G	0	991	935	0.000000	0	0	991	0	1019	963	0.000000	0	0	1019	0	0	0	nan	0	0	0	0.000000	0.000000	0.000000	0.000000	0.000000	0.000000
3	A	7	1024	968	0.007231	0	0	1024	6	1026	969	0.006192	0	0	1026	0	0	0	nan	0	0	0	0.001039	0.003723	0.001039	0.003723	0.020492	0.073430
4	G	42	1027	990	0.042424	0	0	1027	3	1030	992	0.003024	0	0	1030	0	0	0	nan	0	0	0	0.039400	0.006775	0.039400	0.006775	0.777097	0.133625
5	A	7	1038	986	0.007099	0	0	1038	4	1032	983	0.004069	0	0	1032	0	0	0	nan	0	0	0	0.003030	0.003367	0.003030	0.003367	0.059762	0.066408
6	G	40	1048	1001	0.039960	0	0	1048	8	1034	991	0.008073	0	0	1034	0	0	0	nan	0	0	0	0.031887	0.006933	0.031887	0.006933	0.628916	0.136742
7	A	11	1083	1033	0.010649	0	0	1083	6	1058	1005	0.005970	0	0	1058	0	0	0	nan	0	0	0	0.004678	0.004031	0.004678	0.004031	0.092266	0.079505
8	U	359	1094	1023	0.350929	0	0	1094	300	1067	1011	0.296736	0	0	1067	0	0	0	nan	0	0	0	0.054193	0.025230	nan	nan	nan	nan
9	G	37	1134	1078	0.034323	0	0	1134	8	1104	1057	0.007569	0	0	1104	0	0	0	nan	0	0	0	0.026754	0.006245	0.026754	0.006245	0.527677	0.123172
10	C	27	1159	1100	0.024545	0	0	1159	11	1113	1060	0.010377	0	0	1113	0	0	0	nan	0	0	0	0.014168	0.005666	0.014168	0.005666	0.279439	0.111752
11	C	17	1162	1118	0.015206	0	0	1162	9	1124	1075	0.008372	0	0	1124	0	0	0	nan	0	0	0	0.006834	0.004625	0.006834	0.004625	0.134789	0.091220
12	G	23	1166	1116	0.020609	0	0	1166	16	1130	1074	0.014898	0	0	1130	0	0	0	nan	0	0	0	0.005712	0.005687	0.005712	0.005687	0.112659	0.112166
13	G	21	1171	1089	0.019284	0	0	1171	7	1131	1039	0.006737	0	0	1131	0	0	0	nan	0	0	0	0.012546	0.004919	0.012546	0.004919	0.247448	0.097019
14	A	32	1182	1097	0.029170	0	0	1182	6	1134	1046	0.005736	0	0	1134	0	0	0	nan	0	0	0	0.023434	0.005663	0.023434	0.005663	0.462195	0.111693
15	G	36	1191	1110	0.032432	0	0	1191	9	1138	1051	0.008563	0	0	1138	0	0	0	nan	0	0	0	0.023869	0.006113	0.023869	0.006113	0.470775	0.120568
16	C	59	1219	1171	0.050384	0	0	1219	11	1144	1097	0.010027	0	0	1144	0	0	0	nan	0	0	0	0.040357	0.007223	0.040357	0.007223	0.795973	0.142461
17	G	52	1224	1167	0.044559	0	0	1224	29	1146	1102	0.026316	0	0	1146	0	0	0	nan	0	0	0	0.018243	0.007878	0.018243	0.007878	0.359812	0.155380
18	G	76	1230	1186	0.064081	0	0	1230	15	1147	1119	0.013405	0	0	1147	0	0	0	nan	0	0	0	0.050676	0.008125	0.050676	0.008125	0.999497	0.160252
19	C	76	1255	1210	0.062810	0	0	1255	14	1154	1129	0.012400	0	0	1154	0	0	0	nan	0	0	0	0.050410	0.007930	0.050410	0.007930	0.994251	0.156406
20	U	15	1277	1229	0.012205	0	0	1277	9	1166	1132	0.007951	0	0	1166	0	0	0	nan	0	0	0	0.004255	0.004118	0.004255	0.004118	0.083923	0.081220
21	G	21	1294	1177	0.017842	0	0	1294	6	1171	1059	0.005666	0	0	1171	0	0	0	nan	0	0	0	0.012176	0.004529	0.012176	0.004529	0.240151	0.089327
22	A	33	1340	1136	0.029049	0	0	1340	5	1194	985	0.005076	0	0	1194	0	0	0	nan	0	0	0	0.023973	0.005543	0.023973	0.005543	0.472826	0.109326
23	A	167	1377	1184	0.141047	0	0	1377	12	1208	1008	0.011905	0	0	1208	0	0	0	nan	0	0	0	0.129143	0.011443	0.129143	0.011443	2.547124	0.225694
24	C	27	1518	1360	0.019853	0	0	1518	8	1215	1053	0.007597	0	0	1215	0	0	0	nan	0	0	0	0.012256	0.004670	0.012256	0.004670	0.241729	0.092108
25	G	35	1536	1448	0.024171	0	0	1536	16	1218	1147	0.013949	0	0	1218	0	0	0	nan	0	0	0	0.010222	0.005372	0.010222	0.005372	0.201611	0.105953
26	G	42	1555	1449	0.028986	0	0	1555	9	1222	1147	0.007847	0	0	1222	0	0	0	nan	0	0	0	0.021139	0.005181	0.021139	0.005181	0.416930	0.102186
27	A	395	1561	1480	0.266892	0	0	1561	22	1230	1172	0.018771	0	0	1230	0	0	0	nan	0	0	0	0.248121	0.014012	0.248121	0.014012	4.893761	0.276363
28	C	16	1594	1525	0.010492	0	0	1594	11	1234	1185	0.009283	0	0	1234	0	0	0	nan	0	0	0	0.001209	0.003836	0.001209	0.003836	0.023845	0.075659
29	C	13	1602	1513	0.008592	0	0	1602	10	1240	1188	0.008418	0	0	1240	0	0	0	nan	0	0	0	0.000175	0.003573	0.000175	0.003573	0.003452	0.070471
30	G	31	1608	1489	0.020819	0	0	1608	16	1248	1179	0.013571	0	0	1248	0	0	0	nan	0	0	0	0.007249	0.005049	0.007249	0.005049	0.142974	0.099583
31	G	63	1609	1490	0.042282	0	0	1609	7	1251	1176	0.005952	0	0	1251	0	0	0	nan	0	0	0	0.036329	0.005783	0.036329	0.005783	0.716527	0.114060
32	U	24	1616	1511	0.015884	0	0	1616	32	1265	1188	0.026936	0	0	1265	0	0	0	nan	0	0	0	-0.011053	0.005761	-0.011053	0.005761	-0.218001	0.113626
33	C	30	1619	1543	0.019443	0	0	1619	13	1272	1206	0.010779	0	0	1272	0	0	0	nan	0	0	0	0.008663	0.004641	0.008663	0.004641	0.170863	0.091536
34	U	17	1639	1588	0.010705	0	0	1639	19	1301	1262	0.015055	0	0	1301	0	0	0	nan	0	0	0	-0.004350	0.004321	-0.004350	0.004321	-0.085796	0.085224
35	C	130	1642	1585	0.082019	0	0	1642	19	1309	1250	0.015200	0	0	1309	0	0	0	nan	0	0	0	0.066819	0.007994	0.066819	0.007994	1.317890	0.157668
36	G	27	1645	1580	0.017089	0	0	1645	9	1319	1254	0.007177	0	0	1319	0	0	0	nan	0	0	0	0.009912	0.004067	0.009912	0.004067	0.195497	0.080215
37	A	21	1661	1561	0.013453	0	0	1661	3	1335	1241	0.002417	0	0	1335	0	0	0	nan	0	0	0	0.011036	0.003251	0.011036	0.003251	0.217666	0.064120
38	A	108	1672	1545	0.069903	0	0	1672	107	1341	1236	0.086570	0	0	1341	0	0	0	nan	0	0	0	-0.016667	0.010737	nan	nan	nan	nan
39	A	18	1686	1414	0.012730	0	0	1686	0	1373	1127	0.000000	0	0	1373	0	0	0	nan	0	0	0	0.012730	0.003000	0.012730	0.003000	0.251077	0.059170
40	A	14	1712	1460	0.009589	0	0	1712	7	1374	1142	0.006130	0	0	1374	0	0	0	nan	0	0	0	0.003459	0.003455	0.003459	0.003455	0.068223	0.068144
41	C	10	1715	1489	0.006716	0	0	1715	11	1375	1159	0.009491	0	0	1375	0	0	0	nan	0	0	0	-0.002775	0.003564	-0.002775	0.003564	-0.054732	0.070294
42	C	14	1715	1620	0.008642	0	0	1715	9	1376	1313	0.006855	0	0	1376	0	0	0	nan	0	0	0	0.001787	0.003249	0.001787	0.003249	0.035246	0.064081
43	G	49	1714	1587	0.030876	0	0	1714	7	1377	1302	0.005376	0	0	1377	0	0	0	nan	0	0	0	0.025500	0.004856	0.025500	0.004856	0.502944	0.095776
44	G	61	1714	1599	0.038149	0	0	1714	6	1377	1308	0.004587	0	0	1377	0	0	0	nan	0	0	0	0.033562	0.005231	0.033562	0.005231	0.661953	0.103172
45	A	50	1712	1615	0.030960	0	0	1712	8	1378	1306	0.006126	0	0	1378	0	0	0	nan	0	0	0	0.024834	0.004885	0.024834	0.004885	0.489808	0.096348
46	G	78	1712	1627	0.047941	0	0	1712	10	1378	1295	0.007722	0	0	1378	0	0	0	nan	0	0	0	0.040219	0.005952	0.040219	0.005952	0.793251	0.117393
47	U	17	1717	1638	0.010379	0	0	1717	18	1382	1299	0.013857	0	0	1382	0	0	0	nan	0	0	0	-0.003478	0.004124	-0.003478	0.004124	-0.068598	0.081339
48	A	12	1716	1620	0.007407	0	0	1716	6	1384	1293	0.004640	0	0	1384	0	0	0	nan	0	0	0	0.002767	0.002857	0.002767	0.002857	0.054574	0.056349
49	G	73	1718	1587	0.045999	0	0	1718	20	1383	1286	0.015552	0	0	1383	0	0	0	nan	0	0	0	0.030447	0.006409	0.030447	0.006409	0.600515	0.126407
50	G	39	1719	1558	0.025032	0	0	1719	21	1382	1266	0.016588	0	0	1382	0	0	0	nan	0	0	0	0.008444	0.005401	0.008444	0.005401	0.166543	0.106525
51	G	51	1718	1549	0.032924	0	0	1718	15	1382	1270	0.011811	0	0	1382	0	0	0	nan	0	0	0	0.021113	0.005528	0.021113	0.005528	0.416418	0.109030
52	G	55	1716	1595	0.034483	0	0	1716	12	1382	1303	0.009210	0	0	1382	0	0	0	nan	0	0	0	0.025273	0.005356	0.025273	0.005356	0.498467	0.105638
53	C	129	1717	1610	0.080124	0	0	1717	6	1383	1313	0.004570	0	0	1383	0	0	0	nan	0	0	0	0.075555	0.007297	0.075555	0.007297	1.490193	0.143921
54	A	71	1717	1586	0.044767	0	0	1717	1	1383	1279	0.000782	0	0	1383	0	0	0	nan	0	0	0	0.043985	0.005370	0.043985	0.005370	0.867529	0.105914
55	A	85	1718	1587	0.053560	0	0	1718	7	1382	1266	0.005529	0	0	1382	0	0	0	nan	0	0	0	0.048031	0.006174	0.048031	0.006174	0.947329	0.121772
56	C	7	1717	1586	0.004414	0	0	1717	10	1382	1256	0.007962	0	0	1382	0	0	0	nan	0	0	0	-0.003548	0.003020	-0.003548	0.003020	-0.069978	0.059564
57	U	10	1719	1628	0.006143	0	0	1719	7	1383	1295	0.005405	0	0	1383	0	0	0	nan	0	0	0	0.000737	0.002819	0.000737	0.002819	0.014536	0.055600
58	C	24	1719	1616	0.014851	0	0	1719	12	1383	1300	0.009231	0	0	1383	0	0	0	nan	0	0	0	0.005621	0.004036	0.005621	0.004036	0.110865	0.079603
59	U	8	1717	1616	0.004950	0	0	1717	3	1383	1311	0.002288	0	0	1383	0	0	0	nan	0	0	0	0.002662	0.002193	0.002662	0.002193	0.052503	0.043253
60	A	18	1717	1614	0.011152	0	0	1717	6	1383	1311	0.004577	0	0	1383	0	0	0	nan	0	0	0	0.006576	0.003225	0.006576	0.003225	0.129700	0.063608
61	C	33	1715	1503	0.021956	0	0	1715	14	1379	1233	0.011354	0	0	1379	0	0	0	nan	0	0	0	0.010602	0.004880	0.010602	0.004880	0.209106	0.096250
62	C	25	1709	1476	0.016938	0	0	1709	10	1376	1205	0.008299	0	0	1376	0	0	0	nan	0	0	0	0.008639	0.004285	0.008639	0.004285	0.170389	0.084514
63	G	51	1706	1423	0.035840	0	0	1706	18	1372	1166	0.015437	0	0	1372	0	0	0	nan	0	0	0	0.020402	0.006199	0.020402	0.006199	0.402394	0.122265
64	G	28	1701	1475	0.018983	0	0	1701	25	1370	1185	0.021097	0	0	1370	0	0	0	nan	0	0	0	-0.002114	0.005538	-0.002114	0.005538	-0.041695	0.109228
65	G	31	1700	1469	0.021103	0	0	1700	19	1369	1184	0.016047	0	0	1369	0	0	0	nan	0	0	0	0.005055	0.005284	0.005055	0.005284	0.099701	0.104218
66	G	38	1701	1480	0.025676	0	0	1701	16	1369	1203	0.013300	0	0	1369	0	0	0	nan	0	0	0	0.012376	0.005330	0.012376	0.005330	0.244095	0.105125
67	G	121	1701	1474	0.082090	0	0	1701	15	1368	1197	0.012531	0	0	1368	0	0	0	nan	0	0	0	0.069558	0.008134	0.069558	0.008134	1.371912	0.160429
68	U	18	1701	1497	0.012024	0	0	1701	21	1367	1219	0.017227	0	0	1367	0	0	0	nan	0	0	0	-0.005203	0.004708	-0.005203	0.004708	-0.102620	0.092857
69	U	26	1700	1488	0.017473	0	0	1700	19	1367	1211	0.015690	0	0	1367	0	0	0	nan	0	0	0	0.001784	0.004970	0.001784	0.004970	0.035186	0.098025
70	C	54	1699	1488	0.036290	0	0	1699	12	1366	1244	0.009646	0	0	1366	0	0	0	nan	0	0	0	0.026644	0.005669	0.026644	0.005669	0.525507	0.111811
71	A	40	1698	1476	0.027100	0	0	1698	5	1364	1225	0.004082	0	0	1364	0	0	0	nan	0	0	0	0.023019	0.004658	0.023019	0.004658	0.454010	0.091871
72	A	688	1696	1472	0.467391	0	0	1696	6	1363	1180	0.005085	0	0	1363	0	0	0	nan	0	0	0	0.462307	0.017940	0.462307	0.017940	9.118211	0.353836
73	A	23	1691	1490	0.015436	0	0	1691	19	1356	1183	0.016061	0	0	1356	0	0	0	nan	0	0	0	-0.000625	0.004892	-0.000625	0.004892	-0.012327	0.096486
74	U	8	1687	1433	0.005583	0	0	1687	16	1354	1170	0.013675	0	0	1354	0	0	0	nan	0	0	0	-0.008093	0.003948	-0.008093	0.003948	-0.159621	0.077868
75	C	7	1684	1244	0.005627	0	0	1684	2	1352	970	0.002062	0	0	1352	0	0	0	nan	0	0	0	0.003565	0.002579	0.003565	0.002579	0.070314	0.050866
76	C	10	1684	1154	0.008666	0	0	1684	5	1350	903	0.005537	0	0	1350	0	0	0	nan	0	0	0	0.003128	0.003693	0.003128	0.003693	0.061694	0.072838
77	C	2	1683	1143	0.001750	0	0	1683	5	1350	880	0.005682	0	0	1350	0	0	0	nan	0	0	0	-0.003932	0.002826	-0.003932	0.002826	-0.077552	0.055738
78	C	13	1682	1321	0.009841	0	0	1682	5	1347	1085	0.004608	0	0	1347	0	0	0	nan	0	0	0	0.005233	0.003420	0.005233	0.003420	0.103212	0.067454
79	C	9	1681	1383	0.006508	0	0	1681	7	1343	1121	0.006244	0	0	1343	0	0	0	nan	0	0	0	0.000263	0.003206	0.000263	0.003206	0.005187	0.063233
80	U	9	1679	1491	0.006036	0	0	1679	8	1343	1204	0.006645	0	0	1343	0	0	0	nan	0	0	0	-0.000608	0.003093	-0.000608	0.003093	-0.011992	0.061004
81	C	2	1678	1477	0.001354	0	0	1678	2	1342	1183	0.001691	0	0	1342	0	0	0	nan	0	0	0	-0.000337	0.001532	-0.000337	0.001532	-0.006647	0.030216
82	U	9	1676	1531	0.005879	0	0	1676	4	1339	1225	0.003265	0	0	1339	0	0	0	nan	0	0	0	0.002613	0.002551	0.002613	0.002551	0.051537	0.050314
83	C	10	1675	1509	0.006627	0	0	1675	4	1337	1220	0.003279	0	0	1337	0	0	0	nan	0	0	0	0.003348	0.002661	0.003348	0.002661	0.066034	0.052484
84	U	25	1674	1554	0.016088	0	0	1674	19	1337	1244	0.015273	0	0	1337	0	0	0	nan	0	0	0	0.000814	0.004757	0.000814	0.004757	0.016055	0.093824
85	C	10	1674	1422	0.007032	0	0	1674	21	1336	1133	0.018535	0	0	1336	0	0	0	nan	0	0	0	-0.011503	0.004616	-0.011503	0.004616	-0.226877	0.091043
86	C	75	1674	1336	0.056138	0	0	1674	57	1335	1083	0.052632	0	0	1335	0	0	0	nan	0	0	0	0.003506	0.009519	nan	nan	nan	nan
87	G	101	1662	1307	0.077276	0	0	1662	13	1331	1069	0.012161	0	0	1331	0	0	0	nan	0	0	0	0.065115	0.008396	0.065115	0.008396	1.284282	0.165597
88	C	58	1661	1367	0.042429	0	0	1661	6	1330	1141	0.005259	0	0	1330	0	0	0	nan	0	0	0	0.037170	0.005970	0.037170	0.005970	0.733114	0.117748
89	C	44	1654	1248	0.035256	0	0	1654	1	1330	998	0.001002	0	0	1330	0	0	0	nan	0	0	0	0.034254	0.005409	0.034254	0.005409	0.675601	0.106683
90	A	0	1595	0	nan	0	0	1595	0	1311	0	nan	0	0	1311	0	0	0	nan	0	0	0	nan	nan	nan	nan	nan	nan