0.000000
0.000000
0.154685
0.850000
0.113705
0.633503
0.850000
0.098211
0.850000
0.275519
0.000000
0.000000
0.127851
0.606165
0.195272
0.000000
0.850000
0.161084
0.188479
0.000000
0.000000
0.000000
0.082661
0.264180
0.242258
0.000000
0.258706
0.034777
0.012406
0.018581
0.648015
0.006961
0.850000
0.041204
0.118757
0.000000
0.850000
0.083728
0.850000
0.678413
0.067982
0.113452
0.248966
0.547221
0.198443
0.215172
0.000000
0.006231
0.060094
0.334996
0.066747
0.067813
0.100794
0.735279
0.000000
0.000000
0.312597
0.000000
0.850000
0.046622
0.000000
0.000000
0.000000
0.000000
0.850000
0.000000
0.000000
0.000000
0.850000
0.000000
0.000000
0.028658
0.000000
0.850000
0.714677
0.466188
0.000000
