Nucleotide	Sequence	Modified_mutations	Modified_read_depth	Modified_effective_depth	Modified_rate	Modified_off_target_mapped_depth	Modified_low_mapq_mapped_depth	Modified_mapped_depth	Untreated_mutations	Untreated_read_depth	Untreated_effective_depth	Untreated_rate	Untreated_off_target_mapped_depth	Untreated_low_mapq_mapped_depth	Untreated_mapped_depth	Denatured_mutations	Denatured_read_depth	Denatured_effective_depth	Denatured_rate	Denatured_off_target_mapped_depth	Denatured_low_mapq_mapped_depth	Denatured_mapped_depth	Reactivity_profile	Std_err	HQ_profile	HQ_stderr	Norm_profile	Norm_stderr
1	G	0	49935	47683	0.000000	0	53	49935	0	53616	51218	0.000000	0	116	53616	0	0	0	nan	0	0	0	0.000000	0.000000	0.000000	0.000000	0.000000	0.000000
2	G	0	52350	48857	0.000000	0	55	52350	0	54939	51239	0.000000	0	119	54939	0	0	0	nan	0	0	0	0.000000	0.000000	0.000000	0.000000	0.000000	0.000000
3	G	758	53567	49719	0.015246	0	56	53567	416	55519	51594	0.008063	0	122	55519	0	0	0	nan	0	0	0	0.007183	0.000680	0.007183	0.000680	0.159095	0.015061
4	G	2814	53730	50439	0.055790	0	57	53730	450	55573	52244	0.008613	0	122	55573	0	0	0	nan	0	0	0	0.047177	0.001127	0.047177	0.001127	1.044915	0.024962
5	C	619	54178	51628	0.011990	0	57	54178	513	55702	53133	0.009655	0	122	55702	0	0	0	nan	0	0	0	0.002335	0.000643	0.002335	0.000643	0.051717	0.014242
6	U	291	55389	53892	0.005400	0	58	55389	223	56579	55084	0.004048	0	123	56579	0	0	0	nan	0	0	0	0.001351	0.000417	0.001351	0.000417	0.029923	0.009236
7	A	268	56895	55282	0.004848	0	58	56895	137	57658	55998	0.002447	0	125	57658	0	0	0	nan	0	0	0	0.002401	0.000362	0.002401	0.000362	0.053179	0.008018
8	U	12975	59213	57251	0.226634	0	61	59213	8642	59104	57724	0.149712	0	129	59104	0	0	0	nan	0	0	0	0.076921	0.002560	nan	nan	nan	nan
9	A	3372	62249	60221	0.055994	0	61	62249	123	61441	59526	0.002066	0	132	61441	0	0	0	nan	0	0	0	0.053927	0.000982	0.053927	0.000982	1.194419	0.021750
10	G	979	66111	64081	0.015278	0	61	66111	762	61678	59831	0.012736	0	132	61678	0	0	0	nan	0	0	0	0.002542	0.000672	0.002542	0.000672	0.056302	0.014884
11	C	436	66712	64597	0.006750	0	61	66712	355	62015	60048	0.005912	0	132	62015	0	0	0	nan	0	0	0	0.000838	0.000450	0.000838	0.000450	0.018561	0.009967
12	U	609	67981	65769	0.009260	0	61	67981	558	63208	61179	0.009121	0	132	63208	0	0	0	nan	0	0	0	0.000139	0.000538	0.000139	0.000538	0.003079	0.011916
13	C	339	68205	65765	0.005155	0	61	68205	192	63385	61198	0.003137	0	132	63385	0	0	0	nan	0	0	0	0.002017	0.000360	0.002017	0.000360	0.044674	0.007974
14	A	1212	68520	65781	0.018425	0	61	68520	92	63737	61382	0.001499	0	132	63737	0	0	0	nan	0	0	0	0.016926	0.000552	0.016926	0.000552	0.374891	0.012226
15	G	1067	68693	66126	0.016136	0	61	68693	569	63772	61554	0.009244	0	133	63772	0	0	0	nan	0	0	0	0.006892	0.000628	0.006892	0.000628	0.152650	0.013909
16	C	2897	69211	66514	0.043555	0	61	69211	743	64182	61910	0.012001	0	133	64182	0	0	0	nan	0	0	0	0.031553	0.000921	0.031553	0.000921	0.698862	0.020399
17	U	1004	69698	66781	0.015034	0	61	69698	1171	64482	62024	0.018880	0	133	64482	0	0	0	nan	0	0	0	-0.003846	0.000728	-0.003846	0.000728	-0.085184	0.016124
18	G	1507	69958	66536	0.022649	0	61	69958	604	64737	61947	0.009750	0	134	64737	0	0	0	nan	0	0	0	0.012899	0.000706	0.012899	0.000706	0.285698	0.015637
19	G	1995	70645	67182	0.029695	0	61	70645	1264	64991	62142	0.020341	0	134	64991	0	0	0	nan	0	0	0	0.009355	0.000877	0.009355	0.000877	0.207202	0.019425
20	G	3529	70910	68212	0.051736	0	61	70910	303	65131	62804	0.004825	0	134	65131	0	0	0	nan	0	0	0	0.046911	0.000914	0.046911	0.000914	1.039023	0.020244
21	A	836	71005	68704	0.012168	0	61	71005	382	65178	63130	0.006051	0	134	65178	0	0	0	nan	0	0	0	0.006117	0.000522	0.006117	0.000522	0.135484	0.011562
22	G	507	71036	67239	0.007540	0	61	71036	274	65205	62215	0.004404	0	134	65205	0	0	0	nan	0	0	0	0.003136	0.000428	0.003136	0.000428	0.069459	0.009480
23	A	720	71047	66710	0.010793	0	61	71047	222	65218	61754	0.003595	0	134	65218	0	0	0	nan	0	0	0	0.007198	0.000469	0.007198	0.000469	0.159427	0.010388
24	G	2861	71055	66437	0.043063	0	61	71055	697	65234	61458	0.011341	0	132	65234	0	0	0	nan	0	0	0	0.031722	0.000913	0.031722	0.000913	0.702605	0.020222
25	C	523	71077	67685	0.007727	0	58	71077	356	65251	62299	0.005714	0	129	65251	0	0	0	nan	0	0	0	0.002013	0.000454	0.002013	0.000454	0.044586	0.010056
26	G	1353	71082	67885	0.019931	0	52	71082	873	65258	62409	0.013988	0	116	65258	0	0	0	nan	0	0	0	0.005942	0.000720	0.005942	0.000720	0.131608	0.015947
27	C	635	71092	68116	0.009322	0	49	71092	476	65279	62518	0.007614	0	122	65279	0	0	0	nan	0	0	0	0.001709	0.000509	0.001709	0.000509	0.037852	0.011274
28	C	578	71099	68113	0.008486	0	46	71099	545	65287	62492	0.008721	0	118	65287	0	0	0	nan	0	0	0	-0.000235	0.000514	-0.000235	0.000514	-0.005205	0.011384
29	U	440	71102	67578	0.006511	0	40	71102	348	65304	62163	0.005598	0	114	65304	0	0	0	nan	0	0	0	0.000913	0.000432	0.000913	0.000432	0.020222	0.009568
30	G	2302	71100	67369	0.034170	0	40	71100	809	65318	62006	0.013047	0	112	65318	0	0	0	nan	0	0	0	0.021123	0.000847	0.021123	0.000847	0.467849	0.018760
31	C	779	71114	67462	0.011547	0	39	71114	625	65328	62053	0.010072	0	112	65328	0	0	0	nan	0	0	0	0.001475	0.000577	0.001475	0.000577	0.032670	0.012780
32	U	1092	71305	67763	0.016115	0	38	71305	1036	65483	62349	0.016616	0	115	65483	0	0	0	nan	0	0	0	-0.000501	0.000710	-0.000501	0.000710	-0.011097	0.015726
33	U	884	71506	67915	0.013016	0	38	71506	930	65631	62465	0.014888	0	116	65631	0	0	0	nan	0	0	0	-0.001872	0.000656	-0.001872	0.000656	-0.041463	0.014530
34	U	3308	71647	66844	0.049488	0	37	71647	1636	65742	62392	0.026221	0	116	65742	0	0	0	nan	0	0	0	0.023267	0.001077	0.023267	0.001077	0.515336	0.023854
35	G	3396	71697	67893	0.050020	0	37	71697	682	65753	62466	0.010918	0	117	65753	0	0	0	nan	0	0	0	0.039102	0.000955	0.039102	0.000955	0.866063	0.021152
36	C	3937	71762	67118	0.058658	0	38	71762	276	65784	61528	0.004486	0	119	65784	0	0	0	nan	0	0	0	0.054172	0.000973	0.054172	0.000973	1.199846	0.021551
37	A	3160	71852	67560	0.046773	0	38	71852	372	65845	61980	0.006002	0	119	65845	0	0	0	nan	0	0	0	0.040771	0.000888	0.040771	0.000888	0.903029	0.019668
38	C	7020	71877	67274	0.104349	0	37	71877	602	65837	61649	0.009765	0	119	65837	0	0	0	nan	0	0	0	0.094584	0.001307	0.094584	0.001307	2.094923	0.028949
39	G	1889	71903	68601	0.027536	0	37	71903	587	65837	62933	0.009327	0	119	65837	0	0	0	nan	0	0	0	0.018209	0.000741	0.018209	0.000741	0.403308	0.016412
40	C	658	71914	69056	0.009528	0	37	71914	458	65841	63301	0.007235	0	119	65841	0	0	0	nan	0	0	0	0.002293	0.000502	0.002293	0.000502	0.050787	0.011119
41	A	560	71922	69521	0.008055	0	37	71922	234	65839	63835	0.003666	0	119	65839	0	0	0	nan	0	0	0	0.004389	0.000416	0.004389	0.000416	0.097211	0.009214
42	G	1651	71904	68796	0.023998	0	37	71904	838	65830	63243	0.013250	0	119	65830	0	0	0	nan	0	0	0	0.010748	0.000747	0.010748	0.000747	0.238055	0.016545
43	G	2220	71885	68898	0.032222	0	37	71885	482	65814	63271	0.007618	0	119	65814	0	0	0	nan	0	0	0	0.024604	0.000767	0.024604	0.000767	0.544949	0.016988
44	A	885	71887	68997	0.012827	0	37	71887	452	65818	63310	0.007139	0	120	65818	0	0	0	nan	0	0	0	0.005687	0.000547	0.005687	0.000547	0.125960	0.012115
45	G	1040	71877	68261	0.015236	0	37	71877	544	65803	63147	0.008615	0	120	65803	0	0	0	nan	0	0	0	0.006621	0.000600	0.006621	0.000600	0.146647	0.013289
46	G	14381	71855	67652	0.212573	0	37	71855	13001	65789	62138	0.209228	0	120	65789	0	0	0	nan	0	0	0	0.003345	0.002551	nan	nan	nan	nan
47	U	912	71931	68113	0.013390	0	37	71931	767	65850	62598	0.012253	0	120	65850	0	0	0	nan	0	0	0	0.001137	0.000626	0.001137	0.000626	0.025183	0.013865
48	C	687	71926	67949	0.010111	0	37	71926	467	65843	62365	0.007488	0	120	65843	0	0	0	nan	0	0	0	0.002622	0.000519	0.002622	0.000519	0.058074	0.011495
49	U	599	71939	67479	0.008877	0	37	71939	524	65841	61952	0.008458	0	120	65841	0	0	0	nan	0	0	0	0.000419	0.000518	0.000419	0.000518	0.009280	0.011473
50	G	1103	71933	67379	0.016370	0	37	71933	700	65833	61832	0.011321	0	120	65833	0	0	0	nan	0	0	0	0.005049	0.000653	0.005049	0.000653	0.111829	0.014463
51	C	872	71921	67851	0.012852	0	37	71921	653	65811	62200	0.010498	0	120	65811	0	0	0	nan	0	0	0	0.002353	0.000598	0.002353	0.000598	0.052116	0.013245
52	G	1535	71906	68458	0.022423	0	37	71906	621	65808	62877	0.009876	0	120	65808	0	0	0	nan	0	0	0	0.012546	0.000696	0.012546	0.000696	0.277879	0.015416
53	G	2128	71887	68108	0.031244	0	37	71887	769	65798	62513	0.012301	0	120	65798	0	0	0	nan	0	0	0	0.018943	0.000810	0.018943	0.000810	0.419565	0.017941
54	U	1329	71880	68196	0.019488	0	37	71880	1360	65798	62632	0.021714	0	120	65798	0	0	0	nan	0	0	0	-0.002226	0.000795	-0.002226	0.000795	-0.049303	0.017608
55	U	1256	71872	68318	0.018385	0	37	71872	1197	65779	62830	0.019051	0	120	65779	0	0	0	nan	0	0	0	-0.000667	0.000757	-0.000667	0.000757	-0.014773	0.016767
56	C	1025	71850	68091	0.015053	0	37	71850	743	65765	62765	0.011838	0	120	65765	0	0	0	nan	0	0	0	0.003216	0.000640	0.003216	0.000640	0.071231	0.014175
57	G	197	71832	67044	0.002938	0	37	71832	284	65754	61945	0.004585	0	120	65754	0	0	0	nan	0	0	0	-0.001646	0.000343	-0.001646	0.000343	-0.036457	0.007597
58	A	24290	71810	66721	0.364053	0	37	71810	459	65747	61736	0.007435	0	120	65747	0	0	0	nan	0	0	0	0.356618	0.002362	0.356618	0.002362	7.898666	0.052316
59	U	718	71804	66804	0.010748	0	37	71804	801	65729	61503	0.013024	0	120	65729	0	0	0	nan	0	0	0	-0.002276	0.000610	-0.002276	0.000610	-0.050411	0.013511
60	C	657	71801	67183	0.009779	0	37	71801	579	65714	61485	0.009417	0	120	65714	0	0	0	nan	0	0	0	0.000362	0.000547	0.000362	0.000547	0.008018	0.012115
61	C	330	71794	67008	0.004925	0	37	71794	421	65704	61122	0.006888	0	120	65704	0	0	0	nan	0	0	0	-0.001963	0.000431	-0.001963	0.000431	-0.043478	0.009546
62	C	270	71779	66632	0.004052	0	37	71779	287	65695	60770	0.004723	0	120	65695	0	0	0	nan	0	0	0	-0.000671	0.000372	-0.000671	0.000372	-0.014862	0.008239
63	G	1581	71764	66948	0.023615	0	37	71764	983	65676	61268	0.016044	0	119	65676	0	0	0	nan	0	0	0	0.007571	0.000784	0.007571	0.000784	0.167689	0.017365
64	C	316	71734	67652	0.004671	0	33	71734	230	65624	62035	0.003708	0	81	65624	0	0	0	nan	0	0	0	0.000963	0.000359	0.000963	0.000359	0.021329	0.007951
65	A	491	71718	68413	0.007177	0	33	71718	414	65611	62936	0.006578	0	81	65611	0	0	0	nan	0	0	0	0.000599	0.000458	0.000599	0.000458	0.013267	0.010144
66	U	418	71679	69072	0.006052	0	33	71679	319	65577	63486	0.005025	0	81	65577	0	0	0	nan	0	0	0	0.001027	0.000408	0.001027	0.000408	0.022747	0.009037
67	A	235	71670	68403	0.003436	0	33	71670	117	65567	62786	0.001863	0	81	65567	0	0	0	nan	0	0	0	0.001572	0.000283	0.001572	0.000283	0.034818	0.006268
68	G	2510	71644	67737	0.037055	0	33	71644	993	65547	62326	0.015932	0	81	65547	0	0	0	nan	0	0	0	0.021123	0.000896	0.021123	0.000896	0.467849	0.019845
69	C	667	71632	67129	0.009936	0	33	71632	448	65537	61801	0.007249	0	81	65537	0	0	0	nan	0	0	0	0.002687	0.000515	0.002687	0.000515	0.059514	0.011407
70	U	793	71608	66664	0.011895	0	33	71608	1048	65523	61468	0.017050	0	81	65523	0	0	0	nan	0	0	0	-0.005154	0.000675	-0.005154	0.000675	-0.114155	0.014950
71	C	639	71578	66187	0.009654	0	33	71578	439	65502	61053	0.007190	0	81	65502	0	0	0	nan	0	0	0	0.002464	0.000513	0.002464	0.000513	0.054575	0.011362
72	C	447	71562	64292	0.006953	0	33	71562	463	65496	59535	0.007777	0	81	65496	0	0	0	nan	0	0	0	-0.000824	0.000489	-0.000824	0.000489	-0.018251	0.010831
73	A	3275	71504	64699	0.050619	0	33	71504	568	65445	59993	0.009468	0	81	65445	0	0	0	nan	0	0	0	0.041151	0.000970	0.041151	0.000970	0.911446	0.021484
74	C	3471	71400	64455	0.053852	0	32	71400	266	65402	59692	0.004456	0	78	65402	0	0	0	nan	0	0	0	0.049395	0.000954	0.049395	0.000954	1.094041	0.021130
75	C	3345	71109	63355	0.052798	0	32	71109	76	65333	60290	0.001261	0	75	65333	0	0	0	nan	0	0	0	0.051537	0.000924	0.051537	0.000924	1.141483	0.020466
76	A	0	68175	0	nan	0	31	68175	0	64395	0	nan	0	74	64395	0	0	0	nan	0	0	0	nan	nan	nan	nan	nan	nan