Nucleotide	Sequence	Modified_mutations	Modified_read_depth	Modified_effective_depth	Modified_rate	Modified_off_target_mapped_depth	Modified_low_mapq_mapped_depth	Modified_mapped_depth	Untreated_mutations	Untreated_read_depth	Untreated_effective_depth	Untreated_rate	Untreated_off_target_mapped_depth	Untreated_low_mapq_mapped_depth	Untreated_mapped_depth	Denatured_mutations	Denatured_read_depth	Denatured_effective_depth	Denatured_rate	Denatured_off_target_mapped_depth	Denatured_low_mapq_mapped_depth	Denatured_mapped_depth	Reactivity_profile	Std_err	HQ_profile	HQ_stderr	Norm_profile	Norm_stderr
1	G	0	1497	1459	0.000000	0	0	1497	0	1994	1929	0.000000	0	0	1994	0	0	0	nan	0	0	0	0.000000	0.000000	0.000000	0.000000	0.000000	0.000000
2	C	0	1604	1537	0.000000	0	0	1604	0	2024	1916	0.000000	0	0	2024	0	0	0	nan	0	0	0	0.000000	0.000000	0.000000	0.000000	0.000000	0.000000
3	C	7	1623	1554	0.004505	0	0	1623	9	2054	1943	0.004632	0	0	2054	0	0	0	nan	0	0	0	-0.000128	0.002298	-0.000128	0.002298	-0.003118	0.055987
4	C	6	1630	1548	0.003876	0	0	1630	12	2066	1945	0.006170	0	0	2066	0	0	0	nan	0	0	0	-0.002294	0.002382	-0.002294	0.002382	-0.055889	0.058033
5	G	56	1632	1546	0.036223	0	0	1632	24	2066	1945	0.012339	0	0	2066	0	0	0	nan	0	0	0	0.023883	0.005457	0.023883	0.005457	0.581867	0.132950
6	G	48	1642	1544	0.031088	0	0	1642	12	2066	1921	0.006247	0	0	2066	0	0	0	nan	0	0	0	0.024841	0.004836	0.024841	0.004836	0.605207	0.117821
7	A	37	1679	1584	0.023359	0	0	1679	8	2095	1955	0.004092	0	0	2095	0	0	0	nan	0	0	0	0.019267	0.004104	0.019267	0.004104	0.469407	0.099987
8	U	98	1742	1662	0.058965	0	0	1742	81	2129	2009	0.040319	0	0	2129	0	0	0	nan	0	0	0	0.018647	0.007453	0.018647	0.007453	0.454302	0.181579
9	A	72	1796	1717	0.041934	0	0	1796	8	2182	2083	0.003841	0	0	2182	0	0	0	nan	0	0	0	0.038093	0.005125	0.038093	0.005125	0.928069	0.124862
10	G	77	1939	1851	0.041599	0	0	1939	25	2188	2091	0.011956	0	0	2188	0	0	0	nan	0	0	0	0.029643	0.005310	0.029643	0.005310	0.722200	0.129369
11	C	34	1984	1890	0.017989	0	0	1984	22	2203	2105	0.010451	0	0	2203	0	0	0	nan	0	0	0	0.007538	0.003806	0.007538	0.003806	0.183650	0.092727
12	U	24	2102	2000	0.012000	0	0	2102	28	2292	2178	0.012856	0	0	2292	0	0	0	nan	0	0	0	-0.000856	0.003450	-0.000856	0.003450	-0.020855	0.084053
13	C	18	2119	2030	0.008867	0	0	2119	6	2311	2212	0.002712	0	0	2311	0	0	0	nan	0	0	0	0.006155	0.002365	0.006155	0.002365	0.149956	0.057619
14	A	76	2174	2079	0.036556	0	0	2174	3	2354	2247	0.001335	0	0	2354	0	0	0	nan	0	0	0	0.035221	0.004264	0.035221	0.004264	0.858098	0.103885
15	G	79	2200	2126	0.037159	0	0	2200	14	2354	2258	0.006200	0	0	2354	0	0	0	nan	0	0	0	0.030959	0.004497	0.030959	0.004497	0.754262	0.109562
16	U	36	2246	2173	0.016567	0	0	2246	54	2385	2288	0.023601	0	0	2385	0	0	0	nan	0	0	0	-0.007034	0.004235	-0.007034	0.004235	-0.171371	0.103178
17	C	73	2254	2170	0.033641	0	0	2254	10	2397	2300	0.004348	0	0	2397	0	0	0	nan	0	0	0	0.029293	0.004170	0.029293	0.004170	0.713673	0.101595
18	G	43	2283	2158	0.019926	0	0	2283	21	2419	2304	0.009115	0	0	2419	0	0	0	nan	0	0	0	0.010811	0.003632	0.010811	0.003632	0.263391	0.088487
19	G	138	2302	2179	0.063332	0	0	2302	19	2425	2298	0.008268	0	0	2425	0	0	0	nan	0	0	0	0.055064	0.005715	0.055064	0.005715	1.341538	0.139236
20	U	21	2324	2211	0.009498	0	0	2324	19	2439	2335	0.008137	0	0	2439	0	0	0	nan	0	0	0	0.001361	0.002789	0.001361	0.002789	0.033158	0.067949
21	A	46	2327	2242	0.020517	0	0	2327	10	2444	2363	0.004232	0	0	2444	0	0	0	nan	0	0	0	0.016285	0.003308	0.016285	0.003308	0.396756	0.080594
22	G	59	2334	2185	0.027002	0	0	2334	6	2447	2323	0.002583	0	0	2447	0	0	0	nan	0	0	0	0.024419	0.003670	0.024419	0.003670	0.594926	0.089413
23	A	25	2336	2174	0.011500	0	0	2336	4	2449	2303	0.001737	0	0	2449	0	0	0	nan	0	0	0	0.009763	0.002458	0.009763	0.002458	0.237858	0.059885
24	G	199	2336	2184	0.091117	0	0	2336	35	2448	2301	0.015211	0	0	2448	0	0	0	nan	0	0	0	0.075906	0.006952	0.075906	0.006952	1.849317	0.169373
25	C	25	2339	2227	0.011226	0	0	2339	13	2450	2318	0.005608	0	0	2450	0	0	0	nan	0	0	0	0.005618	0.002731	0.005618	0.002731	0.136873	0.066536
26	A	105	2338	2230	0.047085	0	0	2338	12	2448	2316	0.005181	0	0	2448	0	0	0	nan	0	0	0	0.041904	0.004832	0.041904	0.004832	1.020918	0.117723
27	G	64	2337	2194	0.029170	0	0	2337	40	2449	2276	0.017575	0	0	2449	0	0	0	nan	0	0	0	0.011596	0.004584	0.011596	0.004584	0.282516	0.111681
28	G	73	2338	2180	0.033486	0	0	2338	28	2449	2267	0.012351	0	0	2449	0	0	0	nan	0	0	0	0.021135	0.004562	0.021135	0.004562	0.514917	0.111145
29	G	80	2337	2179	0.036714	0	0	2337	31	2449	2262	0.013705	0	0	2449	0	0	0	nan	0	0	0	0.023009	0.004786	0.023009	0.004786	0.560574	0.116603
30	G	128	2337	2220	0.057658	0	0	2337	7	2447	2309	0.003032	0	0	2447	0	0	0	nan	0	0	0	0.054626	0.005223	0.054626	0.005223	1.330867	0.127249
31	A	39	2338	2252	0.017318	0	0	2338	19	2449	2342	0.008113	0	0	2449	0	0	0	nan	0	0	0	0.009205	0.003340	0.009205	0.003340	0.224264	0.081373
32	U	43	2339	2264	0.018993	0	0	2339	55	2451	2355	0.023355	0	0	2451	0	0	0	nan	0	0	0	-0.004362	0.004279	-0.004362	0.004279	-0.106272	0.104250
33	U	40	2340	2240	0.017857	0	0	2340	36	2451	2328	0.015464	0	0	2451	0	0	0	nan	0	0	0	0.002393	0.003823	0.002393	0.003823	0.058301	0.093141
34	G	98	2341	2251	0.043536	0	0	2341	23	2457	2346	0.009804	0	0	2457	0	0	0	nan	0	0	0	0.033732	0.004850	0.033732	0.004850	0.821821	0.118162
35	A	48	2347	2251	0.021324	0	0	2347	17	2463	2336	0.007277	0	0	2463	0	0	0	nan	0	0	0	0.014046	0.003548	0.014046	0.003548	0.342206	0.086441
36	A	20	2351	2249	0.008893	0	0	2351	4	2470	2365	0.001691	0	0	2470	0	0	0	nan	0	0	0	0.007202	0.002161	0.007202	0.002161	0.175464	0.052649
37	A	358	2355	2166	0.165282	0	0	2355	461	2471	2280	0.202193	0	0	2471	0	0	0	nan	0	0	0	-0.036911	0.012845	nan	nan	nan	nan
38	A	180	2417	2230	0.080717	0	0	2417	5	2497	2317	0.002158	0	0	2497	0	0	0	nan	0	0	0	0.078560	0.006093	0.078560	0.006093	1.913977	0.148445
39	U	9	2420	2252	0.003996	0	0	2420	15	2497	2319	0.006468	0	0	2497	0	0	0	nan	0	0	0	-0.002472	0.002136	-0.002472	0.002136	-0.060226	0.052040
40	C	9	2421	2281	0.003946	0	0	2421	15	2496	2350	0.006383	0	0	2496	0	0	0	nan	0	0	0	-0.002437	0.002109	-0.002437	0.002109	-0.059373	0.051382
41	C	13	2417	2268	0.005732	0	0	2417	9	2496	2348	0.003833	0	0	2496	0	0	0	nan	0	0	0	0.001899	0.002040	0.001899	0.002040	0.046266	0.049701
42	C	11	2416	2261	0.004865	0	0	2416	11	2496	2331	0.004719	0	0	2496	0	0	0	nan	0	0	0	0.000146	0.002044	0.000146	0.002044	0.003557	0.049798
43	C	11	2415	2290	0.004803	0	0	2415	11	2491	2354	0.004673	0	0	2491	0	0	0	nan	0	0	0	0.000131	0.002021	0.000131	0.002021	0.003192	0.049238
44	G	87	2415	2242	0.038805	0	0	2415	24	2491	2296	0.010453	0	0	2491	0	0	0	nan	0	0	0	0.028352	0.004676	0.028352	0.004676	0.690747	0.113923
45	U	19	2428	2206	0.008613	0	0	2428	19	2504	2274	0.008355	0	0	2504	0	0	0	nan	0	0	0	0.000258	0.002753	0.000258	0.002753	0.006286	0.067072
46	G	155	2439	2228	0.069569	0	0	2439	91	2514	2266	0.040159	0	0	2514	0	0	0	nan	0	0	0	0.029410	0.006996	0.029410	0.006996	0.716523	0.170445
47	U	72	2799	2607	0.027618	0	0	2799	120	2760	2542	0.047207	0	0	2760	0	0	0	nan	0	0	0	-0.019589	0.005400	-0.019589	0.005400	-0.477252	0.131562
48	C	63	2877	2593	0.024296	0	0	2877	18	2855	2562	0.007026	0	0	2855	0	0	0	nan	0	0	0	0.017270	0.003480	0.017270	0.003480	0.420753	0.084784
49	C	53	2886	2622	0.020214	0	0	2886	24	2865	2612	0.009188	0	0	2865	0	0	0	nan	0	0	0	0.011025	0.003351	0.011025	0.003351	0.268605	0.081641
50	U	33	2906	2614	0.012624	0	0	2906	34	2880	2619	0.012982	0	0	2880	0	0	0	nan	0	0	0	-0.000358	0.003128	-0.000358	0.003128	-0.008722	0.076208
51	U	36	2909	2693	0.013368	0	0	2909	32	2888	2693	0.011883	0	0	2888	0	0	0	nan	0	0	0	0.001485	0.003062	0.001485	0.003062	0.036179	0.074600
52	G	82	2911	2664	0.030781	0	0	2911	46	2889	2647	0.017378	0	0	2889	0	0	0	nan	0	0	0	0.013403	0.004257	0.013403	0.004257	0.326541	0.103714
53	G	154	2909	2679	0.057484	0	0	2909	27	2887	2645	0.010208	0	0	2887	0	0	0	nan	0	0	0	0.047276	0.005032	0.047276	0.005032	1.151797	0.122596
54	U	73	2911	2716	0.026878	0	0	2911	56	2888	2688	0.020833	0	0	2888	0	0	0	nan	0	0	0	0.006044	0.004201	0.006044	0.004201	0.147251	0.102350
55	U	19	2914	2678	0.007095	0	0	2914	13	2892	2643	0.004919	0	0	2892	0	0	0	nan	0	0	0	0.002176	0.002124	0.002176	0.002124	0.053014	0.051748
56	C	1684	2912	2676	0.629297	0	0	2912	1855	2891	2679	0.692423	0	0	2891	0	0	0	nan	0	0	0	-0.063125	0.022218	nan	nan	nan	nan
57	G	44	2912	2696	0.016320	0	0	2912	5	2891	2672	0.001871	0	0	2891	0	0	0	nan	0	0	0	0.014449	0.002599	0.014449	0.002599	0.352025	0.063320
58	A	429	2912	2751	0.155943	0	0	2912	28	2891	2741	0.010215	0	0	2891	0	0	0	nan	0	0	0	0.145728	0.007773	0.145728	0.007773	3.550408	0.189376
59	U	32	2912	2755	0.011615	0	0	2912	58	2890	2734	0.021214	0	0	2890	0	0	0	nan	0	0	0	-0.009599	0.003461	-0.009599	0.003461	-0.233863	0.084321
60	U	43	2912	2753	0.015619	0	0	2912	42	2889	2718	0.015453	0	0	2889	0	0	0	nan	0	0	0	0.000167	0.003370	0.000167	0.003370	0.004069	0.082104
61	C	43	2910	2661	0.016159	0	0	2910	37	2888	2626	0.014090	0	0	2888	0	0	0	nan	0	0	0	0.002069	0.003382	0.002069	0.003382	0.050408	0.082397
62	C	34	2908	2613	0.013012	0	0	2908	13	2887	2583	0.005033	0	0	2887	0	0	0	nan	0	0	0	0.007979	0.002632	0.007979	0.002632	0.194394	0.064124
63	G	64	2907	2579	0.024816	0	0	2907	10	2885	2593	0.003857	0	0	2885	0	0	0	nan	0	0	0	0.020959	0.003333	0.020959	0.003333	0.510629	0.081203
64	A	52	2907	2654	0.019593	0	0	2907	5	2882	2664	0.001877	0	0	2882	0	0	0	nan	0	0	0	0.017716	0.002844	0.017716	0.002844	0.431619	0.069289
65	G	102	2906	2686	0.037975	0	0	2906	27	2880	2693	0.010026	0	0	2880	0	0	0	nan	0	0	0	0.027949	0.004226	0.027949	0.004226	0.680928	0.102959
66	U	44	2906	2717	0.016194	0	0	2906	39	2877	2699	0.014450	0	0	2877	0	0	0	nan	0	0	0	0.001745	0.003364	0.001745	0.003364	0.042514	0.081958
67	C	17	2902	2628	0.006469	0	0	2902	14	2875	2619	0.005346	0	0	2875	0	0	0	nan	0	0	0	0.001123	0.002122	0.001123	0.002122	0.027360	0.051699
68	C	25	2901	2629	0.009509	0	0	2901	21	2873	2615	0.008031	0	0	2873	0	0	0	nan	0	0	0	0.001479	0.002586	0.001479	0.002586	0.036033	0.063003
69	G	58	2898	2545	0.022790	0	0	2898	25	2872	2537	0.009854	0	0	2872	0	0	0	nan	0	0	0	0.012936	0.003583	0.012936	0.003583	0.315163	0.087294
70	G	44	2898	2577	0.017074	0	0	2898	29	2872	2550	0.011373	0	0	2872	0	0	0	nan	0	0	0	0.005702	0.003329	0.005702	0.003329	0.138919	0.081105
71	G	123	2897	2595	0.047399	0	0	2897	28	2871	2561	0.010933	0	0	2871	0	0	0	nan	0	0	0	0.036466	0.004747	0.036466	0.004747	0.888430	0.115652
72	C	36	2896	2374	0.015164	0	0	2896	16	2869	2273	0.007039	0	0	2869	0	0	0	nan	0	0	0	0.008125	0.003080	0.008125	0.003080	0.197951	0.075039
73	A	9	2891	2393	0.003761	0	0	2891	5	2866	2314	0.002161	0	0	2866	0	0	0	nan	0	0	0	0.001600	0.001583	0.001600	0.001583	0.038981	0.038567
74	C	42	2889	2339	0.017956	0	0	2889	2	2863	2244	0.000891	0	0	2863	0	0	0	nan	0	0	0	0.017065	0.002842	0.017065	0.002842	0.415759	0.069240
75	C	45	2887	2428	0.018534	0	0	2887	4	2861	2464	0.001623	0	0	2861	0	0	0	nan	0	0	0	0.016910	0.002880	0.016910	0.002880	0.411983	0.070166
76	A	0	2795	0	nan	0	0	2795	0	2829	0	nan	0	0	2829	0	0	0	nan	0	0	0	nan	nan	nan	nan	nan	nan