Nucleotide	Sequence	Modified_mutations	Modified_read_depth	Modified_effective_depth	Modified_rate	Modified_off_target_mapped_depth	Modified_low_mapq_mapped_depth	Modified_mapped_depth	Untreated_mutations	Untreated_read_depth	Untreated_effective_depth	Untreated_rate	Untreated_off_target_mapped_depth	Untreated_low_mapq_mapped_depth	Untreated_mapped_depth	Denatured_mutations	Denatured_read_depth	Denatured_effective_depth	Denatured_rate	Denatured_off_target_mapped_depth	Denatured_low_mapq_mapped_depth	Denatured_mapped_depth	Reactivity_profile	Std_err	HQ_profile	HQ_stderr	Norm_profile	Norm_stderr
1	G	0	2130	2041	0.000000	0	75	2130	0	2801	2685	0.000000	0	34	2801	0	0	0	nan	0	0	0	0.000000	0.000000	0.000000	0.000000	0.000000	0.000000
2	G	0	2212	2099	0.000000	0	77	2212	0	2852	2712	0.000000	0	35	2852	0	0	0	nan	0	0	0	0.000000	0.000000	0.000000	0.000000	0.000000	0.000000
3	U	23	2303	2171	0.010594	0	81	2303	31	2894	2736	0.011330	0	35	2894	0	0	0	nan	0	0	0	-0.000736	0.003004	-0.000736	0.003004	-0.020498	0.083662
4	G	30	2317	2192	0.013686	0	82	2317	22	2907	2737	0.008038	0	35	2907	0	0	0	nan	0	0	0	0.005648	0.003030	0.005648	0.003030	0.157298	0.084386
5	G	70	2337	2198	0.031847	0	83	2337	48	2914	2714	0.017686	0	35	2914	0	0	0	nan	0	0	0	0.014161	0.004583	0.014161	0.004583	0.394387	0.127638
6	G	42	2359	2223	0.018893	0	84	2359	21	2921	2705	0.007763	0	35	2921	0	0	0	nan	0	0	0	0.011130	0.003372	0.011130	0.003372	0.309973	0.093911
7	G	73	2368	2202	0.033152	0	85	2368	64	2946	2693	0.023765	0	35	2946	0	0	0	nan	0	0	0	0.009386	0.004887	0.009386	0.004887	0.261402	0.136104
8	U	470	2515	2283	0.205869	0	91	2515	764	3120	2804	0.272468	0	37	3120	0	0	0	nan	0	0	0	-0.066598	0.013687	nan	nan	nan	nan
9	U	295	2793	2650	0.111321	0	101	2793	410	3546	3308	0.123942	0	41	3546	0	0	0	nan	0	0	0	-0.012621	0.008915	nan	nan	nan	nan
10	C	31	3128	3012	0.010292	0	116	3128	22	4269	4081	0.005391	0	53	4269	0	0	0	nan	0	0	0	0.004901	0.002177	0.004901	0.002177	0.136494	0.060630
11	C	34	3217	3104	0.010954	0	119	3217	20	4335	4177	0.004788	0	55	4335	0	0	0	nan	0	0	0	0.006165	0.002162	0.006165	0.002162	0.171697	0.060212
12	C	57	3301	3161	0.018032	0	122	3301	35	4447	4253	0.008229	0	55	4447	0	0	0	nan	0	0	0	0.009803	0.002764	0.009803	0.002764	0.273016	0.076978
13	G	57	3337	3001	0.018994	0	123	3337	26	4480	3995	0.006508	0	55	4480	0	0	0	nan	0	0	0	0.012486	0.002821	0.012486	0.002821	0.347738	0.078565
14	A	91	3366	3008	0.030253	0	124	3366	25	4493	3980	0.006281	0	55	4493	0	0	0	nan	0	0	0	0.023971	0.003411	0.023971	0.003411	0.667597	0.094997
15	G	99	3417	3069	0.032258	0	125	3417	49	4520	4013	0.012210	0	56	4520	0	0	0	nan	0	0	0	0.020048	0.003682	0.020048	0.003682	0.558341	0.102544
16	C	207	3519	3335	0.062069	0	128	3519	71	4565	4285	0.016569	0	56	4565	0	0	0	nan	0	0	0	0.045500	0.004741	0.045500	0.004741	1.267184	0.132038
17	G	157	3563	3382	0.046422	0	131	3563	126	4580	4326	0.029126	0	57	4580	0	0	0	nan	0	0	0	0.017296	0.004523	0.017296	0.004523	0.481697	0.125966
18	G	119	3606	3430	0.034694	0	133	3606	89	4599	4359	0.020418	0	57	4599	0	0	0	nan	0	0	0	0.014276	0.003847	0.014276	0.003847	0.397590	0.107140
19	C	231	3685	3534	0.065365	0	136	3685	35	4629	4429	0.007902	0	58	4629	0	0	0	nan	0	0	0	0.057463	0.004503	0.057463	0.004503	1.600356	0.125409
20	C	37	3809	3704	0.009989	0	139	3809	20	4692	4559	0.004387	0	58	4692	0	0	0	nan	0	0	0	0.005602	0.001913	0.005602	0.001913	0.156017	0.053277
21	A	136	3966	3833	0.035481	0	143	3966	13	4771	4594	0.002830	0	59	4771	0	0	0	nan	0	0	0	0.032652	0.003142	0.032652	0.003142	0.909365	0.087505
22	A	36	4087	3948	0.009119	0	150	4087	11	4799	4605	0.002389	0	59	4799	0	0	0	nan	0	0	0	0.006730	0.001682	0.006730	0.001682	0.187432	0.046844
23	A	481	4155	3951	0.121741	0	153	4155	28	4816	4560	0.006140	0	59	4816	0	0	0	nan	0	0	0	0.115601	0.005671	0.115601	0.005671	3.219512	0.157939
24	G	140	4303	4017	0.034852	0	157	4303	97	4825	4481	0.021647	0	58	4825	0	0	0	nan	0	0	0	0.013205	0.003675	0.013205	0.003675	0.367762	0.102350
25	G	127	4342	4001	0.031742	0	158	4342	81	4843	4458	0.018170	0	56	4843	0	0	0	nan	0	0	0	0.013572	0.003465	0.013572	0.003465	0.377983	0.096501
26	G	180	4363	4016	0.044821	0	159	4363	32	4853	4452	0.007188	0	56	4853	0	0	0	nan	0	0	0	0.037633	0.003574	0.037633	0.003574	1.048087	0.099537
27	A	592	4382	4093	0.144637	0	159	4382	17	4870	4556	0.003731	0	56	4870	0	0	0	nan	0	0	0	0.140906	0.006013	0.140906	0.006013	3.924261	0.167463
28	G	97	4407	4153	0.023357	0	159	4407	47	4882	4617	0.010180	0	56	4882	0	0	0	nan	0	0	0	0.013177	0.002798	0.013177	0.002798	0.366982	0.077925
29	C	18	4427	4226	0.004259	0	159	4427	18	4887	4660	0.003863	0	57	4887	0	0	0	nan	0	0	0	0.000397	0.001355	0.000397	0.001355	0.011057	0.037737
30	A	37	4431	4247	0.008712	0	159	4431	23	4892	4679	0.004916	0	57	4892	0	0	0	nan	0	0	0	0.003796	0.001761	0.003796	0.001761	0.105719	0.049044
31	G	183	4436	4139	0.044214	0	159	4436	26	4894	4577	0.005681	0	57	4894	0	0	0	nan	0	0	0	0.038533	0.003453	0.038533	0.003453	1.073152	0.096167
32	A	59	4447	4113	0.014345	0	159	4447	38	4904	4568	0.008319	0	55	4904	0	0	0	nan	0	0	0	0.006026	0.002304	0.006026	0.002304	0.167825	0.064167
33	C	95	4452	4112	0.023103	0	159	4452	55	4909	4555	0.012075	0	55	4909	0	0	0	nan	0	0	0	0.011028	0.002876	0.011028	0.002876	0.307132	0.080097
34	U	48	4458	4183	0.011475	0	159	4458	47	4921	4616	0.010182	0	55	4921	0	0	0	nan	0	0	0	0.001293	0.002225	0.001293	0.002225	0.036010	0.061967
35	G	167	4463	4160	0.040144	0	159	4463	158	4938	4570	0.034573	0	55	4938	0	0	0	nan	0	0	0	0.005571	0.004149	0.005571	0.004149	0.155154	0.115551
36	U	55	4561	4285	0.012835	0	160	4561	55	5044	4716	0.011662	0	56	5044	0	0	0	nan	0	0	0	0.001173	0.002338	0.001173	0.002338	0.032668	0.065114
37	A	62	4582	4354	0.014240	0	160	4582	16	5066	4818	0.003321	0	56	5066	0	0	0	nan	0	0	0	0.010919	0.001990	0.010919	0.001990	0.304096	0.055422
38	A	608	4607	4412	0.137806	0	161	4607	676	5075	4897	0.138044	0	56	5075	0	0	0	nan	0	0	0	-0.000238	0.007709	nan	nan	nan	nan
39	A	272	4772	4580	0.059389	0	164	4772	18	5257	5028	0.003580	0	56	5257	0	0	0	nan	0	0	0	0.055809	0.003699	0.055809	0.003699	1.554292	0.103018
40	U	58	4811	4607	0.012590	0	164	4811	56	5288	5059	0.011069	0	54	5288	0	0	0	nan	0	0	0	0.001520	0.002218	0.001520	0.002218	0.042332	0.061772
41	C	43	4824	4631	0.009285	0	165	4824	40	5301	5085	0.007866	0	53	5301	0	0	0	nan	0	0	0	0.001419	0.001885	0.001419	0.001885	0.039519	0.052498
42	U	25	4865	4629	0.005401	0	166	4865	33	5339	5095	0.006477	0	52	5339	0	0	0	nan	0	0	0	-0.001076	0.001561	-0.001076	0.001561	-0.029967	0.043474
43	G	141	4878	4639	0.030394	0	164	4878	63	5346	5095	0.012365	0	48	5346	0	0	0	nan	0	0	0	0.018029	0.002996	0.018029	0.002996	0.502111	0.083439
44	C	53	4881	4634	0.011437	0	163	4881	58	5348	5082	0.011413	0	47	5348	0	0	0	nan	0	0	0	0.000024	0.002171	0.000024	0.002171	0.000668	0.060463
45	C	38	4884	4631	0.008206	0	163	4884	28	5348	5053	0.005541	0	45	5348	0	0	0	nan	0	0	0	0.002664	0.001694	0.002664	0.001694	0.074193	0.047178
46	G	77	4888	4529	0.017002	0	161	4888	50	5350	4944	0.010113	0	41	5350	0	0	0	nan	0	0	0	0.006888	0.002408	0.006888	0.002408	0.191832	0.067063
47	U	53	4912	4547	0.011656	0	160	4912	72	5371	4966	0.014499	0	40	5371	0	0	0	nan	0	0	0	-0.002843	0.002342	-0.002843	0.002342	-0.079178	0.065225
48	C	53	4918	4579	0.011575	0	160	4918	12	5375	5026	0.002388	0	40	5375	0	0	0	nan	0	0	0	0.009187	0.001733	0.009187	0.001733	0.255860	0.048264
49	A	205	4933	4648	0.044105	0	160	4933	39	5385	5105	0.007640	0	38	5385	0	0	0	nan	0	0	0	0.036465	0.003314	0.036465	0.003314	1.015558	0.092296
50	U	27	4949	4657	0.005798	0	159	4949	37	5399	5125	0.007220	0	38	5399	0	0	0	nan	0	0	0	-0.001422	0.001629	-0.001422	0.001629	-0.039603	0.045368
51	C	128	4952	4604	0.027802	0	159	4952	34	5402	5061	0.006718	0	39	5402	0	0	0	nan	0	0	0	0.021084	0.002714	0.021084	0.002714	0.587194	0.075585
52	G	88	4952	4417	0.019923	0	164	4952	14	5402	4843	0.002891	0	39	5402	0	0	0	nan	0	0	0	0.017032	0.002260	0.017032	0.002260	0.474345	0.062941
53	A	71	4952	4433	0.016016	0	167	4952	34	5401	4851	0.007009	0	43	5401	0	0	0	nan	0	0	0	0.009007	0.002249	0.009007	0.002249	0.250847	0.062635
54	C	56	4950	4465	0.012542	0	167	4950	52	5400	4900	0.010612	0	43	5400	0	0	0	nan	0	0	0	0.001930	0.002230	0.001930	0.002230	0.053751	0.062106
55	U	45	4948	4658	0.009661	0	178	4948	81	5398	5115	0.015836	0	55	5398	0	0	0	nan	0	0	0	-0.006175	0.002274	-0.006175	0.002274	-0.171975	0.063331
56	U	74	4948	4628	0.015990	0	232	4948	58	5398	5070	0.011440	0	91	5398	0	0	0	nan	0	0	0	0.004550	0.002390	0.004550	0.002390	0.126718	0.066562
57	C	125	4946	4586	0.027257	0	247	4946	66	5395	4984	0.013242	0	100	5395	0	0	0	nan	0	0	0	0.014014	0.002933	0.014014	0.002933	0.390293	0.081685
58	G	91	4945	4606	0.019757	0	257	4945	12	5393	4996	0.002402	0	102	5393	0	0	0	nan	0	0	0	0.017355	0.002184	0.017355	0.002184	0.483340	0.060825
59	A	47	4944	4606	0.010204	0	259	4944	23	5392	4971	0.004627	0	104	5392	0	0	0	nan	0	0	0	0.005577	0.001774	0.005577	0.001774	0.155321	0.049406
60	A	31	4943	4625	0.006703	0	259	4943	17	5388	5038	0.003374	0	107	5388	0	0	0	nan	0	0	0	0.003328	0.001456	0.003328	0.001456	0.092685	0.040550
61	G	76	4940	4523	0.016803	0	260	4940	66	5386	4908	0.013447	0	107	5386	0	0	0	nan	0	0	0	0.003356	0.002541	0.003356	0.002541	0.093465	0.070767
62	G	147	4937	4461	0.032952	0	260	4937	60	5381	4864	0.012336	0	107	5381	0	0	0	nan	0	0	0	0.020617	0.003150	0.020617	0.003150	0.574188	0.087728
63	U	90	4935	4488	0.020053	0	267	4935	170	5379	4898	0.034708	0	107	5379	0	0	0	nan	0	0	0	-0.014655	0.003399	-0.014655	0.003399	-0.408145	0.094663
64	U	80	4933	4491	0.017813	0	267	4933	98	5378	4908	0.019967	0	107	5378	0	0	0	nan	0	0	0	-0.002154	0.002835	-0.002154	0.002835	-0.059989	0.078955
65	C	83	4931	4452	0.018643	0	267	4931	90	5368	4886	0.018420	0	107	5368	0	0	0	nan	0	0	0	0.000223	0.002821	0.000223	0.002821	0.006211	0.078565
66	G	36	4926	4349	0.008278	0	267	4926	22	5360	4754	0.004628	0	107	5360	0	0	0	nan	0	0	0	0.003650	0.001696	0.003650	0.001696	0.101653	0.047234
67	A	2317	4915	4146	0.558852	0	267	4915	8	5351	4380	0.001826	0	107	5351	0	0	0	nan	0	0	0	0.557025	0.011628	0.557025	0.011628	15.513262	0.323842
68	A	74	4911	4195	0.017640	0	267	4911	51	5348	4429	0.011515	0	107	5348	0	0	0	nan	0	0	0	0.006125	0.002609	0.006125	0.002609	0.170583	0.072661
69	U	25	4903	4188	0.005969	0	267	4903	41	5343	4426	0.009263	0	107	5343	0	0	0	nan	0	0	0	-0.003294	0.001876	-0.003294	0.001876	-0.091739	0.052247
70	C	15	4894	4217	0.003557	0	267	4894	28	5338	4623	0.006057	0	106	5338	0	0	0	nan	0	0	0	-0.002500	0.001468	-0.002500	0.001468	-0.069626	0.040884
71	C	57	4890	4188	0.013610	0	267	4890	79	5334	4607	0.017148	0	106	5334	0	0	0	nan	0	0	0	-0.003538	0.002640	-0.003538	0.002640	-0.098534	0.073525
72	U	39	4884	4230	0.009220	0	267	4884	58	5326	4591	0.012633	0	106	5326	0	0	0	nan	0	0	0	-0.003414	0.002221	-0.003414	0.002221	-0.095081	0.061855
73	U	56	4879	4350	0.012874	0	267	4879	87	5318	4701	0.018507	0	106	5318	0	0	0	nan	0	0	0	-0.005633	0.002626	-0.005633	0.002626	-0.156880	0.073135
74	C	78	4875	4250	0.018353	0	267	4875	66	5313	4583	0.014401	0	106	5313	0	0	0	nan	0	0	0	0.003952	0.002731	0.003952	0.002731	0.110064	0.076059
75	C	40	4867	4147	0.009646	0	267	4867	60	5306	4436	0.013526	0	106	5306	0	0	0	nan	0	0	0	-0.003880	0.002318	-0.003880	0.002318	-0.108059	0.064557
76	C	41	4863	4086	0.010034	0	267	4863	44	5302	4351	0.010113	0	106	5302	0	0	0	nan	0	0	0	-0.000078	0.002186	-0.000078	0.002186	-0.002172	0.060881
77	C	50	4860	4078	0.012261	0	266	4860	48	5297	4366	0.010994	0	106	5297	0	0	0	nan	0	0	0	0.001267	0.002350	0.001267	0.002350	0.035286	0.065448
78	C	22	4840	3301	0.006665	0	266	4840	23	5288	3674	0.006260	0	106	5288	0	0	0	nan	0	0	0	0.000404	0.001929	0.000404	0.001929	0.011251	0.053723
79	A	44	4836	3429	0.012832	0	266	4836	36	5281	3850	0.009351	0	106	5281	0	0	0	nan	0	0	0	0.003481	0.002484	0.003481	0.002484	0.096947	0.069180
80	C	35	4835	3355	0.010432	0	266	4835	43	5280	3768	0.011412	0	106	5280	0	0	0	nan	0	0	0	-0.000980	0.002478	-0.000980	0.002478	-0.027293	0.069013
81	C	173	4831	3478	0.049741	0	266	4831	199	5276	3790	0.052507	0	106	5276	0	0	0	nan	0	0	0	-0.002765	0.005306	nan	nan	nan	nan
82	A	99	4818	3449	0.028704	0	264	4818	31	5268	3783	0.008195	0	105	5268	0	0	0	nan	0	0	0	0.020509	0.003239	0.020509	0.003239	0.571180	0.090207
83	C	143	4806	3568	0.040078	0	264	4806	21	5251	3926	0.005349	0	105	5251	0	0	0	nan	0	0	0	0.034730	0.003549	0.034730	0.003549	0.967238	0.098840
84	C	153	4791	3982	0.038423	0	263	4791	3	5239	4572	0.000656	0	105	5239	0	0	0	nan	0	0	0	0.037767	0.003129	0.037767	0.003129	1.051819	0.087143
85	A	0	4586	0	nan	0	257	4586	0	5150	0	nan	0	103	5150	0	0	0	nan	0	0	0	nan	nan	nan	nan	nan	nan