Nucleotide	Sequence	Modified_mutations	Modified_read_depth	Modified_effective_depth	Modified_rate	Modified_off_target_mapped_depth	Modified_low_mapq_mapped_depth	Modified_mapped_depth	Untreated_mutations	Untreated_read_depth	Untreated_effective_depth	Untreated_rate	Untreated_off_target_mapped_depth	Untreated_low_mapq_mapped_depth	Untreated_mapped_depth	Denatured_mutations	Denatured_read_depth	Denatured_effective_depth	Denatured_rate	Denatured_off_target_mapped_depth	Denatured_low_mapq_mapped_depth	Denatured_mapped_depth	Reactivity_profile	Std_err	HQ_profile	HQ_stderr	Norm_profile	Norm_stderr
1	G	0	933	913	0.000000	0	0	933	0	2008	1961	0.000000	0	0	2008	0	0	0	nan	0	0	0	0.000000	0.000000	0.000000	0.000000	0.000000	0.000000
2	C	0	997	967	0.000000	0	0	997	0	2066	1998	0.000000	0	0	2066	0	0	0	nan	0	0	0	0.000000	0.000000	0.000000	0.000000	0.000000	0.000000
3	C	2	1015	988	0.002024	0	0	1015	9	2094	2044	0.004403	0	0	2094	0	0	0	nan	0	0	0	-0.002379	0.002050	-0.002379	0.002050	-0.052561	0.045292
4	C	5	1032	975	0.005128	0	0	1032	13	2130	2036	0.006385	0	0	2130	0	0	0	nan	0	0	0	-0.001257	0.002898	-0.001257	0.002898	-0.027772	0.064027
5	G	32	1038	976	0.032787	0	0	1038	22	2146	2024	0.010870	0	0	2146	0	0	0	nan	0	0	0	0.021917	0.006242	0.021917	0.006242	0.484225	0.137908
6	G	27	1047	986	0.027383	0	0	1047	9	2152	2036	0.004420	0	0	2152	0	0	0	nan	0	0	0	0.022963	0.005472	0.022963	0.005472	0.507335	0.120896
7	A	18	1079	1016	0.017717	0	0	1079	9	2196	2094	0.004298	0	0	2196	0	0	0	nan	0	0	0	0.013419	0.004415	0.013419	0.004415	0.296474	0.097543
8	U	146	1114	1029	0.141885	0	0	1114	262	2232	2126	0.123236	0	0	2232	0	0	0	nan	0	0	0	0.018649	0.013995	nan	nan	nan	nan
9	G	13	1207	1103	0.011786	0	0	1207	21	2338	2193	0.009576	0	0	2338	0	0	0	nan	0	0	0	0.002210	0.003880	0.002210	0.003880	0.048827	0.085723
10	G	68	1246	1150	0.059130	0	0	1246	29	2383	2244	0.012923	0	0	2383	0	0	0	nan	0	0	0	0.046207	0.007562	0.046207	0.007562	1.020878	0.167072
11	U	20	1303	1209	0.016543	0	0	1303	36	2434	2281	0.015783	0	0	2434	0	0	0	nan	0	0	0	0.000760	0.004539	0.000760	0.004539	0.016791	0.100283
12	G	29	1326	1243	0.023331	0	0	1326	31	2473	2328	0.013316	0	0	2473	0	0	0	nan	0	0	0	0.010015	0.004949	0.010015	0.004949	0.221267	0.109341
13	G	16	1368	1299	0.012317	0	0	1368	14	2499	2363	0.005925	0	0	2499	0	0	0	nan	0	0	0	0.006392	0.003463	0.006392	0.003463	0.141222	0.076510
14	A	7	1391	1322	0.005295	0	0	1391	1	2529	2414	0.000414	0	0	2529	0	0	0	nan	0	0	0	0.004881	0.002044	0.004881	0.002044	0.107839	0.045159
15	A	12	1434	1367	0.008778	0	0	1434	44	2575	2481	0.017735	0	0	2575	0	0	0	nan	0	0	0	-0.008956	0.003684	-0.008956	0.003684	-0.197870	0.081393
16	U	38	2690	2578	0.014740	0	0	2690	61	4136	3988	0.015296	0	0	4136	0	0	0	nan	0	0	0	-0.000556	0.003091	-0.000556	0.003091	-0.012284	0.068291
17	C	25	2854	2704	0.009246	0	0	2854	17	4411	4215	0.004033	0	0	4411	0	0	0	nan	0	0	0	0.005212	0.002092	0.005212	0.002092	0.115152	0.046220
18	G	91	3011	2860	0.031818	0	0	3011	94	4498	4292	0.021901	0	0	4498	0	0	0	nan	0	0	0	0.009917	0.004028	0.009917	0.004028	0.219102	0.088993
19	G	179	3043	2891	0.061916	0	0	3043	59	4522	4291	0.013750	0	0	4522	0	0	0	nan	0	0	0	0.048167	0.004962	0.048167	0.004962	1.064182	0.109628
20	U	30	3268	3148	0.009530	0	0	3268	76	4587	4414	0.017218	0	0	4587	0	0	0	nan	0	0	0	-0.007688	0.002632	-0.007688	0.002632	-0.169856	0.058150
21	A	14	3294	3177	0.004407	0	0	3294	15	4619	4462	0.003362	0	0	4619	0	0	0	nan	0	0	0	0.001045	0.001463	0.001045	0.001463	0.023088	0.032323
22	G	59	3341	3142	0.018778	0	0	3341	24	4661	4386	0.005472	0	0	4661	0	0	0	nan	0	0	0	0.013306	0.002688	0.013306	0.002688	0.293977	0.059388
23	A	479	3379	3179	0.150676	0	0	3379	24	4699	4424	0.005425	0	0	4699	0	0	0	nan	0	0	0	0.145251	0.006973	0.145251	0.006973	3.209116	0.154059
24	C	19	3420	3247	0.005852	0	0	3420	18	4713	4467	0.004030	0	0	4713	0	0	0	nan	0	0	0	0.001822	0.001644	0.001822	0.001644	0.040255	0.036322
25	A	27	3462	3366	0.008021	0	0	3462	20	4753	4648	0.004303	0	0	4753	0	0	0	nan	0	0	0	0.003718	0.001819	0.003718	0.001819	0.082144	0.040188
26	C	22	3474	3373	0.006522	0	0	3474	24	4763	4653	0.005158	0	0	4763	0	0	0	nan	0	0	0	0.001364	0.001744	0.001364	0.001744	0.030136	0.038531
27	A	303	3480	3384	0.089539	0	0	3480	15	4785	4687	0.003200	0	0	4785	0	0	0	nan	0	0	0	0.086339	0.005210	0.086339	0.005210	1.907538	0.115108
28	A	44	3489	3332	0.013205	0	0	3489	32	4792	4601	0.006955	0	0	4792	0	0	0	nan	0	0	0	0.006250	0.002340	0.006250	0.002340	0.138085	0.051699
29	G	84	3492	3258	0.025783	0	0	3492	88	4794	4506	0.019530	0	0	4794	0	0	0	nan	0	0	0	0.006253	0.003500	0.006253	0.003500	0.138151	0.077328
30	G	80	3494	3225	0.024806	0	0	3494	58	4797	4473	0.012967	0	0	4797	0	0	0	nan	0	0	0	0.011840	0.003254	0.011840	0.003254	0.261588	0.071893
31	G	143	3495	3270	0.043731	0	0	3495	39	4797	4524	0.008621	0	0	4797	0	0	0	nan	0	0	0	0.035110	0.003909	0.035110	0.003909	0.775706	0.086364
32	A	120	3498	3312	0.036232	0	0	3498	165	4804	4570	0.036105	0	0	4804	0	0	0	nan	0	0	0	0.000127	0.004341	0.000127	0.004341	0.002806	0.095908
33	U	43	3514	3344	0.012859	0	0	3514	65	4829	4626	0.014051	0	0	4829	0	0	0	nan	0	0	0	-0.001192	0.002623	-0.001192	0.002623	-0.026336	0.057951
34	U	24	3523	3321	0.007227	0	0	3523	37	4842	4589	0.008063	0	0	4842	0	0	0	nan	0	0	0	-0.000836	0.001983	-0.000836	0.001983	-0.018470	0.043812
35	U	880	3556	3424	0.257009	0	0	3556	1474	4889	4714	0.312686	0	0	4889	0	0	0	nan	0	0	0	-0.055676	0.011891	nan	nan	nan	nan
36	A	21	3668	3563	0.005894	0	0	3668	10	5112	4988	0.002005	0	0	5112	0	0	0	nan	0	0	0	0.003889	0.001434	0.003889	0.001434	0.085922	0.031682
37	A	17	3682	3559	0.004777	0	0	3682	5	5123	4991	0.001002	0	0	5123	0	0	0	nan	0	0	0	0.003775	0.001242	0.003775	0.001242	0.083403	0.027440
38	A	552	3689	3422	0.161309	0	0	3689	962	5125	4858	0.198024	0	0	5125	0	0	0	nan	0	0	0	-0.036715	0.009376	nan	nan	nan	nan
39	A	382	3836	3570	0.107003	0	0	3836	14	5231	4920	0.002846	0	0	5231	0	0	0	nan	0	0	0	0.104157	0.005527	0.104157	0.005527	2.301202	0.122111
40	U	28	3866	3611	0.007754	0	0	3866	49	5244	4924	0.009951	0	0	5244	0	0	0	nan	0	0	0	-0.002197	0.002042	-0.002197	0.002042	-0.048540	0.045115
41	C	9	3870	3600	0.002500	0	0	3870	23	5250	4891	0.004703	0	0	5250	0	0	0	nan	0	0	0	-0.002203	0.001287	-0.002203	0.001287	-0.048672	0.028434
42	C	4	3880	3568	0.001121	0	0	3880	23	5257	4840	0.004752	0	0	5257	0	0	0	nan	0	0	0	-0.003631	0.001138	-0.003631	0.001138	-0.080222	0.025143
43	C	23	3879	3557	0.006466	0	0	3879	20	5256	4835	0.004137	0	0	5256	0	0	0	nan	0	0	0	0.002330	0.001635	0.002330	0.001635	0.051478	0.036123
44	U	60	3898	3677	0.016318	0	0	3898	80	5267	4986	0.016045	0	0	5267	0	0	0	nan	0	0	0	0.000273	0.002767	0.000273	0.002767	0.006032	0.061133
45	C	46	3905	3692	0.012459	0	0	3905	26	5267	4994	0.005206	0	1	5267	0	0	0	nan	0	0	0	0.007253	0.002102	0.007253	0.002102	0.160245	0.046441
46	G	69	3933	3643	0.018940	0	0	3933	44	5281	4936	0.008914	0	1	5281	0	0	0	nan	0	0	0	0.010026	0.002647	0.010026	0.002647	0.221510	0.058482
47	G	118	3935	3627	0.032534	0	0	3935	64	5278	4902	0.013056	0	1	5278	0	0	0	nan	0	0	0	0.019478	0.003411	0.019478	0.003411	0.430339	0.075361
48	C	38	3936	3650	0.010411	0	0	3936	40	5277	4928	0.008117	0	1	5277	0	0	0	nan	0	0	0	0.002294	0.002121	0.002294	0.002121	0.050683	0.046861
49	G	317	3935	3682	0.086095	0	0	3935	65	5279	4948	0.013137	0	1	5279	0	0	0	nan	0	0	0	0.072958	0.005103	0.072958	0.005103	1.611904	0.112744
50	U	52	3945	3686	0.014107	0	0	3945	87	5284	4956	0.017554	0	1	5284	0	0	0	nan	0	0	0	-0.003447	0.002715	-0.003447	0.002715	-0.076157	0.059984
51	U	75	3963	3738	0.020064	0	0	3963	88	5294	5014	0.017551	0	1	5294	0	0	0	nan	0	0	0	0.002513	0.002978	0.002513	0.002978	0.055521	0.065795
52	C	212	3971	3744	0.056624	0	0	3971	44	5297	5041	0.008728	0	1	5297	0	0	0	nan	0	0	0	0.047896	0.004106	0.047896	0.004106	1.058195	0.090716
53	G	158	3978	3765	0.041965	0	0	3978	57	5296	5027	0.011339	0	1	5296	0	0	0	nan	0	0	0	0.030627	0.003661	0.030627	0.003661	0.676660	0.080885
54	C	67	3980	3721	0.018006	0	0	3980	47	5295	4951	0.009493	0	1	5295	0	0	0	nan	0	0	0	0.008513	0.002599	0.008513	0.002599	0.188083	0.057421
55	G	265	3980	3758	0.070516	0	0	3980	65	5291	4978	0.013057	0	1	5291	0	0	0	nan	0	0	0	0.057459	0.004625	0.057459	0.004625	1.269475	0.102183
56	C	49	3981	3729	0.013140	0	0	3981	79	5290	4981	0.015860	0	1	5290	0	0	0	nan	0	0	0	-0.002720	0.002590	-0.002720	0.002590	-0.060095	0.057222
57	U	29	3982	3710	0.007817	0	0	3982	41	5286	4947	0.008288	0	1	5286	0	0	0	nan	0	0	0	-0.000471	0.001945	-0.000471	0.001945	-0.010406	0.042972
58	G	129	3978	3612	0.035714	0	0	3978	55	5284	4739	0.011606	0	2	5284	0	0	0	nan	0	0	0	0.024108	0.003512	0.024108	0.003512	0.532632	0.077593
59	U	57	3980	3615	0.015768	0	0	3980	89	5285	4725	0.018836	0	2	5285	0	0	0	nan	0	0	0	-0.003068	0.002889	-0.003068	0.002889	-0.067783	0.063828
60	G	117	3976	3624	0.032285	0	0	3976	55	5279	4760	0.011555	0	2	5279	0	0	0	nan	0	0	0	0.020730	0.003367	0.020730	0.003367	0.458000	0.074389
61	C	53	3976	3679	0.014406	0	0	3976	71	5276	4868	0.014585	0	2	5276	0	0	0	nan	0	0	0	-0.000179	0.002629	-0.000179	0.002629	-0.003955	0.058084
62	G	47	3973	3665	0.012824	0	0	3973	54	5269	4823	0.011196	0	2	5269	0	0	0	nan	0	0	0	0.001628	0.002413	0.001628	0.002413	0.035968	0.053312
63	G	69	3975	3640	0.018956	0	0	3975	75	5269	4784	0.015677	0	2	5269	0	0	0	nan	0	0	0	0.003279	0.002913	0.003279	0.002913	0.072445	0.064359
64	G	126	3975	3630	0.034711	0	0	3975	45	5267	4795	0.009385	0	2	5267	0	0	0	nan	0	0	0	0.025326	0.003394	0.025326	0.003394	0.559542	0.074986
65	U	67	3974	3661	0.018301	0	0	3974	72	5266	4844	0.014864	0	2	5266	0	0	0	nan	0	0	0	0.003437	0.002840	0.003437	0.002840	0.075936	0.062746
66	U	67	3973	3650	0.018356	0	0	3973	105	5268	4890	0.021472	0	2	5268	0	0	0	nan	0	0	0	-0.003116	0.003069	-0.003116	0.003069	-0.068844	0.067805
67	C	114	3970	3712	0.030711	0	0	3970	36	5268	4970	0.007243	0	2	5268	0	0	0	nan	0	0	0	0.023468	0.003119	0.023468	0.003119	0.518492	0.068910
68	A	50	3968	3711	0.013473	0	0	3968	19	5267	5024	0.003782	0	2	5267	0	0	0	nan	0	0	0	0.009692	0.002094	0.009692	0.002094	0.214131	0.046264
69	A	1544	3964	3707	0.416509	0	0	3964	25	5266	5000	0.005000	0	2	5266	0	0	0	nan	0	0	0	0.411509	0.010647	0.411509	0.010647	9.091710	0.235230
70	G	64	3963	3622	0.017670	0	0	3963	101	5264	4770	0.021174	0	2	5264	0	0	0	nan	0	0	0	-0.003504	0.003052	-0.003504	0.003052	-0.077416	0.067430
71	U	54	3962	3603	0.014988	0	0	3962	108	5261	4704	0.022959	0	2	5261	0	0	0	nan	0	0	0	-0.007972	0.003007	-0.007972	0.003007	-0.176130	0.066435
72	C	15	3960	3493	0.004294	0	0	3960	33	5256	4534	0.007278	0	2	5256	0	0	0	nan	0	0	0	-0.002984	0.001684	-0.002984	0.001684	-0.065927	0.037206
73	C	16	3957	3523	0.004542	0	0	3957	14	5253	4631	0.003023	0	2	5253	0	0	0	nan	0	0	0	0.001518	0.001394	0.001518	0.001394	0.033538	0.030798
74	C	23	3956	3477	0.006615	0	0	3956	16	5250	4571	0.003500	0	2	5250	0	0	0	nan	0	0	0	0.003115	0.001633	0.003115	0.001633	0.068822	0.036079
75	G	135	3955	3578	0.037731	0	0	3955	47	5247	4767	0.009859	0	2	5247	0	0	0	nan	0	0	0	0.027871	0.003552	0.027871	0.003552	0.615770	0.078476
76	C	34	3951	3574	0.009513	0	0	3951	38	5246	4753	0.007995	0	2	5246	0	0	0	nan	0	0	0	0.001518	0.002084	0.001518	0.002084	0.033538	0.046043
77	U	63	3944	3627	0.017370	0	0	3944	94	5242	4824	0.019486	0	2	5242	0	0	0	nan	0	0	0	-0.002116	0.002971	-0.002116	0.002971	-0.046750	0.065640
78	C	11	3939	3559	0.003091	0	0	3939	15	5237	4731	0.003171	0	2	5237	0	0	0	nan	0	0	0	-0.000080	0.001240	-0.000080	0.001240	-0.001767	0.027396
79	C	18	3937	3557	0.005060	0	0	3937	28	5227	4708	0.005947	0	2	5227	0	0	0	nan	0	0	0	-0.000887	0.001639	-0.000887	0.001639	-0.019597	0.036211
80	G	86	3934	3430	0.025073	0	0	3934	58	5218	4571	0.012689	0	2	5218	0	0	0	nan	0	0	0	0.012384	0.003176	0.012384	0.003176	0.273607	0.070169
81	G	69	3931	3421	0.020170	0	0	3931	59	5205	4538	0.013001	0	1	5205	0	0	0	nan	0	0	0	0.007168	0.002960	0.007168	0.002960	0.158367	0.065397
82	G	223	3929	3437	0.064882	0	0	3929	43	5202	4574	0.009401	0	1	5202	0	0	0	nan	0	0	0	0.055481	0.004575	0.055481	0.004575	1.225774	0.101078
83	U	30	3927	3413	0.008790	0	0	3927	37	5199	4566	0.008103	0	1	5199	0	0	0	nan	0	0	0	0.000687	0.002086	0.000687	0.002086	0.015178	0.046087
84	A	72	3901	3423	0.021034	0	0	3901	24	5192	4562	0.005261	0	1	5192	0	0	0	nan	0	0	0	0.015773	0.002702	0.015773	0.002702	0.348482	0.059697
85	C	150	3822	3356	0.044696	0	0	3822	16	5075	4511	0.003547	0	1	5075	0	0	0	nan	0	0	0	0.041149	0.003756	0.041149	0.003756	0.909129	0.082984
86	C	81	3798	3242	0.024985	0	0	3798	6	5064	4481	0.001339	0	1	5064	0	0	0	nan	0	0	0	0.023646	0.002829	0.023646	0.002829	0.522425	0.062503
87	A	0	3611	0	nan	0	0	3611	0	4962	0	nan	0	1	4962	0	0	0	nan	0	0	0	nan	nan	nan	nan	nan	nan