0.000000
0.000000
0.057005
0.850000
0.175458
0.702502
0.850000
0.000000
0.116996
0.850000
0.056408
0.132048
0.307410
0.040281
0.000000
0.000000
0.000000
0.000000
0.540781
0.000000
0.021144
0.355384
0.850000
0.055500
0.263904
0.042837
0.209695
0.036960
0.008481
0.042168
0.000000
0.055165
0.000000
0.058868
0.850000
0.063766
0.315653
0.000000
0.000000
0.036076
0.850000
0.000000
0.064316
0.850000
0.040806
0.367616
0.004850
0.000000
0.058534
0.850000
0.850000
0.000000
0.612192
0.507429
0.542884
0.850000
0.000000
0.000000
0.000000
0.104549
0.044462
0.030700
0.155366
0.551317
0.014191
0.069333
0.850000
0.254491
0.850000
0.000000
0.000000
0.000000
0.047998
0.071555
0.501671
0.000000
0.033615
0.000000
0.000000
0.036984
0.190008
0.850000
0.000000
0.404935
0.850000
0.536743
0.000000
