0.000000
0.000000
0.850000
0.000000
0.068139
0.850000
0.000000
0.319143
0.850000
0.268056
0.015006
0.004740
0.036218
0.850000
0.134710
0.000000
0.000000
0.029159
0.279310
0.000000
0.056203
0.031751
0.247593
0.850000
0.030352
0.850000
0.329613
0.000000
0.000000
0.850000
0.097946
0.656838
0.000000
0.850000
0.000000
0.000000
0.000000
0.850000
0.000000
0.015688
0.218469
0.149204
0.000000
0.000000
0.192686
0.000000
0.000000
0.110019
0.277707
0.000000
0.054600
0.209158
0.583072
0.000000
0.000000
0.142213
0.002490
0.850000
0.004979
0.000000
0.000000
0.000000
0.000000
0.401810
0.000000
0.000000
0.087067
0.850000
0.050780
0.002183
0.098526
0.014187
0.783841
0.850000
0.480147
0.000000
