0.000000
0.000000
0.427038
0.304585
0.850000
0.098606
0.686597
0.000000
0.110780
0.165741
0.010649
0.000000
0.000000
0.039523
0.143776
0.025182
0.298820
0.428968
0.000000
0.000000
0.101346
0.136748
0.096724
0.000000
0.402643
0.239809
0.267039
0.155711
0.850000
0.026825
0.000000
0.013032
0.850000
0.850000
0.850000
0.850000
0.358951
0.850000
0.036498
0.067516
0.071471
0.020822
0.061894
0.000000
0.013508
0.080166
0.522786
0.104467
0.202620
0.178582
0.307182
0.000000
0.116045
0.076259
0.000000
0.850000
0.000000
0.000000
0.000000
0.000000
0.019654
0.081310
0.000000
0.191089
0.691028
0.085694
0.124502
0.114806
0.850000
0.010697
0.000000
0.690766
0.407146
0.000000
