Nucleotide	Sequence	Modified_mutations	Modified_read_depth	Modified_effective_depth	Modified_rate	Modified_off_target_mapped_depth	Modified_low_mapq_mapped_depth	Modified_mapped_depth	Untreated_mutations	Untreated_read_depth	Untreated_effective_depth	Untreated_rate	Untreated_off_target_mapped_depth	Untreated_low_mapq_mapped_depth	Untreated_mapped_depth	Denatured_mutations	Denatured_read_depth	Denatured_effective_depth	Denatured_rate	Denatured_off_target_mapped_depth	Denatured_low_mapq_mapped_depth	Denatured_mapped_depth	Reactivity_profile	Std_err	HQ_profile	HQ_stderr	Norm_profile	Norm_stderr
1	G	0	1131	1100	0.000000	0	0	1131	0	1912	1859	0.000000	0	0	1912	0	0	0	nan	0	0	0	0.000000	0.000000	0.000000	0.000000	0.000000	0.000000
2	C	0	1228	1183	0.000000	0	0	1228	0	2001	1933	0.000000	0	0	2001	0	0	0	nan	0	0	0	0.000000	0.000000	0.000000	0.000000	0.000000	0.000000
3	C	6	1252	1215	0.004938	0	0	1252	5	2025	1959	0.002552	0	0	2025	0	0	0	nan	0	0	0	0.002386	0.002317	0.002386	0.002317	0.057005	0.055356
4	G	52	1266	1227	0.042380	0	0	1266	9	2037	1972	0.004564	0	0	2037	0	0	0	nan	0	0	0	0.037816	0.006071	0.037816	0.006071	0.903476	0.145044
5	A	14	1271	1224	0.011438	0	0	1271	8	2043	1954	0.004094	0	0	2043	0	0	0	nan	0	0	0	0.007344	0.003382	0.007344	0.003382	0.175458	0.080801
6	G	55	1278	1213	0.045342	0	0	1278	31	2046	1945	0.015938	0	0	2046	0	0	0	nan	0	0	0	0.029404	0.006751	0.029404	0.006751	0.702502	0.161291
7	G	86	1286	1207	0.071251	0	0	1286	32	2056	1905	0.016798	0	0	2056	0	0	0	nan	0	0	0	0.054453	0.008237	0.054453	0.008237	1.300957	0.196793
8	U	26	1323	1225	0.021224	0	0	1323	43	2094	1924	0.022349	0	0	2094	0	0	0	nan	0	0	0	-0.001125	0.005380	-0.001125	0.005380	-0.026878	0.128536
9	G	20	1338	1230	0.016260	0	0	1338	22	2107	1936	0.011364	0	0	2107	0	0	0	nan	0	0	0	0.004897	0.004369	0.004897	0.004369	0.116996	0.104381
10	G	214	1369	1277	0.167580	0	0	1369	31	2122	1973	0.015712	0	0	2122	0	0	0	nan	0	0	0	0.151868	0.011798	0.151868	0.011798	3.628334	0.281870
11	U	20	1440	1356	0.014749	0	0	1440	25	2161	2018	0.012389	0	0	2161	0	0	0	nan	0	0	0	0.002361	0.004125	0.002361	0.004125	0.056408	0.098552
12	G	28	1449	1355	0.020664	0	0	1449	31	2183	2048	0.015137	0	0	2183	0	0	0	nan	0	0	0	0.005527	0.004758	0.005527	0.004758	0.132048	0.113675
13	G	28	1480	1400	0.020000	0	0	1480	15	2216	2103	0.007133	0	0	2216	0	0	0	nan	0	0	0	0.012867	0.004204	0.012867	0.004204	0.307410	0.100439
14	A	5	1539	1466	0.003411	0	0	1539	4	2423	2319	0.001725	0	0	2423	0	0	0	nan	0	0	0	0.001686	0.001752	0.001686	0.001752	0.040281	0.041858
15	A	202	1580	1525	0.132459	0	0	1580	317	2468	2378	0.133305	0	0	2468	0	0	0	nan	0	0	0	-0.000846	0.011955	nan	nan	nan	nan
16	U	88	6308	6138	0.014337	0	0	6308	183	12252	11921	0.015351	0	0	12252	0	0	0	nan	0	0	0	-0.001014	0.001904	-0.001014	0.001904	-0.024226	0.045489
17	U	13	7406	7167	0.001814	0	0	7406	34	14114	13631	0.002494	0	0	14114	0	0	0	nan	0	0	0	-0.000680	0.000660	-0.000680	0.000660	-0.016246	0.015768
18	G	96	7749	7450	0.012886	0	0	7749	263	15037	14479	0.018164	0	0	15037	0	0	0	nan	0	0	0	-0.005278	0.001727	-0.005278	0.001727	-0.126099	0.041260
19	G	285	8132	7851	0.036301	0	0	8132	203	15394	14854	0.013666	0	0	15394	0	0	0	nan	0	0	0	0.022635	0.002355	0.022635	0.002355	0.540781	0.056264
20	U	114	8782	8524	0.013374	0	0	8782	246	15618	15169	0.016217	0	0	15618	0	0	0	nan	0	0	0	-0.002843	0.001624	-0.002843	0.001624	-0.067923	0.038800
21	A	41	8867	8607	0.004764	0	0	8867	59	15677	15212	0.003879	0	0	15677	0	0	0	nan	0	0	0	0.000885	0.000899	0.000885	0.000899	0.021144	0.021478
22	G	159	8996	8011	0.019848	0	0	8996	67	15759	13474	0.004973	0	0	15759	0	0	0	nan	0	0	0	0.014875	0.001687	0.014875	0.001687	0.355384	0.040305
23	A	1517	9077	8079	0.187771	0	0	9077	105	15841	13517	0.007768	0	0	15841	0	0	0	nan	0	0	0	0.180003	0.004880	0.180003	0.004880	4.300518	0.116590
24	C	45	9182	7639	0.005891	0	0	9182	45	15863	12614	0.003567	0	0	15863	0	0	0	nan	0	0	0	0.002323	0.001027	0.002323	0.001027	0.055500	0.024536
25	A	122	9232	8303	0.014693	0	0	9232	52	15935	14256	0.003648	0	0	15935	0	0	0	nan	0	0	0	0.011046	0.001423	0.011046	0.001423	0.263904	0.033997
26	C	59	9269	8239	0.007161	0	0	9269	76	15949	14158	0.005368	0	0	15949	0	0	0	nan	0	0	0	0.001793	0.001117	0.001793	0.001117	0.042837	0.026687
27	G	160	9278	8940	0.017897	0	0	9278	141	15965	15460	0.009120	0	0	15965	0	0	0	nan	0	0	0	0.008777	0.001610	0.008777	0.001610	0.209695	0.038465
28	C	136	9291	8896	0.015288	0	0	9291	212	15982	15429	0.013740	0	0	15982	0	0	0	nan	0	0	0	0.001547	0.001615	0.001547	0.001615	0.036960	0.038585
29	U	69	9315	8904	0.007749	0	0	9315	114	16058	15418	0.007394	0	0	16058	0	0	0	nan	0	0	0	0.000355	0.001162	0.000355	0.001162	0.008481	0.027762
30	A	80	9340	8912	0.008977	0	0	9340	111	16116	15391	0.007212	0	0	16116	0	0	0	nan	0	0	0	0.001765	0.001215	0.001765	0.001215	0.042168	0.029028
31	C	66	9354	8828	0.007476	0	0	9354	117	16144	15248	0.007673	0	0	16144	0	0	0	nan	0	0	0	-0.000197	0.001162	-0.000197	0.001162	-0.004707	0.027762
32	C	102	9362	8867	0.011503	0	0	9362	141	16163	15335	0.009195	0	0	16163	0	0	0	nan	0	0	0	0.002309	0.001377	0.002309	0.001377	0.055165	0.032898
33	U	140	9396	8831	0.015853	0	0	9396	254	16238	15334	0.016564	0	0	16238	0	0	0	nan	0	0	0	-0.000711	0.001696	-0.000711	0.001696	-0.016987	0.040520
34	U	195	9413	8879	0.021962	0	0	9413	302	16271	15489	0.019498	0	0	16271	0	0	0	nan	0	0	0	0.002464	0.001932	0.002464	0.001932	0.058868	0.046158
35	G	479	9432	9056	0.052893	0	0	9432	82	16304	15721	0.005216	0	0	16304	0	0	0	nan	0	0	0	0.047677	0.002484	0.047677	0.002484	1.139069	0.059346
36	A	389	9455	9121	0.042649	0	0	9455	631	16314	15783	0.039980	0	0	16314	0	0	0	nan	0	0	0	0.002669	0.002685	0.002669	0.002685	0.063766	0.064148
37	G	160	9470	9096	0.017590	0	0	9470	69	16331	15759	0.004378	0	0	16331	0	0	0	nan	0	0	0	0.013212	0.001487	0.013212	0.001487	0.315653	0.035526
38	G	4018	9470	8971	0.447888	0	0	9470	7418	16334	15428	0.480814	0	0	16334	0	0	0	nan	0	0	0	-0.032926	0.009005	nan	nan	nan	nan
39	U	103	9524	9023	0.011415	0	0	9524	264	16407	15525	0.017005	0	0	16407	0	0	0	nan	0	0	0	-0.005590	0.001536	-0.005590	0.001536	-0.133553	0.036697
40	G	55	9546	8999	0.006112	0	0	9546	71	16426	15429	0.004602	0	0	16426	0	0	0	nan	0	0	0	0.001510	0.000989	0.001510	0.000989	0.036076	0.023629
41	G	402	9566	9038	0.044479	0	0	9566	135	16440	15467	0.008728	0	0	16440	0	0	0	nan	0	0	0	0.035751	0.002342	0.035751	0.002342	0.854140	0.055954
42	U	59	9579	9135	0.006459	0	0	9579	133	16446	15666	0.008490	0	0	16446	0	0	0	nan	0	0	0	-0.002031	0.001118	-0.002031	0.001118	-0.048523	0.026711
43	A	58	9578	9224	0.006288	0	0	9578	57	16453	15852	0.003596	0	0	16453	0	0	0	nan	0	0	0	0.002692	0.000953	0.002692	0.000953	0.064316	0.022768
44	G	513	9579	9064	0.056598	0	0	9579	185	16443	15576	0.011877	0	0	16443	0	0	0	nan	0	0	0	0.044720	0.002647	0.044720	0.002647	1.068422	0.063240
45	U	89	9578	8945	0.009950	0	0	9578	127	16437	15409	0.008242	0	0	16437	0	0	0	nan	0	0	0	0.001708	0.001283	0.001708	0.001283	0.040806	0.030653
46	G	242	9577	8825	0.027422	0	0	9577	182	16436	15123	0.012035	0	0	16436	0	0	0	nan	0	0	0	0.015387	0.001976	0.015387	0.001976	0.367616	0.047209
47	C	70	9578	8738	0.008011	0	0	9578	117	16433	14985	0.007808	0	0	16433	0	0	0	nan	0	0	0	0.000203	0.001199	0.000203	0.001199	0.004850	0.028646
48	C	29	9579	8349	0.003473	0	0	9579	54	16431	14339	0.003766	0	0	16431	0	0	0	nan	0	0	0	-0.000292	0.000824	-0.000292	0.000824	-0.006976	0.019686
49	C	43	9578	8523	0.005045	0	0	9578	38	16431	14644	0.002595	0	0	16431	0	0	0	nan	0	0	0	0.002450	0.000877	0.002450	0.000877	0.058534	0.020953
50	A	632	9579	8540	0.074005	0	0	9579	22	16429	14568	0.001510	0	0	16429	0	0	0	nan	0	0	0	0.072495	0.002961	0.072495	0.002961	1.732005	0.070742
51	A	416	9580	9037	0.046033	0	0	9580	106	16432	15430	0.006870	0	0	16432	0	0	0	nan	0	0	0	0.039163	0.002354	0.039163	0.002354	0.935658	0.056240
52	U	60	9587	9017	0.006654	0	0	9587	118	16426	15405	0.007660	0	0	16426	0	0	0	nan	0	0	0	-0.001006	0.001111	-0.001006	0.001111	-0.024035	0.026543
53	A	258	9583	9090	0.028383	0	0	9583	43	16416	15588	0.002759	0	0	16416	0	0	0	nan	0	0	0	0.025624	0.001816	0.025624	0.001816	0.612192	0.043387
54	G	290	9582	8858	0.032739	0	0	9582	175	16414	15218	0.011500	0	0	16414	0	0	0	nan	0	0	0	0.021239	0.002110	0.021239	0.002110	0.507429	0.050411
55	G	262	9577	8727	0.030022	0	0	9577	109	16403	14933	0.007299	0	0	16403	0	0	0	nan	0	0	0	0.022723	0.001982	0.022723	0.001982	0.542884	0.047353
56	G	419	9577	8692	0.048205	0	0	9577	114	16403	14903	0.007649	0	0	16403	0	0	0	nan	0	0	0	0.040556	0.002462	0.040556	0.002462	0.968938	0.058821
57	C	45	9578	8868	0.005074	0	0	9578	82	16402	15243	0.005380	0	0	16402	0	0	0	nan	0	0	0	-0.000305	0.000962	-0.000305	0.000962	-0.007287	0.022983
58	U	84	9583	8899	0.009439	0	0	9583	244	16411	15370	0.015875	0	0	16411	0	0	0	nan	0	0	0	-0.006436	0.001447	-0.006436	0.001447	-0.153765	0.034571
59	U	32	9591	9022	0.003547	0	0	9591	78	16420	15465	0.005044	0	0	16420	0	0	0	nan	0	0	0	-0.001497	0.000848	-0.001497	0.000848	-0.035765	0.020260
60	A	73	9600	9075	0.008044	0	0	9600	57	16430	15541	0.003668	0	0	16430	0	0	0	nan	0	0	0	0.004376	0.001059	0.004376	0.001059	0.104549	0.025301
61	C	85	9587	9028	0.009415	0	0	9587	117	16412	15488	0.007554	0	0	16412	0	0	0	nan	0	0	0	0.001861	0.001237	0.001861	0.001237	0.044462	0.029554
62	G	100	9574	8797	0.011368	0	0	9574	152	16386	15075	0.010083	0	0	16386	0	0	0	nan	0	0	0	0.001285	0.001400	0.001285	0.001400	0.030700	0.033448
63	G	158	9563	8645	0.018276	0	0	9563	174	16382	14779	0.011773	0	0	16382	0	0	0	nan	0	0	0	0.006503	0.001706	0.006503	0.001706	0.155366	0.040759
64	G	277	9561	8590	0.032247	0	0	9561	134	16377	14612	0.009171	0	0	16377	0	0	0	nan	0	0	0	0.023076	0.002093	0.023076	0.002093	0.551317	0.050005
65	U	172	9559	8707	0.019754	0	0	9559	283	16378	14770	0.019160	0	0	16378	0	0	0	nan	0	0	0	0.000594	0.001888	0.000594	0.001888	0.014191	0.045107
66	U	189	9559	8723	0.021667	0	0	9559	278	16374	14815	0.018765	0	0	16374	0	0	0	nan	0	0	0	0.002902	0.001937	0.002902	0.001937	0.069333	0.046278
67	C	398	9553	8887	0.044785	0	0	9553	101	16369	15188	0.006650	0	0	16369	0	0	0	nan	0	0	0	0.038135	0.002340	0.038135	0.002340	0.911097	0.055906
68	A	117	9552	8869	0.013192	0	0	9552	39	16364	15357	0.002540	0	0	16364	0	0	0	nan	0	0	0	0.010652	0.001286	0.010652	0.001286	0.254491	0.030724
69	A	4702	9547	8898	0.528433	0	0	9547	59	16358	15424	0.003825	0	0	16358	0	0	0	nan	0	0	0	0.524608	0.007722	0.524608	0.007722	12.533602	0.184489
70	G	102	9538	8833	0.011548	0	0	9538	226	16340	15151	0.014917	0	0	16340	0	0	0	nan	0	0	0	-0.003369	0.001514	-0.003369	0.001514	-0.080490	0.036172
71	U	107	9532	8779	0.012188	0	0	9532	234	16322	14989	0.015611	0	0	16322	0	0	0	nan	0	0	0	-0.003423	0.001559	-0.003423	0.001559	-0.081780	0.037247
72	C	66	9523	8572	0.007699	0	0	9523	122	16315	14492	0.008418	0	0	16315	0	0	0	nan	0	0	0	-0.000719	0.001216	-0.000719	0.001216	-0.017178	0.029052
73	C	58	9517	8554	0.006780	0	0	9517	69	16301	14462	0.004771	0	0	16301	0	0	0	nan	0	0	0	0.002009	0.001060	0.002009	0.001060	0.047998	0.025325
74	C	58	9505	8331	0.006962	0	0	9505	56	16282	14116	0.003967	0	0	16282	0	0	0	nan	0	0	0	0.002995	0.001057	0.002995	0.001057	0.071555	0.025253
75	G	221	9489	8225	0.026869	0	0	9489	81	16263	13795	0.005872	0	0	16263	0	0	0	nan	0	0	0	0.020998	0.001922	0.020998	0.001922	0.501671	0.045919
76	U	118	9483	8305	0.014208	0	0	9483	209	16256	13911	0.015024	0	0	16256	0	0	0	nan	0	0	0	-0.000816	0.001671	-0.000816	0.001671	-0.019495	0.039922
77	C	30	9475	8282	0.003622	0	0	9475	31	16248	13991	0.002216	0	0	16248	0	0	0	nan	0	0	0	0.001407	0.000772	0.001407	0.000772	0.033615	0.018444
78	C	24	9463	8548	0.002808	0	0	9463	45	16233	14641	0.003074	0	0	16233	0	0	0	nan	0	0	0	-0.000266	0.000734	-0.000266	0.000734	-0.006355	0.017536
79	U	84	9446	8564	0.009809	0	0	9446	150	16199	14702	0.010203	0	0	16199	0	0	0	nan	0	0	0	-0.000394	0.001356	-0.000394	0.001356	-0.009413	0.032397
80	C	64	9432	8500	0.007529	0	0	9432	87	16179	14545	0.005981	0	0	16179	0	0	0	nan	0	0	0	0.001548	0.001139	0.001548	0.001139	0.036984	0.027212
81	G	131	9423	8229	0.015919	0	0	9423	112	16165	14059	0.007966	0	0	16165	0	0	0	nan	0	0	0	0.007953	0.001582	0.007953	0.001582	0.190008	0.037796
82	G	425	9416	8080	0.052599	0	0	9416	117	16141	13783	0.008489	0	0	16141	0	0	0	nan	0	0	0	0.044110	0.002669	0.044110	0.002669	1.053848	0.063766
83	U	42	9407	7761	0.005412	0	0	9407	79	16139	13140	0.006012	0	0	16139	0	0	0	nan	0	0	0	-0.000601	0.001075	-0.000601	0.001075	-0.014359	0.025683
84	A	161	9370	7796	0.020652	0	0	9370	49	16121	13233	0.003703	0	0	16121	0	0	0	nan	0	0	0	0.016949	0.001711	0.016949	0.001711	0.404935	0.040878
85	C	351	9197	7604	0.046160	0	0	9197	45	15834	12900	0.003488	0	0	15834	0	0	0	nan	0	0	0	0.042672	0.002518	0.042672	0.002518	1.019492	0.060158
86	C	173	9171	7551	0.022911	0	0	9171	6	15797	13501	0.000444	0	0	15797	0	0	0	nan	0	0	0	0.022466	0.001751	0.022466	0.001751	0.536743	0.041834
87	A	0	8675	0	nan	0	0	8675	0	15477	0	nan	0	0	15477	0	0	0	nan	0	0	0	nan	nan	nan	nan	nan	nan