0.000000
0.000000
0.621901
0.000000
0.078825
0.124496
0.850000
0.010335
0.850000
0.297069
0.035978
0.030490
0.059086
0.850000
0.092786
0.850000
0.000000
0.108320
0.281054
0.000000
0.000000
0.000738
0.147026
0.108545
0.850000
0.000000
0.219047
0.000000
0.154023
0.045029
0.007189
0.017235
0.573084
0.035080
0.850000
0.850000
0.000000
0.000000
0.514383
0.306505
0.299155
0.850000
0.098595
0.504594
0.006612
0.083735
0.000000
0.000000
0.008120
0.064575
0.253549
0.132327
0.284905
0.770692
0.000000
0.086656
0.742994
0.498015
0.850000
0.075776
0.000000
0.000000
0.000000
0.033314
0.000000
0.000000
0.029688
0.019225
0.410524
0.557294
0.130690
0.119360
0.043200
0.850000
0.850000
0.487231
0.000000
