Nucleotide	Sequence	Modified_mutations	Modified_read_depth	Modified_effective_depth	Modified_rate	Modified_off_target_mapped_depth	Modified_low_mapq_mapped_depth	Modified_mapped_depth	Untreated_mutations	Untreated_read_depth	Untreated_effective_depth	Untreated_rate	Untreated_off_target_mapped_depth	Untreated_low_mapq_mapped_depth	Untreated_mapped_depth	Denatured_mutations	Denatured_read_depth	Denatured_effective_depth	Denatured_rate	Denatured_off_target_mapped_depth	Denatured_low_mapq_mapped_depth	Denatured_mapped_depth	Reactivity_profile	Std_err	HQ_profile	HQ_stderr	Norm_profile	Norm_stderr
1	G	0	6615	6376	0.000000	0	0	6615	0	11560	11150	0.000000	0	0	11560	0	0	0	nan	0	0	0	0.000000	0.000000	0.000000	0.000000	0.000000	0.000000
2	G	0	6918	6586	0.000000	0	0	6918	0	11889	11289	0.000000	0	0	11889	0	0	0	nan	0	0	0	0.000000	0.000000	0.000000	0.000000	0.000000	0.000000
3	G	363	7071	6772	0.053603	0	0	7071	119	11995	11419	0.010421	0	0	11995	0	0	0	nan	0	0	0	0.043182	0.002971	0.043182	0.002971	1.472668	0.101322
4	U	104	7279	7033	0.014787	0	0	7279	214	12167	11674	0.018331	0	0	12167	0	0	0	nan	0	0	0	-0.003544	0.001916	-0.003544	0.001916	-0.120864	0.065343
5	C	70	7315	7061	0.009914	0	0	7315	93	12226	11749	0.007916	0	0	12226	0	0	0	nan	0	0	0	0.001998	0.001441	0.001998	0.001441	0.068139	0.049144
6	G	443	7408	7090	0.062482	0	0	7408	82	12335	11788	0.006956	0	0	12335	0	0	0	nan	0	0	0	0.055526	0.003066	0.055526	0.003066	1.893645	0.104562
7	U	115	8008	7619	0.015094	0	0	8008	195	12875	12221	0.015956	0	0	12875	0	0	0	nan	0	0	0	-0.000862	0.001813	-0.000862	0.001813	-0.029397	0.061830
8	U	356	8514	8168	0.043585	0	0	8514	448	13660	13089	0.034227	0	0	13660	0	0	0	nan	0	0	0	0.009358	0.002820	0.009358	0.002820	0.319143	0.096173
9	A	250	8901	8417	0.029702	0	0	8901	30	14359	13616	0.002203	0	0	14359	0	0	0	nan	0	0	0	0.027499	0.001921	0.027499	0.001921	0.937819	0.065513
10	G	225	9382	8877	0.025346	0	0	9382	239	14410	13668	0.017486	0	0	14410	0	0	0	nan	0	0	0	0.007860	0.002033	0.007860	0.002033	0.268056	0.069333
11	C	62	9463	8830	0.007022	0	0	9463	89	14504	13522	0.006582	0	0	14504	0	0	0	nan	0	0	0	0.000440	0.001132	0.000440	0.001132	0.015006	0.038605
12	U	126	9757	9080	0.013877	0	0	9757	191	15052	13903	0.013738	0	0	15052	0	0	0	nan	0	0	0	0.000139	0.001586	0.000139	0.001586	0.004740	0.054089
13	C	41	9826	9215	0.004449	0	0	9826	48	15208	14170	0.003387	0	0	15208	0	0	0	nan	0	0	0	0.001062	0.000850	0.001062	0.000850	0.036218	0.028988
14	A	258	9947	9257	0.027871	0	0	9947	13	15423	14205	0.000915	0	0	15423	0	0	0	nan	0	0	0	0.026956	0.001754	0.026956	0.001754	0.919301	0.059818
15	G	70	10099	9399	0.007448	0	0	10099	50	15469	14294	0.003498	0	0	15469	0	0	0	nan	0	0	0	0.003950	0.001018	0.003950	0.001018	0.134710	0.034718
16	U	227	10820	10009	0.022680	0	0	10820	438	16746	15401	0.028440	0	0	16746	0	0	0	nan	0	0	0	-0.005760	0.002028	-0.005760	0.002028	-0.196438	0.069162
17	U	13	11106	10282	0.001264	0	0	11106	22	17282	15996	0.001375	0	0	17282	0	0	0	nan	0	0	0	-0.000111	0.000457	-0.000111	0.000457	-0.003786	0.015585
18	G	106	11218	10474	0.010120	0	0	11218	152	17572	16406	0.009265	0	0	17572	0	0	0	nan	0	0	0	0.000855	0.001237	0.000855	0.001237	0.029159	0.042186
19	G	178	11374	10669	0.016684	0	0	11374	141	17736	16601	0.008493	0	1	17736	0	0	0	nan	0	0	0	0.008190	0.001441	0.008190	0.001441	0.279310	0.049144
20	U	168	11467	10918	0.015387	0	0	11467	293	17856	16990	0.017245	0	1	17856	0	0	0	nan	0	0	0	-0.001858	0.001557	-0.001858	0.001557	-0.063365	0.053100
21	A	43	11498	10852	0.003962	0	0	11498	39	17907	16852	0.002314	0	1	17907	0	0	0	nan	0	0	0	0.001648	0.000709	0.001648	0.000709	0.056203	0.024180
22	G	57	11524	10799	0.005278	0	0	11524	73	17946	16792	0.004347	0	1	17946	0	0	0	nan	0	0	0	0.000931	0.000865	0.000931	0.000865	0.031751	0.029500
23	A	122	11531	10686	0.011417	0	0	11531	69	17961	16599	0.004157	0	1	17961	0	0	0	nan	0	0	0	0.007260	0.001148	0.007260	0.001148	0.247593	0.039151
24	G	376	11533	10690	0.035173	0	0	11533	168	17965	16582	0.010131	0	1	17965	0	0	0	nan	0	0	0	0.025042	0.001975	0.025042	0.001975	0.854026	0.067355
25	C	63	11541	10822	0.005821	0	0	11541	83	17972	16831	0.004931	0	1	17972	0	0	0	nan	0	0	0	0.000890	0.000912	0.000890	0.000912	0.030352	0.031103
26	A	524	11537	10720	0.048881	0	0	11537	42	17964	16610	0.002529	0	1	17964	0	0	0	nan	0	0	0	0.046352	0.002171	0.046352	0.002171	1.580777	0.074039
27	G	224	11540	10649	0.021035	0	0	11540	188	17952	16535	0.011370	0	1	17952	0	0	0	nan	0	0	0	0.009665	0.001632	0.009665	0.001632	0.329613	0.055657
28	U	164	11573	10593	0.015482	0	0	11573	308	18000	16425	0.018752	0	1	18000	0	0	0	nan	0	0	0	-0.003270	0.001613	-0.003270	0.001613	-0.111519	0.055009
29	U	108	11584	10542	0.010245	0	0	11584	176	18032	16466	0.010689	0	1	18032	0	0	0	nan	0	0	0	-0.000444	0.001273	-0.000444	0.001273	-0.015142	0.043414
30	G	308	11628	10655	0.028907	0	0	11628	59	18094	16589	0.003557	0	1	18094	0	0	0	nan	0	0	0	0.025350	0.001711	0.025350	0.001711	0.864530	0.058352
31	A	87	11639	10649	0.008170	0	0	11639	88	18121	16611	0.005298	0	1	18121	0	0	0	nan	0	0	0	0.002872	0.001042	0.002872	0.001042	0.097946	0.035536
32	C	443	11646	10720	0.041325	0	0	11646	368	18122	16678	0.022065	0	1	18122	0	0	0	nan	0	0	0	0.019260	0.002276	0.019260	0.002276	0.656838	0.077620
33	U	118	11725	10838	0.010888	0	0	11725	184	18185	16832	0.010932	0	1	18185	0	0	0	nan	0	0	0	-0.000044	0.001286	-0.000044	0.001286	-0.001501	0.043857
34	U	736	11840	11000	0.066909	0	0	11840	526	18295	16963	0.031009	0	2	18295	0	0	0	nan	0	0	0	0.035900	0.002813	0.035900	0.002813	1.224325	0.095934
35	U	79	12054	11398	0.006931	0	1	12054	126	18458	17413	0.007236	0	2	18458	0	0	0	nan	0	0	0	-0.000305	0.001012	-0.000305	0.001012	-0.010402	0.034513
36	U	79	12190	11526	0.006854	0	1	12190	124	18557	17568	0.007058	0	2	18557	0	0	0	nan	0	0	0	-0.000204	0.000998	-0.000204	0.000998	-0.006957	0.034036
37	A	381	12242	11664	0.032665	0	1	12242	648	18609	17824	0.036355	0	2	18609	0	0	0	nan	0	0	0	-0.003691	0.002200	-0.003691	0.002200	-0.125877	0.075028
38	A	423	12330	11731	0.036058	0	1	12330	68	18681	17875	0.003804	0	2	18681	0	0	0	nan	0	0	0	0.032254	0.001813	0.032254	0.001813	1.099982	0.061830
39	U	142	12407	11305	0.012561	0	1	12407	293	18722	17075	0.017160	0	2	18722	0	0	0	nan	0	0	0	-0.004599	0.001455	-0.004599	0.001455	-0.156843	0.049621
40	C	84	12428	11350	0.007401	0	1	12428	119	18746	17144	0.006941	0	2	18746	0	0	0	nan	0	0	0	0.000460	0.001028	0.000460	0.001028	0.015688	0.035059
41	A	89	12553	11609	0.007666	0	1	12553	22	18869	17452	0.001261	0	2	18869	0	0	0	nan	0	0	0	0.006406	0.000856	0.006406	0.000856	0.218469	0.029193
42	A	199	12551	11815	0.016843	0	1	12551	221	18862	17726	0.012468	0	2	18862	0	0	0	nan	0	0	0	0.004375	0.001459	0.004375	0.001459	0.149204	0.049757
43	U	324	12551	11507	0.028157	0	1	12551	501	18840	17233	0.029072	0	2	18840	0	0	0	nan	0	0	0	-0.000915	0.002033	-0.000915	0.002033	-0.031205	0.069333
44	U	118	12555	11061	0.010668	0	1	12555	187	18845	16520	0.011320	0	2	18845	0	0	0	nan	0	0	0	-0.000651	0.001284	-0.000651	0.001284	-0.022202	0.043789
45	G	157	12559	11047	0.014212	0	1	12559	142	18828	16585	0.008562	0	2	18828	0	0	0	nan	0	0	0	0.005650	0.001343	0.005650	0.001343	0.192686	0.045801
46	G	1117	12593	11085	0.100767	0	1	12593	1176	18863	16575	0.070950	0	2	18863	0	0	0	nan	0	0	0	0.029817	0.003657	nan	nan	nan	nan
47	U	1620	13484	12214	0.132635	0	1	13484	3237	19481	17644	0.183462	0	3	19481	0	0	0	nan	0	0	0	-0.050827	0.004611	nan	nan	nan	nan
48	C	62	13706	12211	0.005077	0	1	13706	32	19693	17286	0.001851	0	3	19693	0	0	0	nan	0	0	0	0.003226	0.000723	0.003226	0.000723	0.110019	0.024657
49	G	160	13724	12384	0.012920	0	1	13724	84	19715	17583	0.004777	0	3	19715	0	0	0	nan	0	0	0	0.008143	0.001147	0.008143	0.001147	0.277707	0.039117
50	C	49	13731	12538	0.003908	0	1	13731	78	19728	17896	0.004359	0	3	19728	0	0	0	nan	0	0	0	-0.000450	0.000745	-0.000450	0.000745	-0.015347	0.025407
51	A	69	13728	12791	0.005394	0	1	13728	70	19725	18455	0.003793	0	3	19725	0	0	0	nan	0	0	0	0.001601	0.000792	0.001601	0.000792	0.054600	0.027010
52	G	272	13720	12568	0.021642	0	1	13720	282	19704	18183	0.015509	0	3	19704	0	0	0	nan	0	0	0	0.006133	0.001605	0.006133	0.001605	0.209158	0.054737
53	G	349	13713	12522	0.027871	0	1	13713	194	19702	18006	0.010774	0	3	19702	0	0	0	nan	0	0	0	0.017097	0.001681	0.017097	0.001681	0.583072	0.057328
54	U	283	13708	12804	0.022102	0	1	13708	486	19708	18428	0.026373	0	3	19708	0	0	0	nan	0	0	0	-0.004270	0.001777	-0.004270	0.001777	-0.145623	0.060602
55	U	228	13707	12558	0.018156	0	1	13707	334	19724	18105	0.018448	0	3	19724	0	0	0	nan	0	0	0	-0.000292	0.001570	-0.000292	0.001570	-0.009958	0.053543
56	C	164	13698	12438	0.013185	0	1	13698	161	19720	17859	0.009015	0	3	19720	0	0	0	nan	0	0	0	0.004170	0.001251	0.004170	0.001251	0.142213	0.042664
57	G	52	13694	12272	0.004237	0	1	13694	74	19715	17772	0.004164	0	3	19715	0	0	0	nan	0	0	0	0.000073	0.000761	0.000073	0.000761	0.002490	0.025953
58	A	6056	13688	12208	0.496068	0	1	13688	49	19713	17877	0.002741	0	3	19713	0	0	0	nan	0	0	0	0.493327	0.006387	0.493327	0.006387	16.824302	0.217821
59	A	117	13680	12365	0.009462	0	1	13680	168	19701	18033	0.009316	0	3	19701	0	0	0	nan	0	0	0	0.000146	0.001132	0.000146	0.001132	0.004979	0.038605
60	U	109	13648	12072	0.009029	0	1	13648	221	19656	17331	0.012752	0	3	19656	0	0	0	nan	0	0	0	-0.003723	0.001218	-0.003723	0.001218	-0.126968	0.041538
61	C	45	13633	12235	0.003678	0	1	13633	87	19643	17348	0.005015	0	3	19643	0	0	0	nan	0	0	0	-0.001337	0.000768	-0.001337	0.000768	-0.045597	0.026192
62	C	66	13619	12076	0.005465	0	1	13619	95	19633	17110	0.005552	0	3	19633	0	0	0	nan	0	0	0	-0.000087	0.000882	-0.000087	0.000882	-0.002967	0.030080
63	U	67	13613	12076	0.005548	0	1	13613	114	19613	17069	0.006679	0	3	19613	0	0	0	nan	0	0	0	-0.001131	0.000922	-0.001131	0.000922	-0.038571	0.031444
64	G	271	13604	11958	0.022663	0	1	13604	184	19590	16910	0.010881	0	3	19590	0	0	0	nan	0	0	0	0.011782	0.001593	0.011782	0.001593	0.401810	0.054327
65	C	70	13596	11591	0.006039	0	1	13596	102	19563	16443	0.006203	0	2	19563	0	0	0	nan	0	0	0	-0.000164	0.000948	-0.000164	0.000948	-0.005593	0.032330
66	A	45	13589	11913	0.003777	0	1	13589	83	19548	17013	0.004879	0	2	19548	0	0	0	nan	0	0	0	-0.001101	0.000777	-0.001101	0.000777	-0.037548	0.026499
67	C	106	13585	11809	0.008976	0	1	13585	108	19541	16813	0.006424	0	2	19541	0	0	0	nan	0	0	0	0.002553	0.001069	0.002553	0.001069	0.087067	0.036457
68	G	312	13577	10080	0.030952	0	1	13577	77	19537	14534	0.005298	0	2	19537	0	0	0	nan	0	0	0	0.025654	0.001853	0.025654	0.001853	0.874898	0.063194
69	A	108	13569	10088	0.010706	0	1	13569	134	19529	14539	0.009217	0	2	19529	0	0	0	nan	0	0	0	0.001489	0.001302	0.001489	0.001302	0.050780	0.044403
70	C	115	13565	10208	0.011266	0	1	13565	166	19524	14819	0.011202	0	2	19524	0	0	0	nan	0	0	0	0.000064	0.001364	0.000064	0.001364	0.002183	0.046518
71	C	125	13552	12151	0.010287	0	1	13552	129	19515	17436	0.007398	0	2	19515	0	0	0	nan	0	0	0	0.002889	0.001127	0.002889	0.001127	0.098526	0.038435
72	C	175	13546	11030	0.015866	0	1	13546	248	19503	16052	0.015450	0	2	19503	0	0	0	nan	0	0	0	0.000416	0.001549	0.000416	0.001549	0.014187	0.052827
73	A	359	13533	11052	0.032483	0	1	13533	153	19495	16108	0.009498	0	2	19495	0	0	0	nan	0	0	0	0.022984	0.001878	0.022984	0.001878	0.783841	0.064047
74	C	395	13524	11160	0.035394	0	1	13524	61	19480	16262	0.003751	0	2	19480	0	0	0	nan	0	0	0	0.031643	0.001845	0.031643	0.001845	1.079145	0.062921
75	C	179	13477	11700	0.015299	0	1	13477	21	19462	17213	0.001220	0	2	19462	0	0	0	nan	0	0	0	0.014079	0.001174	0.014079	0.001174	0.480147	0.040038
76	A	0	12999	0	nan	0	0	12999	0	19160	0	nan	0	2	19160	0	0	0	nan	0	0	0	nan	nan	nan	nan	nan	nan