Nucleotide	Sequence	Modified_mutations	Modified_read_depth	Modified_effective_depth	Modified_rate	Modified_off_target_mapped_depth	Modified_low_mapq_mapped_depth	Modified_mapped_depth	Untreated_mutations	Untreated_read_depth	Untreated_effective_depth	Untreated_rate	Untreated_off_target_mapped_depth	Untreated_low_mapq_mapped_depth	Untreated_mapped_depth	Denatured_mutations	Denatured_read_depth	Denatured_effective_depth	Denatured_rate	Denatured_off_target_mapped_depth	Denatured_low_mapq_mapped_depth	Denatured_mapped_depth	Reactivity_profile	Std_err	HQ_profile	HQ_stderr	Norm_profile	Norm_stderr
1	G	0	39637	38697	0.000000	0	1	39637	0	38815	37888	0.000000	0	1	38815	0	0	0	nan	0	0	0	0.000000	0.000000	0.000000	0.000000	0.000000	0.000000
2	C	0	41871	39905	0.000000	0	1	41871	0	39670	37817	0.000000	0	1	39670	0	0	0	nan	0	0	0	0.000000	0.000000	0.000000	0.000000	0.000000	0.000000
3	G	799	42474	40112	0.019919	0	1	42474	316	40062	37798	0.008360	0	1	40062	0	0	0	nan	0	0	0	0.011559	0.000847	0.011559	0.000847	0.309276	0.022663
4	G	847	42761	39684	0.021344	0	1	42761	395	40159	37277	0.010596	0	1	40159	0	0	0	nan	0	0	0	0.010747	0.000907	0.010747	0.000907	0.287550	0.024268
5	G	2233	43025	40533	0.055091	0	1	43025	169	40262	37824	0.004468	0	1	40262	0	0	0	nan	0	0	0	0.050623	0.001215	0.050623	0.001215	1.354482	0.032509
6	A	416	43376	41649	0.009988	0	1	43376	64	40394	38727	0.001653	0	1	40394	0	0	0	nan	0	0	0	0.008336	0.000531	0.008336	0.000531	0.223040	0.014208
7	A	453	43947	42692	0.010611	0	3	43947	188	40691	39554	0.004753	0	1	40691	0	0	0	nan	0	0	0	0.005858	0.000607	0.005858	0.000607	0.156738	0.016241
8	U	528	44994	43728	0.012075	0	3	44994	492	41033	39959	0.012313	0	1	41033	0	0	0	nan	0	0	0	-0.000238	0.000764	-0.000238	0.000764	-0.006368	0.020442
9	A	1803	45279	43667	0.041290	0	3	45279	71	41229	39861	0.001781	0	1	41229	0	0	0	nan	0	0	0	0.039509	0.000995	0.039509	0.000995	1.057113	0.026622
10	G	977	47471	45922	0.021275	0	3	47471	558	41308	39943	0.013970	0	1	41308	0	0	0	nan	0	0	0	0.007305	0.000902	0.007305	0.000902	0.195454	0.024134
11	C	307	47767	46015	0.006672	0	3	47767	223	41458	39865	0.005594	0	1	41458	0	0	0	nan	0	0	0	0.001078	0.000534	0.001078	0.000534	0.028843	0.014288
12	U	483	48595	46801	0.010320	0	3	48595	497	42523	40886	0.012156	0	1	42523	0	0	0	nan	0	0	0	-0.001835	0.000720	-0.001835	0.000720	-0.049098	0.019265
13	C	202	48811	47331	0.004268	0	3	48811	128	42896	41540	0.003081	0	1	42896	0	0	0	nan	0	0	0	0.001186	0.000405	0.001186	0.000405	0.031733	0.010836
14	A	453	49148	47422	0.009553	0	3	49148	43	43494	41931	0.001025	0	1	43494	0	0	0	nan	0	0	0	0.008527	0.000475	0.008527	0.000475	0.228151	0.012709
15	G	304	49457	47177	0.006444	0	3	49457	199	43542	41536	0.004791	0	1	43542	0	0	0	nan	0	0	0	0.001653	0.000502	0.001653	0.000502	0.044228	0.013432
16	U	1225	51231	48359	0.025331	0	3	51231	1424	45406	42908	0.033187	0	1	45406	0	0	0	nan	0	0	0	-0.007856	0.001139	-0.007856	0.001139	-0.210197	0.030475
17	U	67	51839	48870	0.001371	0	3	51839	47	46193	43688	0.001076	0	1	46193	0	0	0	nan	0	0	0	0.000295	0.000230	0.000295	0.000230	0.007893	0.006154
18	G	323	52019	49416	0.006536	0	3	52019	298	46623	44432	0.006707	0	1	46623	0	0	0	nan	0	0	0	-0.000171	0.000532	-0.000171	0.000532	-0.004575	0.014234
19	G	824	52347	50109	0.016444	0	3	52347	367	46848	44874	0.008178	0	1	46848	0	0	0	nan	0	0	0	0.008266	0.000714	0.008266	0.000714	0.221167	0.019104
20	U	413	52567	50882	0.008117	0	3	52567	562	46956	45416	0.012374	0	1	46956	0	0	0	nan	0	0	0	-0.004258	0.000657	-0.004258	0.000657	-0.113928	0.017579
21	A	187	52615	51148	0.003656	0	3	52615	89	47012	45660	0.001949	0	1	47012	0	0	0	nan	0	0	0	0.001707	0.000338	0.001707	0.000338	0.045673	0.009044
22	G	381	52703	49970	0.007625	0	3	52703	128	47075	44707	0.002863	0	1	47075	0	0	0	nan	0	0	0	0.004761	0.000465	0.004761	0.000465	0.127387	0.012442
23	A	567	52728	49494	0.011456	0	3	52728	98	47090	44319	0.002211	0	1	47090	0	0	0	nan	0	0	0	0.009245	0.000530	0.009245	0.000530	0.247362	0.014181
24	G	1616	52725	49329	0.032760	0	3	52725	411	47080	44136	0.009312	0	1	47080	0	0	0	nan	0	0	0	0.023448	0.000935	0.023448	0.000935	0.627381	0.025017
25	C	261	52725	50340	0.005185	0	3	52725	174	47089	45046	0.003863	0	1	47089	0	0	0	nan	0	0	0	0.001322	0.000434	0.001322	0.000434	0.035372	0.011612
26	A	1660	52755	50751	0.032709	0	3	52755	199	47178	45399	0.004383	0	1	47178	0	0	0	nan	0	0	0	0.028325	0.000861	0.028325	0.000861	0.757871	0.023037
27	C	542	52756	50380	0.010758	0	3	52756	370	47172	44993	0.008224	0	1	47172	0	0	0	nan	0	0	0	0.002535	0.000630	0.002535	0.000630	0.067827	0.016856
28	G	601	52746	49125	0.012234	0	3	52746	149	47160	44123	0.003377	0	1	47160	0	0	0	nan	0	0	0	0.008857	0.000571	0.008857	0.000571	0.236980	0.015278
29	A	494	52739	48969	0.010088	0	3	52739	334	47199	44052	0.007582	0	1	47199	0	0	0	nan	0	0	0	0.002506	0.000615	0.002506	0.000615	0.067051	0.016455
30	C	307	52724	49256	0.006233	0	3	52724	271	47198	44431	0.006099	0	1	47198	0	0	0	nan	0	0	0	0.000133	0.000514	0.000133	0.000514	0.003559	0.013753
31	C	324	52708	50230	0.006450	0	3	52708	222	47190	45063	0.004926	0	1	47190	0	0	0	nan	0	0	0	0.001524	0.000488	0.001524	0.000488	0.040777	0.013057
32	U	486	52704	49980	0.009724	0	3	52704	402	47201	44867	0.008960	0	1	47201	0	0	0	nan	0	0	0	0.000764	0.000628	0.000764	0.000628	0.020442	0.016803
33	U	531	52709	49701	0.010684	0	3	52709	377	47212	44704	0.008433	0	1	47212	0	0	0	nan	0	0	0	0.002251	0.000635	0.002251	0.000635	0.060228	0.016990
34	G	2729	52721	49727	0.054880	0	3	52721	652	47224	44836	0.014542	0	1	47224	0	0	0	nan	0	0	0	0.040338	0.001195	0.040338	0.001195	1.079294	0.031974
35	C	3419	52728	49508	0.069060	0	3	52728	592	47231	44675	0.013251	0	1	47231	0	0	0	nan	0	0	0	0.055808	0.001301	0.055808	0.001301	1.493213	0.034810
36	C	3295	52733	50232	0.065596	0	3	52733	273	47239	45214	0.006038	0	1	47239	0	0	0	nan	0	0	0	0.059558	0.001200	0.059558	0.001200	1.593549	0.032108
37	A	2633	52743	50694	0.051939	0	3	52743	82	47245	45506	0.001802	0	1	47245	0	0	0	nan	0	0	0	0.050137	0.001032	0.050137	0.001032	1.341479	0.027612
38	A	1251	52737	50878	0.024588	0	3	52737	218	47235	45606	0.004780	0	1	47235	0	0	0	nan	0	0	0	0.019808	0.000767	0.019808	0.000767	0.529988	0.020522
39	G	1619	52702	49845	0.032481	0	3	52702	660	47204	44742	0.014751	0	1	47204	0	0	0	nan	0	0	0	0.017729	0.000991	0.017729	0.000991	0.474362	0.026515
40	G	1506	52678	49399	0.030486	0	3	52678	452	47183	44287	0.010206	0	1	47183	0	0	0	nan	0	0	0	0.020280	0.000921	0.020280	0.000921	0.542617	0.024643
41	U	1091	52662	49764	0.021923	0	3	52662	1081	47174	44576	0.024251	0	1	47174	0	0	0	nan	0	0	0	-0.002327	0.000992	-0.002327	0.000992	-0.062262	0.026542
42	C	631	52633	50043	0.012609	0	3	52633	447	47152	44802	0.009977	0	1	47152	0	0	0	nan	0	0	0	0.002632	0.000689	0.002632	0.000689	0.070422	0.018435
43	G	1673	52594	49909	0.033521	0	3	52594	666	47113	44702	0.014899	0	2	47113	0	0	0	nan	0	0	0	0.018622	0.001002	0.018622	0.001002	0.498255	0.026810
44	G	884	52588	49377	0.017903	0	3	52588	487	47105	44195	0.011019	0	2	47105	0	0	0	nan	0	0	0	0.006884	0.000782	0.006884	0.000782	0.184190	0.020923
45	G	848	52569	48789	0.017381	0	3	52569	346	47091	43930	0.007876	0	2	47091	0	0	0	nan	0	0	0	0.009505	0.000732	0.009505	0.000732	0.254318	0.019586
46	G	11919	52557	49218	0.242167	0	3	52557	11493	47079	44044	0.260944	0	2	47079	0	0	0	nan	0	0	0	-0.018776	0.003293	nan	nan	nan	nan
47	U	707	52587	49868	0.014177	0	3	52587	583	47107	44656	0.013055	0	2	47107	0	0	0	nan	0	0	0	0.001122	0.000759	0.001122	0.000759	0.030021	0.020308
48	C	327	52566	49434	0.006615	0	3	52566	223	47082	44203	0.005045	0	2	47082	0	0	0	nan	0	0	0	0.001570	0.000498	0.001570	0.000498	0.042007	0.013325
49	G	1560	52525	49872	0.031280	0	3	52525	507	47039	44587	0.011371	0	2	47039	0	0	0	nan	0	0	0	0.019909	0.000939	0.019909	0.000939	0.532690	0.025124
50	C	710	52467	49263	0.014412	0	3	52467	418	46985	44102	0.009478	0	2	46985	0	0	0	nan	0	0	0	0.004934	0.000712	0.004934	0.000712	0.132015	0.019050
51	G	560	52374	44542	0.012572	0	3	52374	168	46897	40558	0.004142	0	2	46897	0	0	0	nan	0	0	0	0.008430	0.000620	0.008430	0.000620	0.225555	0.016589
52	A	785	51891	42536	0.018455	0	3	51891	226	46507	38852	0.005817	0	2	46507	0	0	0	nan	0	0	0	0.012638	0.000764	0.012638	0.000764	0.338146	0.020442
53	G	1629	51679	42108	0.038686	0	3	51679	412	46304	38358	0.010741	0	2	46304	0	0	0	nan	0	0	0	0.027945	0.001095	0.027945	0.001095	0.747704	0.029298
54	U	1150	51500	45360	0.025353	0	3	51500	1160	46146	40779	0.028446	0	2	46146	0	0	0	nan	0	0	0	-0.003093	0.001121	-0.003093	0.001121	-0.082757	0.029994
55	U	1245	51122	37846	0.032896	0	3	51122	1074	45802	35624	0.030148	0	2	45802	0	0	0	nan	0	0	0	0.002748	0.001310	0.002748	0.001310	0.073526	0.035051
56	C	804	50514	37071	0.021688	0	3	50514	575	45352	35082	0.016390	0	2	45352	0	0	0	nan	0	0	0	0.005298	0.001026	0.005298	0.001026	0.141755	0.027452
57	G	137	50378	35588	0.003850	0	3	50378	152	45205	33383	0.004553	0	2	45205	0	0	0	nan	0	0	0	-0.000704	0.000495	-0.000704	0.000495	-0.018836	0.013244
58	A	22327	49498	40073	0.557158	0	3	49498	144	44752	35752	0.004028	0	2	44752	0	0	0	nan	0	0	0	0.553130	0.003744	0.553130	0.003744	14.799691	0.100175
59	G	479	49382	39436	0.012146	0	3	49382	344	44526	35260	0.009756	0	2	44526	0	0	0	nan	0	0	0	0.002390	0.000765	0.002390	0.000765	0.063947	0.020469
60	U	427	49083	36648	0.011651	0	3	49083	539	44342	34874	0.015456	0	2	44342	0	0	0	nan	0	0	0	-0.003804	0.000872	-0.003804	0.000872	-0.101781	0.023331
61	C	245	48646	36374	0.006736	0	3	48646	304	43956	34608	0.008784	0	2	43956	0	0	0	nan	0	0	0	-0.002049	0.000663	-0.002049	0.000663	-0.054824	0.017739
62	U	405	48549	36296	0.011158	0	3	48549	364	43836	34361	0.010593	0	2	43836	0	0	0	nan	0	0	0	0.000565	0.000785	0.000565	0.000785	0.015117	0.021004
63	C	321	48508	38568	0.008323	0	2	48508	205	43797	35337	0.005801	0	2	43797	0	0	0	nan	0	0	0	0.002522	0.000616	0.002522	0.000616	0.067479	0.016482
64	G	1442	48414	36667	0.039327	0	2	48414	372	43662	33232	0.011194	0	2	43662	0	0	0	nan	0	0	0	0.028133	0.001187	0.028133	0.001187	0.752734	0.031760
65	U	531	48364	38400	0.013828	0	2	48364	540	43617	34272	0.015756	0	2	43617	0	0	0	nan	0	0	0	-0.001928	0.000905	-0.001928	0.000905	-0.051586	0.024214
66	U	516	48329	39727	0.012989	0	2	48329	493	43578	35561	0.013864	0	2	43578	0	0	0	nan	0	0	0	-0.000875	0.000847	-0.000875	0.000847	-0.023412	0.022663
67	U	480	48224	36555	0.013131	0	2	48224	433	43499	32566	0.013296	0	2	43499	0	0	0	nan	0	0	0	-0.000165	0.000876	-0.000165	0.000876	-0.004415	0.023438
68	C	275	48051	35289	0.007793	0	2	48051	257	43352	31829	0.008074	0	2	43352	0	0	0	nan	0	0	0	-0.000282	0.000689	-0.000282	0.000689	-0.007545	0.018435
69	C	276	47984	34503	0.007999	0	2	47984	158	43307	31326	0.005044	0	2	43307	0	0	0	nan	0	0	0	0.002956	0.000627	0.002956	0.000627	0.079092	0.016776
70	C	219	47694	37012	0.005917	0	2	47694	108	42983	33660	0.003209	0	2	42983	0	0	0	nan	0	0	0	0.002708	0.000505	0.002708	0.000505	0.072456	0.013512
71	G	2054	47535	36304	0.056578	0	2	47535	305	42847	32641	0.009344	0	2	42847	0	0	0	nan	0	0	0	0.047234	0.001358	0.047234	0.001358	1.263805	0.036335
72	C	616	47525	34750	0.017727	0	2	47525	389	42830	30846	0.012611	0	2	42830	0	0	0	nan	0	0	0	0.005116	0.000959	0.005116	0.000959	0.136885	0.025659
73	U	400	47490	32741	0.012217	0	2	47490	279	42780	28833	0.009676	0	2	42780	0	0	0	nan	0	0	0	0.002541	0.000842	0.002541	0.000842	0.067988	0.022529
74	C	985	47426	33537	0.029371	0	2	47426	52	42747	29680	0.001752	0	2	42747	0	0	0	nan	0	0	0	0.027619	0.000967	0.027619	0.000967	0.738981	0.025873
75	C	432	47282	32006	0.013497	0	2	47282	24	42707	29249	0.000821	0	2	42707	0	0	0	nan	0	0	0	0.012677	0.000671	0.012677	0.000671	0.339189	0.017953
76	A	0	45450	0	nan	0	1	45450	0	42175	0	nan	0	2	42175	0	0	0	nan	0	0	0	nan	nan	nan	nan	nan	nan