0.000000
0.000000
0.000000
0.000000
0.581867
0.605207
0.469407
0.454302
0.850000
0.722200
0.183650
0.000000
0.149956
0.850000
0.754262
0.000000
0.713673
0.263391
0.850000
0.033158
0.396756
0.594926
0.237858
0.850000
0.136873
0.850000
0.282516
0.514917
0.560574
0.850000
0.224264
0.000000
0.058301
0.821821
0.342206
0.175464
0.000000
0.850000
0.000000
0.000000
0.046266
0.003557
0.003192
0.690747
0.006286
0.716523
0.000000
0.420753
0.268605
0.000000
0.036179
0.326541
0.850000
0.147251
0.053014
0.000000
0.352025
0.850000
0.000000
0.004069
0.050408
0.194394
0.510629
0.431619
0.680928
0.042514
0.027360
0.036033
0.315163
0.138919
0.850000
0.197951
0.038981
0.415759
0.411983
0.000000
