0.000000
0.000000
0.400395
0.352999
0.850000
0.025502
0.413467
0.000000
0.188274
0.380354
0.001680
0.085451
0.000000
0.093532
0.065435
0.000000
0.414060
0.243355
0.850000
0.000000
0.000000
0.000000
0.000000
0.075987
0.011565
0.850000
0.081621
0.055032
0.178686
0.812305
0.070797
0.355569
0.000000
0.000000
0.850000
0.850000
0.850000
0.850000
0.428417
0.101810
0.078063
0.459899
0.262655
0.000000
0.387100
0.204732
0.000000
0.804496
0.009959
0.095434
0.099265
0.440007
0.000000
0.011787
0.469932
0.000000
0.850000
0.000000
0.000000
0.000000
0.000000
0.022240
0.621930
0.000000
0.035090
0.616790
0.017298
0.000000
0.083697
0.850000
0.000000
0.000000
0.732166
0.413146
0.000000
