Nucleotide	Sequence	Modified_mutations	Modified_read_depth	Modified_effective_depth	Modified_rate	Modified_off_target_mapped_depth	Modified_low_mapq_mapped_depth	Modified_mapped_depth	Untreated_mutations	Untreated_read_depth	Untreated_effective_depth	Untreated_rate	Untreated_off_target_mapped_depth	Untreated_low_mapq_mapped_depth	Untreated_mapped_depth	Denatured_mutations	Denatured_read_depth	Denatured_effective_depth	Denatured_rate	Denatured_off_target_mapped_depth	Denatured_low_mapq_mapped_depth	Denatured_mapped_depth	Reactivity_profile	Std_err	HQ_profile	HQ_stderr	Norm_profile	Norm_stderr
1	G	0	8038	7862	0.000000	0	0	8038	0	8924	8768	0.000000	0	0	8924	0	0	0	nan	0	0	0	0.000000	0.000000	0.000000	0.000000	0.000000	0.000000
2	C	0	8604	8267	0.000000	0	0	8604	0	9148	8819	0.000000	0	0	9148	0	0	0	nan	0	0	0	0.000000	0.000000	0.000000	0.000000	0.000000	0.000000
3	G	207	8759	8372	0.024725	0	0	8759	75	9220	8800	0.008523	0	0	9220	0	0	0	nan	0	0	0	0.016203	0.001980	0.016203	0.001980	0.400395	0.048928
4	G	178	8849	8327	0.021376	0	0	8849	62	9248	8743	0.007091	0	0	9248	0	0	0	nan	0	0	0	0.014285	0.001838	0.014285	0.001838	0.352999	0.045419
5	G	700	8883	8401	0.083323	0	0	8883	74	9270	8755	0.008452	0	0	9270	0	0	0	nan	0	0	0	0.074871	0.003299	0.074871	0.003299	1.850148	0.081522
6	C	35	8972	8432	0.004151	0	0	8972	27	9288	8658	0.003119	0	0	9288	0	0	0	nan	0	0	0	0.001032	0.000923	0.001032	0.000923	0.025502	0.022808
7	A	179	9066	8524	0.021000	0	0	9066	37	9362	8671	0.004267	0	0	9362	0	0	0	nan	0	0	0	0.016732	0.001719	0.016732	0.001719	0.413467	0.042478
8	U	92	9388	8875	0.010366	0	0	9388	101	9508	8866	0.011392	0	0	9508	0	0	0	nan	0	0	0	-0.001026	0.001566	-0.001026	0.001566	-0.025354	0.038698
9	C	138	9457	9001	0.015332	0	0	9457	70	9570	9076	0.007713	0	0	9570	0	0	0	nan	0	0	0	0.007619	0.001598	0.007619	0.001598	0.188274	0.039488
10	G	204	9608	9128	0.022349	0	0	9608	64	9712	9199	0.006957	0	0	9712	0	0	0	nan	0	0	0	0.015392	0.001790	0.015392	0.001790	0.380354	0.044233
11	U	73	9771	9300	0.007849	0	0	9771	73	9850	9381	0.007782	0	0	9850	0	0	0	nan	0	0	0	0.000068	0.001294	0.000068	0.001294	0.001680	0.031976
12	A	72	9827	9409	0.007652	0	0	9827	40	9969	9537	0.004194	0	0	9969	0	0	0	nan	0	0	0	0.003458	0.001119	0.003458	0.001119	0.085451	0.027652
13	U	69	9995	9633	0.007163	0	0	9995	82	10141	9773	0.008390	0	0	10141	0	0	0	nan	0	0	0	-0.001228	0.001266	-0.001228	0.001266	-0.030345	0.031284
14	A	54	10047	9617	0.005615	0	0	10047	18	10284	9838	0.001830	0	0	10284	0	0	0	nan	0	0	0	0.003785	0.000877	0.003785	0.000877	0.093532	0.021672
15	A	107	10109	9713	0.011016	0	0	10109	83	10336	9918	0.008369	0	0	10336	0	0	0	nan	0	0	0	0.002648	0.001406	0.002648	0.001406	0.065435	0.034744
16	U	98	10143	9617	0.010190	0	0	10143	128	10371	9848	0.012998	0	0	10371	0	0	0	nan	0	0	0	-0.002807	0.001543	-0.002807	0.001543	-0.069364	0.038129
17	G	253	10156	9618	0.026305	0	0	10156	94	10396	9844	0.009549	0	0	10396	0	0	0	nan	0	0	0	0.016756	0.001925	0.016756	0.001925	0.414060	0.047569
18	G	182	10173	9652	0.018856	0	0	10173	89	10410	9880	0.009008	0	0	10410	0	0	0	nan	0	0	0	0.009848	0.001693	0.009848	0.001693	0.243355	0.041836
19	C	483	10189	9785	0.049361	0	0	10189	81	10429	10015	0.008088	0	0	10429	0	0	0	nan	0	0	0	0.041273	0.002419	0.041273	0.002419	1.019903	0.059776
20	U	50	10211	9891	0.005055	0	0	10211	53	10460	10123	0.005236	0	0	10460	0	0	0	nan	0	0	0	-0.000181	0.001014	-0.000181	0.001014	-0.004473	0.025057
21	A	44	10225	9914	0.004438	0	0	10225	49	10489	10152	0.004827	0	0	10489	0	0	0	nan	0	0	0	-0.000388	0.000961	-0.000388	0.000961	-0.009588	0.023747
22	U	99	10252	9853	0.010048	0	0	10252	141	10547	10114	0.013941	0	0	10547	0	0	0	nan	0	0	0	-0.003893	0.001549	-0.003893	0.001549	-0.096200	0.038278
23	U	54	10277	9805	0.005507	0	0	10277	75	10608	10134	0.007401	0	0	10608	0	0	0	nan	0	0	0	-0.001893	0.001137	-0.001893	0.001137	-0.046778	0.028097
24	A	88	10309	9828	0.008954	0	0	10309	60	10660	10206	0.005879	0	0	10660	0	0	0	nan	0	0	0	0.003075	0.001219	0.003075	0.001219	0.075987	0.030123
25	C	87	10312	9530	0.009129	0	0	10312	86	10665	9929	0.008661	0	0	10665	0	0	0	nan	0	0	0	0.000468	0.001353	0.000468	0.001353	0.011565	0.033434
26	C	482	10313	9507	0.050699	0	0	10313	90	10678	9903	0.009088	0	0	10678	0	0	0	nan	0	0	0	0.041611	0.002500	0.041611	0.002500	1.028255	0.061778
27	U	141	10340	9483	0.014869	0	0	10340	115	10767	9943	0.011566	0	0	10767	0	0	0	nan	0	0	0	0.003303	0.001653	0.003303	0.001653	0.081621	0.040848
28	C	86	10338	9579	0.008978	0	0	10338	67	10786	9925	0.006751	0	0	10786	0	0	0	nan	0	0	0	0.002227	0.001272	0.002227	0.001272	0.055032	0.031433
29	A	90	10350	9520	0.009454	0	0	10350	22	10808	9899	0.002222	0	0	10808	0	0	0	nan	0	0	0	0.007231	0.001103	0.007231	0.001103	0.178686	0.027256
30	G	419	10346	9450	0.044339	0	0	10346	113	10808	9855	0.011466	0	0	10808	0	0	0	nan	0	0	0	0.032872	0.002420	0.032872	0.002420	0.812305	0.059801
31	C	96	10345	9608	0.009992	0	0	10345	72	10809	10103	0.007127	0	0	10809	0	0	0	nan	0	0	0	0.002865	0.001321	0.002865	0.001321	0.070797	0.032643
32	C	259	10344	9693	0.026720	0	0	10344	125	10813	10137	0.012331	0	0	10813	0	0	0	nan	0	0	0	0.014389	0.001993	0.014389	0.001993	0.355569	0.049249
33	U	174	10377	9753	0.017841	0	0	10377	184	10836	10162	0.018107	0	0	10836	0	0	0	nan	0	0	0	-0.000266	0.001900	-0.000266	0.001900	-0.006573	0.046951
34	U	611	10429	9853	0.062012	0	0	10429	743	10876	10279	0.072283	0	2	10876	0	0	0	nan	0	0	0	-0.010272	0.003650	nan	nan	nan	nan
35	C	448	10456	9837	0.045542	0	0	10456	66	10905	10254	0.006437	0	2	10905	0	0	0	nan	0	0	0	0.039106	0.002293	0.039106	0.002293	0.966354	0.056663
36	C	511	10473	9829	0.051989	0	0	10473	34	10918	10231	0.003323	0	2	10918	0	0	0	nan	0	0	0	0.048666	0.002369	0.048666	0.002369	1.202593	0.058541
37	A	614	10487	9631	0.063752	0	0	10487	19	10928	9921	0.001915	0	2	10928	0	0	0	nan	0	0	0	0.061837	0.002610	0.061837	0.002610	1.528063	0.064496
38	A	494	10485	9707	0.050891	0	0	10485	37	10927	9994	0.003702	0	2	10927	0	0	0	nan	0	0	0	0.047189	0.002369	0.047189	0.002369	1.166094	0.058541
39	G	289	10484	9771	0.029577	0	0	10484	123	10926	10049	0.012240	0	2	10926	0	0	0	nan	0	0	0	0.017337	0.002060	0.017337	0.002060	0.428417	0.050905
40	C	158	10482	9898	0.015963	0	0	10482	122	10927	10302	0.011842	0	2	10927	0	0	0	nan	0	0	0	0.004120	0.001662	0.004120	0.001662	0.101810	0.041070
41	U	127	10484	9877	0.012858	0	0	10484	100	10927	10310	0.009699	0	2	10927	0	0	0	nan	0	0	0	0.003159	0.001498	0.003159	0.001498	0.078063	0.037017
42	G	217	10489	9959	0.021789	0	0	10489	33	10925	10384	0.003178	0	2	10925	0	0	0	nan	0	0	0	0.018611	0.001579	0.018611	0.001579	0.459899	0.039019
43	A	171	10489	10036	0.017039	0	0	10489	67	10928	10453	0.006410	0	2	10928	0	0	0	nan	0	0	0	0.010629	0.001520	0.010629	0.001520	0.262655	0.037561
44	U	130	10489	10041	0.012947	0	0	10489	144	10925	10456	0.013772	0	2	10925	0	0	0	nan	0	0	0	-0.000825	0.001614	-0.000825	0.001614	-0.020387	0.039884
45	G	199	10486	10004	0.019892	0	0	10486	44	10921	10408	0.004228	0	2	10921	0	0	0	nan	0	0	0	0.015665	0.001547	0.015665	0.001547	0.387100	0.038228
46	A	177	10482	9895	0.017888	0	0	10482	99	10919	10309	0.009603	0	2	10919	0	0	0	nan	0	0	0	0.008285	0.001655	0.008285	0.001655	0.204732	0.040897
47	U	129	10471	9740	0.013244	0	0	10471	146	10911	10155	0.014377	0	2	10911	0	0	0	nan	0	0	0	-0.001133	0.001666	-0.001133	0.001666	-0.027998	0.041169
48	G	417	10460	9649	0.043217	0	0	10460	107	10894	10037	0.010661	0	2	10894	0	0	0	nan	0	0	0	0.032556	0.002354	0.032556	0.002354	0.804496	0.058170
49	C	122	10450	9587	0.012726	0	0	10450	123	10887	9982	0.012322	0	2	10887	0	0	0	nan	0	0	0	0.000403	0.001601	0.000403	0.001601	0.009959	0.039563
50	G	137	10445	9633	0.014222	0	0	10445	104	10872	10039	0.010360	0	2	10872	0	0	0	nan	0	0	0	0.003862	0.001584	0.003862	0.001584	0.095434	0.039142
51	G	188	10444	9637	0.019508	0	0	10444	156	10870	10070	0.015492	0	2	10870	0	0	0	nan	0	0	0	0.004017	0.001888	0.004017	0.001888	0.099265	0.046655
52	G	285	10437	9782	0.029135	0	0	10437	115	10864	10151	0.011329	0	2	10864	0	0	0	nan	0	0	0	0.017806	0.002023	0.017806	0.002023	0.440007	0.049991
53	U	206	10434	9887	0.020835	0	0	10434	226	10863	10309	0.021923	0	2	10863	0	0	0	nan	0	0	0	-0.001087	0.002058	-0.001087	0.002058	-0.026861	0.050856
54	U	225	10430	9950	0.022613	0	0	10430	229	10860	10345	0.022136	0	2	10860	0	0	0	nan	0	0	0	0.000477	0.002101	0.000477	0.002101	0.011787	0.051918
55	C	284	10427	9850	0.028832	0	0	10427	101	10855	10290	0.009815	0	2	10855	0	0	0	nan	0	0	0	0.019017	0.001970	0.019017	0.001970	0.469932	0.048681
56	G	19	10422	9732	0.001952	0	0	10422	50	10847	10274	0.004867	0	2	10847	0	0	0	nan	0	0	0	-0.002914	0.000821	-0.002914	0.000821	-0.072008	0.020288
57	A	7175	10418	9625	0.745455	0	0	10418	129	10847	10215	0.012628	0	2	10847	0	0	0	nan	0	0	0	0.732826	0.008871	0.732826	0.008871	18.108969	0.219213
58	U	105	10417	9691	0.010835	0	0	10417	250	10842	10148	0.024635	0	2	10842	0	0	0	nan	0	0	0	-0.013801	0.001883	-0.013801	0.001883	-0.341039	0.046531
59	U	82	10413	9676	0.008475	0	0	10413	135	10836	9997	0.013504	0	2	10836	0	0	0	nan	0	0	0	-0.005029	0.001492	-0.005029	0.001492	-0.124272	0.036869
60	C	44	10410	9562	0.004602	0	0	10410	83	10830	9774	0.008492	0	2	10830	0	0	0	nan	0	0	0	-0.003890	0.001162	-0.003890	0.001162	-0.096126	0.028714
61	C	57	10406	9379	0.006077	0	0	10406	64	10827	9644	0.006636	0	2	10827	0	0	0	nan	0	0	0	-0.000559	0.001156	-0.000559	0.001156	-0.013814	0.028566
62	C	45	10400	9268	0.004855	0	0	10400	38	10823	9607	0.003955	0	2	10823	0	0	0	nan	0	0	0	0.000900	0.000967	0.000900	0.000967	0.022240	0.023896
63	G	371	10388	9368	0.039603	0	0	10388	141	10809	9768	0.014435	0	2	10809	0	0	0	nan	0	0	0	0.025168	0.002389	0.025168	0.002389	0.621930	0.059035
64	C	139	10385	9594	0.014488	0	0	10385	156	10804	9962	0.015660	0	2	10804	0	0	0	nan	0	0	0	-0.001171	0.001756	-0.001171	0.001756	-0.028937	0.043393
65	U	99	10382	9586	0.010328	0	0	10382	89	10798	9992	0.008907	0	1	10798	0	0	0	nan	0	0	0	0.001420	0.001403	0.001420	0.001403	0.035090	0.034670
66	G	338	10376	9498	0.035586	0	0	10376	105	10791	9881	0.010626	0	1	10791	0	0	0	nan	0	0	0	0.024960	0.002196	0.024960	0.002196	0.616790	0.054266
67	C	87	10373	9349	0.009306	0	0	10373	84	10784	9761	0.008606	0	1	10784	0	0	0	nan	0	0	0	0.000700	0.001370	0.000700	0.001370	0.017298	0.033854
68	C	73	10368	9212	0.007924	0	0	10368	77	10775	9581	0.008037	0	1	10775	0	0	0	nan	0	0	0	-0.000112	0.001303	-0.000112	0.001303	-0.002768	0.032199
69	C	60	10365	9207	0.006517	0	0	10365	30	10773	9584	0.003130	0	1	10773	0	0	0	nan	0	0	0	0.003387	0.001017	0.003387	0.001017	0.083697	0.025131
70	G	599	10362	9198	0.065123	0	0	10362	137	10772	9606	0.014262	0	1	10772	0	0	0	nan	0	0	0	0.050861	0.002927	0.050861	0.002927	1.256834	0.072330
71	C	234	10357	9449	0.024765	0	0	10357	250	10768	9911	0.025224	0	1	10768	0	0	0	nan	0	0	0	-0.000460	0.002273	-0.000460	0.002273	-0.011367	0.056168
72	U	119	10350	9536	0.012479	0	0	10350	155	10765	10013	0.015480	0	1	10765	0	0	0	nan	0	0	0	-0.003001	0.001690	-0.003001	0.001690	-0.074158	0.041762
73	C	299	10335	9479	0.031543	0	0	10335	19	10759	9926	0.001914	0	1	10759	0	0	0	nan	0	0	0	0.029629	0.001876	0.029629	0.001876	0.732166	0.046358
74	C	156	10288	8997	0.017339	0	0	10288	6	10718	9672	0.000620	0	1	10718	0	0	0	nan	0	0	0	0.016719	0.001411	0.016719	0.001411	0.413146	0.034867
75	A	0	9849	0	nan	0	0	9849	0	10558	0	nan	0	1	10558	0	0	0	nan	0	0	0	nan	nan	nan	nan	nan	nan