Nucleotide	Sequence	Modified_mutations	Modified_read_depth	Modified_effective_depth	Modified_rate	Modified_off_target_mapped_depth	Modified_low_mapq_mapped_depth	Modified_mapped_depth	Untreated_mutations	Untreated_read_depth	Untreated_effective_depth	Untreated_rate	Untreated_off_target_mapped_depth	Untreated_low_mapq_mapped_depth	Untreated_mapped_depth	Denatured_mutations	Denatured_read_depth	Denatured_effective_depth	Denatured_rate	Denatured_off_target_mapped_depth	Denatured_low_mapq_mapped_depth	Denatured_mapped_depth	Reactivity_profile	Std_err	HQ_profile	HQ_stderr	Norm_profile	Norm_stderr
1	G	0	6202	5974	0.000000	0	0	6202	0	5700	5448	0.000000	0	0	5700	0	0	0	nan	0	0	0	0.000000	0.000000	0.000000	0.000000	0.000000	0.000000
2	G	0	6430	6149	0.000000	0	0	6430	0	5796	5510	0.000000	0	0	5796	0	0	0	nan	0	0	0	0.000000	0.000000	0.000000	0.000000	0.000000	0.000000
3	C	56	6620	6354	0.008813	0	0	6620	34	5843	5604	0.006067	0	0	5843	0	0	0	nan	0	0	0	0.002746	0.001572	0.002746	0.001572	0.093806	0.053701
4	U	30	6708	6512	0.004607	0	0	6708	27	5882	5729	0.004713	0	0	5882	0	0	0	nan	0	0	0	-0.000106	0.001237	-0.000106	0.001237	-0.003621	0.042257
5	A	41	6840	6629	0.006185	0	0	6840	24	5946	5781	0.004152	0	0	5946	0	0	0	nan	0	0	0	0.002033	0.001285	0.002033	0.001285	0.069449	0.043897
6	C	68	6907	6666	0.010201	0	0	6907	37	5982	5764	0.006419	0	0	5982	0	0	0	nan	0	0	0	0.003782	0.001626	0.003782	0.001626	0.129197	0.055546
7	G	225	6940	6581	0.034189	0	0	6940	24	5999	5718	0.004197	0	0	5999	0	0	0	nan	0	0	0	0.029992	0.002435	0.029992	0.002435	1.024557	0.083182
8	U	1394	7156	6811	0.204669	0	0	7156	929	6171	5886	0.157832	0	0	6171	0	0	0	nan	0	0	0	0.046837	0.007541	nan	nan	nan	nan
9	A	222	7431	7134	0.031119	0	0	7431	14	6398	6118	0.002288	0	0	6398	0	0	0	nan	0	0	0	0.028830	0.002176	0.028830	0.002176	0.984862	0.074334
10	G	165	7695	7409	0.022270	0	0	7695	82	6421	6155	0.013323	0	0	6421	0	0	0	nan	0	0	0	0.008948	0.002274	0.008948	0.002274	0.305673	0.077682
11	C	53	7762	7456	0.007108	0	0	7762	53	6471	6199	0.008550	0	0	6471	0	0	0	nan	0	0	0	-0.001441	0.001527	-0.001441	0.001527	-0.049226	0.052164
12	U	78	8128	7791	0.010012	0	0	8128	66	6894	6579	0.010032	0	0	6894	0	0	0	nan	0	0	0	-0.000020	0.001676	-0.000020	0.001676	-0.000683	0.057254
13	C	23	8213	7905	0.002910	0	0	8213	11	6986	6706	0.001640	0	0	6986	0	0	0	nan	0	0	0	0.001269	0.000783	0.001269	0.000783	0.043350	0.026748
14	A	131	8309	7942	0.016495	0	0	8309	6	7142	6808	0.000881	0	0	7142	0	0	0	nan	0	0	0	0.015613	0.001485	0.015613	0.001485	0.533356	0.050729
15	G	50	8339	7901	0.006328	0	0	8339	33	7153	6769	0.004875	0	0	7153	0	0	0	nan	0	0	0	0.001453	0.001233	0.001453	0.001233	0.049636	0.042121
16	U	156	8598	8048	0.019384	0	0	8598	167	7421	6949	0.024032	0	0	7421	0	0	0	nan	0	0	0	-0.004649	0.002422	-0.004649	0.002422	-0.158815	0.082738
17	U	61	8709	8126	0.007507	0	0	8709	71	7560	7058	0.010060	0	0	7560	0	0	0	nan	0	0	0	-0.002553	0.001533	-0.002553	0.001533	-0.087213	0.052369
18	G	45	8799	8266	0.005444	0	0	8799	11	7685	7209	0.001526	0	0	7685	0	0	0	nan	0	0	0	0.003918	0.000933	0.003918	0.000933	0.133843	0.031872
19	G	90	8897	8380	0.010740	0	0	8897	42	7749	7316	0.005741	0	0	7749	0	0	0	nan	0	0	0	0.004999	0.001437	0.004999	0.001437	0.170771	0.049089
20	U	191	9141	8697	0.021962	0	0	9141	273	7919	7549	0.036164	0	0	7919	0	0	0	nan	0	0	0	-0.014202	0.002705	-0.014202	0.002705	-0.485155	0.092406
21	U	19	9246	8839	0.002150	0	0	9246	25	8082	7768	0.003218	0	1	8082	0	0	0	nan	0	0	0	-0.001069	0.000811	-0.001069	0.000811	-0.036518	0.027705
22	A	33	9299	8923	0.003698	0	0	9299	27	8173	7857	0.003436	0	1	8173	0	0	0	nan	0	0	0	0.000262	0.000923	0.000262	0.000923	0.008950	0.031531
23	G	61	9320	8829	0.006909	0	0	9320	29	8186	7786	0.003725	0	1	8186	0	0	0	nan	0	0	0	0.003184	0.001123	0.003184	0.001123	0.108769	0.038363
24	A	77	9323	8733	0.008817	0	0	9323	20	8189	7673	0.002607	0	1	8189	0	0	0	nan	0	0	0	0.006211	0.001162	0.006211	0.001162	0.212174	0.039695
25	G	302	9325	8656	0.034889	0	0	9325	79	8190	7599	0.010396	0	1	8190	0	0	0	nan	0	0	0	0.024493	0.002324	0.024493	0.002324	0.836706	0.079390
26	C	42	9329	8713	0.004820	0	0	9329	29	8194	7633	0.003799	0	1	8194	0	0	0	nan	0	0	0	0.001021	0.001025	0.001021	0.001025	0.034878	0.035015
27	A	299	9341	8776	0.034070	0	0	9341	32	8221	7733	0.004138	0	1	8221	0	0	0	nan	0	0	0	0.029932	0.002102	0.029932	0.002102	1.022507	0.071806
28	C	45	9345	8885	0.005065	0	0	9345	23	8220	7851	0.002930	0	1	8220	0	0	0	nan	0	0	0	0.002135	0.000971	0.002135	0.000971	0.072934	0.033170
29	A	74	9352	8860	0.008352	0	0	9352	43	8235	7829	0.005492	0	1	8235	0	0	0	nan	0	0	0	0.002860	0.001282	0.002860	0.001282	0.097700	0.043794
30	U	120	9359	8838	0.013578	0	0	9359	141	8253	7807	0.018061	0	1	8253	0	0	0	nan	0	0	0	-0.004483	0.001962	-0.004483	0.001962	-0.153144	0.067024
31	C	50	9359	8801	0.005681	0	0	9359	33	8263	7776	0.004244	0	1	8263	0	0	0	nan	0	0	0	0.001437	0.001091	0.001437	0.001091	0.049089	0.037270
32	A	127	9373	8887	0.014291	0	0	9373	51	8293	7893	0.006461	0	1	8293	0	0	0	nan	0	0	0	0.007829	0.001558	0.007829	0.001558	0.267447	0.053223
33	C	246	9373	8913	0.027600	0	0	9373	67	8294	7937	0.008441	0	1	8294	0	0	0	nan	0	0	0	0.019159	0.002040	0.019159	0.002040	0.654491	0.069688
34	U	79	9399	8964	0.008813	0	0	9399	74	8315	7950	0.009308	0	2	8315	0	0	0	nan	0	0	0	-0.000495	0.001468	-0.000495	0.001468	-0.016910	0.050148
35	C	110	9405	9017	0.012199	0	0	9405	58	8319	7978	0.007270	0	2	8319	0	0	0	nan	0	0	0	0.004929	0.001505	0.004929	0.001505	0.168380	0.051412
36	A	136	9422	8991	0.015126	0	0	9422	19	8335	7923	0.002398	0	2	8335	0	0	0	nan	0	0	0	0.012728	0.001409	0.012728	0.001409	0.434801	0.048133
37	U	79	9438	8937	0.008840	0	0	9438	69	8340	7876	0.008761	0	2	8340	0	0	0	nan	0	0	0	0.000079	0.001450	0.000079	0.001450	0.002699	0.049533
38	A	257	9443	8868	0.028981	0	0	9443	270	8344	7858	0.034360	0	2	8344	0	0	0	nan	0	0	0	-0.005379	0.002764	-0.005379	0.002764	-0.183752	0.094421
39	A	432	9462	8876	0.048671	0	0	9462	27	8347	7861	0.003435	0	2	8347	0	0	0	nan	0	0	0	0.045236	0.002433	0.045236	0.002433	1.545307	0.083114
40	U	110	9472	8852	0.012427	0	0	9472	107	8344	7822	0.013679	0	2	8344	0	0	0	nan	0	0	0	-0.001253	0.001776	-0.001253	0.001776	-0.042804	0.060670
41	G	103	9476	8874	0.011607	0	0	9476	35	8343	7861	0.004452	0	2	8343	0	0	0	nan	0	0	0	0.007155	0.001369	0.007155	0.001369	0.244422	0.046766
42	A	133	9482	8950	0.014860	0	0	9482	72	8344	7869	0.009150	0	2	8344	0	0	0	nan	0	0	0	0.005711	0.001680	0.005711	0.001680	0.195094	0.057390
43	U	135	9468	8925	0.015126	0	0	9468	108	8330	7872	0.013720	0	2	8330	0	0	0	nan	0	0	0	0.001407	0.001854	0.001407	0.001854	0.048065	0.063335
44	G	820	9459	8657	0.094721	0	0	9459	608	8324	7630	0.079685	0	2	8324	0	0	0	nan	0	0	0	0.015036	0.004624	nan	nan	nan	nan
45	G	260	9458	8659	0.030027	0	0	9458	145	8323	7580	0.019129	0	2	8323	0	0	0	nan	0	0	0	0.010897	0.002448	0.010897	0.002448	0.372252	0.083626
46	G	61	9456	8588	0.007103	0	0	9456	28	8322	7535	0.003716	0	2	8322	0	0	0	nan	0	0	0	0.003387	0.001149	0.003387	0.001149	0.115703	0.039251
47	G	229	9483	8529	0.026850	0	0	9483	112	8343	7478	0.014977	0	2	8343	0	0	0	nan	0	0	0	0.011872	0.002270	0.011872	0.002270	0.405559	0.077545
48	U	1905	9883	9142	0.208379	0	0	9883	1655	8492	7829	0.211394	0	2	8492	0	0	0	nan	0	0	0	-0.003015	0.007057	nan	nan	nan	nan
49	C	13	10035	9407	0.001382	0	0	10035	8	8584	8031	0.000996	0	2	8584	0	0	0	nan	0	0	0	0.000386	0.000521	0.000386	0.000521	0.013186	0.017798
50	A	28	10065	9646	0.002903	0	0	10065	12	8618	8264	0.001452	0	2	8618	0	0	0	nan	0	0	0	0.001451	0.000690	0.001451	0.000690	0.049568	0.023571
51	C	47	10067	9722	0.004834	0	0	10067	23	8617	8325	0.002763	0	2	8617	0	0	0	nan	0	0	0	0.002072	0.000911	0.002072	0.000911	0.070782	0.031121
52	A	96	10067	9639	0.009960	0	0	10067	33	8617	8273	0.003989	0	2	8617	0	0	0	nan	0	0	0	0.005971	0.001231	0.005971	0.001231	0.203975	0.042052
53	G	374	10059	9379	0.039876	0	0	10059	172	8614	8022	0.021441	0	2	8614	0	0	0	nan	0	0	0	0.018435	0.002631	0.018435	0.002631	0.629758	0.089878
54	G	453	10056	9268	0.048878	0	0	10056	140	8605	7915	0.017688	0	2	8605	0	0	0	nan	0	0	0	0.031190	0.002740	0.031190	0.002740	1.065482	0.093601
55	U	259	10056	9287	0.027888	0	0	10056	233	8604	7912	0.029449	0	2	8604	0	0	0	nan	0	0	0	-0.001560	0.002593	-0.001560	0.002593	-0.053291	0.088579
56	U	180	10057	9368	0.019214	0	0	10057	138	8605	8004	0.017241	0	2	8605	0	0	0	nan	0	0	0	0.001973	0.002051	0.001973	0.002051	0.067400	0.070064
57	C	217	10055	9362	0.023179	0	0	10055	95	8604	7968	0.011923	0	2	8604	0	0	0	nan	0	0	0	0.011256	0.001993	0.011256	0.001993	0.384516	0.068083
58	G	36	10053	9239	0.003897	0	0	10053	54	8603	8022	0.006731	0	2	8603	0	0	0	nan	0	0	0	-0.002835	0.001123	-0.002835	0.001123	-0.096846	0.038363
59	A	4753	10050	9215	0.515789	0	0	10050	42	8603	7897	0.005318	0	2	8603	0	0	0	nan	0	0	0	0.510471	0.007526	0.510471	0.007526	17.438203	0.257096
60	A	142	10049	9347	0.015192	0	0	10049	95	8600	7977	0.011909	0	2	8600	0	0	0	nan	0	0	0	0.003283	0.001766	0.003283	0.001766	0.112151	0.060328
61	U	112	10042	9268	0.012085	0	0	10042	130	8593	7862	0.016535	0	2	8593	0	0	0	nan	0	0	0	-0.004451	0.001846	-0.004451	0.001846	-0.152051	0.063061
62	C	62	10026	9150	0.006776	0	0	10026	120	8587	7824	0.015337	0	2	8587	0	0	0	nan	0	0	0	-0.008561	0.001643	-0.008561	0.001643	-0.292452	0.056127
63	C	83	10023	9031	0.009191	0	0	10023	84	8585	7794	0.010778	0	2	8585	0	0	0	nan	0	0	0	-0.001587	0.001549	-0.001587	0.001549	-0.054214	0.052915
64	C	81	10011	8948	0.009052	0	0	10011	72	8576	7678	0.009377	0	2	8576	0	0	0	nan	0	0	0	-0.000325	0.001494	-0.000325	0.001494	-0.011102	0.051037
65	G	334	10002	8898	0.037537	0	0	10002	93	8568	7647	0.012162	0	2	8568	0	0	0	nan	0	0	0	0.025375	0.002410	0.025375	0.002410	0.866836	0.082328
66	U	141	10000	9020	0.015632	0	0	10000	113	8568	7713	0.014651	0	2	8568	0	0	0	nan	0	0	0	0.000981	0.001906	0.000981	0.001906	0.033512	0.065111
67	C	85	9994	9068	0.009374	0	0	9994	66	8565	7782	0.008481	0	2	8565	0	0	0	nan	0	0	0	0.000893	0.001457	0.000893	0.001457	0.030506	0.049773
68	G	299	9991	8984	0.033281	0	0	9991	77	8561	7715	0.009981	0	2	8561	0	0	0	nan	0	0	0	0.023301	0.002236	0.023301	0.002236	0.795986	0.076384
69	U	77	9987	8972	0.008582	0	0	9987	81	8558	7703	0.010515	0	2	8558	0	0	0	nan	0	0	0	-0.001933	0.001524	-0.001933	0.001524	-0.066033	0.052061
70	A	36	9984	9051	0.003977	0	0	9984	34	8557	7748	0.004388	0	2	8557	0	0	0	nan	0	0	0	-0.000411	0.001003	-0.000411	0.001003	-0.014040	0.034263
71	G	387	9981	9124	0.042416	0	0	9981	148	8553	7817	0.018933	0	2	8553	0	0	0	nan	0	0	0	0.023483	0.002659	0.023483	0.002659	0.802203	0.090834
72	C	111	9974	9011	0.012318	0	0	9974	69	8546	7717	0.008941	0	2	8546	0	0	0	nan	0	0	0	0.003377	0.001589	0.003377	0.001589	0.115362	0.054282
73	C	93	9970	8816	0.010549	0	0	9970	117	8545	7513	0.015573	0	2	8545	0	0	0	nan	0	0	0	-0.005024	0.001808	-0.005024	0.001808	-0.171625	0.061763
74	A	414	9963	8955	0.046231	0	0	9963	85	8531	7636	0.011131	0	2	8531	0	0	0	nan	0	0	0	0.035100	0.002573	0.035100	0.002573	1.199051	0.087896
75	C	418	9951	8793	0.047538	0	0	9951	33	8528	7449	0.004430	0	2	8528	0	0	0	nan	0	0	0	0.043108	0.002450	0.043108	0.002450	1.472613	0.083694
76	C	436	9924	8721	0.049994	0	0	9924	16	8521	7607	0.002103	0	2	8521	0	0	0	nan	0	0	0	0.047891	0.002451	0.047891	0.002451	1.636005	0.083729
77	A	0	9570	0	nan	0	0	9570	0	8392	0	nan	0	2	8392	0	0	0	nan	0	0	0	nan	nan	nan	nan	nan	nan