0.000000
0.000000
0.309276
0.287550
0.850000
0.223040
0.156738
0.000000
0.850000
0.195454
0.028843
0.000000
0.031733
0.228151
0.044228
0.000000
0.007893
0.000000
0.221167
0.000000
0.045673
0.127387
0.247362
0.627381
0.035372
0.757871
0.067827
0.236980
0.067051
0.003559
0.040777
0.020442
0.060228
0.850000
0.850000
0.850000
0.850000
0.529988
0.474362
0.542617
0.000000
0.070422
0.498255
0.184190
0.254318
0.000000
0.030021
0.042007
0.532690
0.132015
0.225555
0.338146
0.747704
0.000000
0.073526
0.141755
0.000000
0.850000
0.063947
0.000000
0.000000
0.015117
0.067479
0.752734
0.000000
0.000000
0.000000
0.000000
0.079092
0.072456
0.850000
0.136885
0.067988
0.738981
0.339189
0.000000
