0.000000
0.000000
0.052669
0.666139
0.535830
0.324775
0.850000
0.000000
0.386887
0.618570
0.194719
0.478995
0.108317
0.087765
0.000000
0.000000
0.120235
0.114983
0.850000
0.000000
0.157426
0.282307
0.850000
0.120033
0.439707
0.149978
0.850000
0.227567
0.028152
0.000000
0.470915
0.000000
0.007878
0.051735
0.000000
0.147832
0.068374
0.000000
0.850000
0.000000
0.000000
0.076605
0.000000
0.000000
0.000000
0.534441
0.000000
0.110135
0.222517
0.850000
0.850000
0.751984
0.000000
0.258573
0.151998
0.527901
0.000000
0.484878
0.025981
0.015478
0.280312
0.493083
0.000000
0.087285
0.387645
0.000000
0.850000
0.128819
0.000000
0.000000
0.022295
0.007272
0.532371
0.064334
0.000000
0.000000
0.000000
0.119755
0.668436
0.850000
0.000000
0.850000
0.850000
0.708531
0.000000
