Nucleotide	Sequence	Modified_mutations	Modified_read_depth	Modified_effective_depth	Modified_rate	Modified_off_target_mapped_depth	Modified_low_mapq_mapped_depth	Modified_mapped_depth	Untreated_mutations	Untreated_read_depth	Untreated_effective_depth	Untreated_rate	Untreated_off_target_mapped_depth	Untreated_low_mapq_mapped_depth	Untreated_mapped_depth	Denatured_mutations	Denatured_read_depth	Denatured_effective_depth	Denatured_rate	Denatured_off_target_mapped_depth	Denatured_low_mapq_mapped_depth	Denatured_mapped_depth	Reactivity_profile	Std_err	HQ_profile	HQ_stderr	Norm_profile	Norm_stderr
1	G	0	16257	15484	0.000000	0	35	16257	0	16892	16056	0.000000	0	47	16892	0	0	0	nan	0	0	0	0.000000	0.000000	0.000000	0.000000	0.000000	0.000000
2	G	0	17039	15885	0.000000	0	38	17039	0	17296	15979	0.000000	0	48	17296	0	0	0	nan	0	0	0	0.000000	0.000000	0.000000	0.000000	0.000000	0.000000
3	G	231	17443	16220	0.014242	0	39	17443	140	17453	16055	0.008720	0	49	17453	0	0	0	nan	0	0	0	0.005522	0.001192	0.005522	0.001192	0.128505	0.027740
4	G	1016	17491	16461	0.061722	0	40	17491	142	17469	16281	0.008722	0	50	17469	0	0	0	nan	0	0	0	0.053000	0.002070	0.053000	0.002070	1.233390	0.048172
5	C	191	17594	16799	0.011370	0	40	17594	155	17499	16629	0.009321	0	50	17499	0	0	0	nan	0	0	0	0.002049	0.001112	0.002049	0.001112	0.047683	0.025878
6	U	56	17915	17435	0.003212	0	40	17915	86	17664	17179	0.005006	0	51	17664	0	0	0	nan	0	0	0	-0.001794	0.000690	-0.001794	0.000690	-0.041749	0.016057
7	A	111	18255	17687	0.006276	0	40	18255	69	17879	17380	0.003970	0	51	17879	0	0	0	nan	0	0	0	0.002306	0.000764	0.002306	0.000764	0.053664	0.017779
8	U	2098	18871	18302	0.114632	0	40	18871	1494	18176	17771	0.084070	0	51	18176	0	0	0	nan	0	0	0	0.030563	0.003316	nan	nan	nan	nan
9	A	1099	19363	18717	0.058717	0	40	19363	34	18593	18006	0.001888	0	51	18593	0	0	0	nan	0	0	0	0.056828	0.001801	0.056828	0.001801	1.322473	0.041912
10	G	338	20398	19767	0.017099	0	40	20398	237	18652	18057	0.013125	0	51	18652	0	0	0	nan	0	0	0	0.003974	0.001262	0.003974	0.001262	0.092481	0.029369
11	C	128	20568	19907	0.006430	0	40	20568	110	18735	18098	0.006078	0	51	18735	0	0	0	nan	0	0	0	0.000352	0.000812	0.000352	0.000812	0.008192	0.018896
12	U	197	20859	20176	0.009764	0	40	20859	162	19033	18394	0.008807	0	51	19033	0	0	0	nan	0	0	0	0.000957	0.000981	0.000957	0.000981	0.022271	0.022829
13	C	117	20908	20164	0.005802	0	40	20908	65	19084	18401	0.003532	0	51	19084	0	0	0	nan	0	0	0	0.002270	0.000693	0.002270	0.000693	0.052826	0.016127
14	A	459	21010	20150	0.022779	0	40	21010	32	19187	18472	0.001732	0	51	19187	0	0	0	nan	0	0	0	0.021047	0.001106	0.021047	0.001106	0.489795	0.025738
15	G	332	21069	20283	0.016368	0	40	21069	176	19198	18516	0.009505	0	51	19198	0	0	0	nan	0	0	0	0.006863	0.001149	0.006863	0.001149	0.159712	0.026739
16	C	858	21224	20385	0.042090	0	40	21224	244	19335	18641	0.013089	0	51	19335	0	0	0	nan	0	0	0	0.029000	0.001663	0.029000	0.001663	0.674874	0.038701
17	U	274	21338	20459	0.013393	0	40	21338	353	19411	18666	0.018911	0	51	19411	0	0	0	nan	0	0	0	-0.005519	0.001291	-0.005519	0.001291	-0.128435	0.030044
18	G	522	21405	20394	0.025596	0	40	21405	155	19507	18668	0.008303	0	51	19507	0	0	0	nan	0	0	0	0.017293	0.001304	0.017293	0.001304	0.402434	0.030346
19	G	627	21568	20566	0.030487	0	40	21568	379	19610	18676	0.020293	0	51	19610	0	0	0	nan	0	0	0	0.010194	0.001603	0.010194	0.001603	0.237230	0.037304
20	G	1228	21625	20819	0.058985	0	40	21625	110	19651	18894	0.005822	0	51	19651	0	0	0	nan	0	0	0	0.053163	0.001772	0.053163	0.001772	1.237183	0.041237
21	A	268	21645	20935	0.012802	0	40	21645	94	19665	18995	0.004949	0	51	19665	0	0	0	nan	0	0	0	0.007853	0.000934	0.007853	0.000934	0.182751	0.021736
22	G	149	21650	20650	0.007215	0	40	21650	96	19668	18888	0.005083	0	51	19668	0	0	0	nan	0	0	0	0.002133	0.000786	0.002133	0.000786	0.049638	0.018291
23	A	219	21655	20499	0.010683	0	40	21655	72	19672	18723	0.003846	0	51	19672	0	0	0	nan	0	0	0	0.006838	0.000852	0.006838	0.000852	0.159131	0.019827
24	G	819	21661	20473	0.040004	0	35	21661	199	19673	18658	0.010666	0	47	19673	0	0	0	nan	0	0	0	0.029338	0.001589	0.029338	0.001589	0.682740	0.036978
25	C	157	21667	20734	0.007572	0	26	21667	118	19678	18743	0.006296	0	40	19678	0	0	0	nan	0	0	0	0.001276	0.000837	0.001276	0.000837	0.029694	0.019478
26	G	363	21670	20840	0.017418	0	17	21670	187	19681	18859	0.009916	0	32	19681	0	0	0	nan	0	0	0	0.007503	0.001167	0.007503	0.001167	0.174606	0.027158
27	C	206	21674	20693	0.009955	0	12	21674	115	19685	18678	0.006157	0	29	19685	0	0	0	nan	0	0	0	0.003798	0.000900	0.003798	0.000900	0.088385	0.020944
28	U	273	21692	20578	0.013267	0	7	21692	192	19714	18535	0.010359	0	24	19714	0	0	0	nan	0	0	0	0.002908	0.001097	0.002908	0.001097	0.067674	0.025529
29	U	169	21701	20385	0.008290	0	6	21701	113	19740	18386	0.006146	0	23	19740	0	0	0	nan	0	0	0	0.002144	0.000861	0.002144	0.000861	0.049894	0.020037
30	G	529	21704	20419	0.025907	0	6	21704	178	19744	18441	0.009652	0	24	19744	0	0	0	nan	0	0	0	0.016255	0.001339	0.016255	0.001339	0.378278	0.031161
31	C	137	21710	20686	0.006623	0	6	21710	61	19748	18797	0.003245	0	24	19748	0	0	0	nan	0	0	0	0.003378	0.000702	0.003378	0.000702	0.078611	0.016337
32	A	407	21719	20864	0.019507	0	6	21719	106	19763	18993	0.005581	0	23	19763	0	0	0	nan	0	0	0	0.013926	0.001109	0.013926	0.001109	0.324079	0.025808
33	U	292	21718	20740	0.014079	0	6	21718	207	19760	18902	0.010951	0	23	19760	0	0	0	nan	0	0	0	0.003128	0.001122	0.003128	0.001122	0.072793	0.026111
34	G	898	21716	20424	0.043968	0	6	21716	205	19749	18615	0.011013	0	23	19749	0	0	0	nan	0	0	0	0.032955	0.001657	0.032955	0.001657	0.766913	0.038561
35	G	1005	21712	20409	0.049243	0	6	21712	235	19742	18549	0.012669	0	22	19742	0	0	0	nan	0	0	0	0.036574	0.001759	0.036574	0.001759	0.851132	0.040935
36	C	1267	21725	20410	0.062077	0	6	21725	83	19746	18557	0.004473	0	24	19746	0	0	0	nan	0	0	0	0.057605	0.001812	0.057605	0.001812	1.340555	0.042168
37	A	2369	21737	20544	0.115313	0	6	21737	85	19757	18598	0.004570	0	24	19757	0	0	0	nan	0	0	0	0.110743	0.002420	0.110743	0.002420	2.577157	0.056317
38	U	160	21752	20489	0.007809	0	6	21752	145	19759	18583	0.007803	0	24	19759	0	0	0	nan	0	0	0	0.000006	0.000895	0.000006	0.000895	0.000140	0.020828
39	G	598	21755	20568	0.029074	0	6	21755	156	19761	18705	0.008340	0	24	19761	0	0	0	nan	0	0	0	0.020734	0.001364	0.020734	0.001364	0.482511	0.031742
40	C	162	21757	20863	0.007765	0	6	21757	103	19762	18980	0.005427	0	23	19762	0	0	0	nan	0	0	0	0.002338	0.000811	0.002338	0.000811	0.054409	0.018873
41	A	167	21757	21124	0.007906	0	6	21757	32	19764	19220	0.001665	0	23	19764	0	0	0	nan	0	0	0	0.006241	0.000679	0.006241	0.000679	0.145237	0.015801
42	A	232	21757	21216	0.010935	0	6	21757	106	19765	19277	0.005499	0	24	19765	0	0	0	nan	0	0	0	0.005436	0.000895	0.005436	0.000895	0.126504	0.020828
43	G	653	21754	21207	0.030792	0	6	21754	146	19764	19278	0.007573	0	24	19764	0	0	0	nan	0	0	0	0.023218	0.001358	0.023218	0.001358	0.540318	0.031603
44	A	204	21752	21057	0.009688	0	6	21752	105	19763	19154	0.005482	0	24	19763	0	0	0	nan	0	0	0	0.004206	0.000864	0.004206	0.000864	0.097880	0.020107
45	G	401	21750	20697	0.019375	0	6	21750	160	19760	18925	0.008454	0	24	19760	0	0	0	nan	0	0	0	0.010920	0.001176	0.010920	0.001176	0.254125	0.027367
46	G	3454	21744	20436	0.169015	0	6	21744	2990	19761	18535	0.161316	0	24	19761	0	0	0	nan	0	0	0	0.007699	0.004120	nan	nan	nan	nan
47	U	362	21751	20542	0.017622	0	6	21751	257	19776	18641	0.013787	0	26	19776	0	0	0	nan	0	0	0	0.003836	0.001264	0.003836	0.001264	0.089270	0.029415
48	C	123	21748	20702	0.005941	0	6	21748	68	19774	18772	0.003622	0	26	19774	0	0	0	nan	0	0	0	0.002319	0.000693	0.002319	0.000693	0.053967	0.016127
49	A	267	21757	20813	0.012829	0	6	21757	91	19784	18898	0.004815	0	26	19784	0	0	0	nan	0	0	0	0.008013	0.000933	0.008013	0.000933	0.186475	0.021712
50	G	395	21745	20838	0.018956	0	6	21745	203	19775	18925	0.010727	0	26	19775	0	0	0	nan	0	0	0	0.008229	0.001215	0.008229	0.001215	0.191501	0.028275
51	C	266	21742	20728	0.012833	0	6	21742	147	19772	18909	0.007774	0	26	19772	0	0	0	nan	0	0	0	0.005059	0.001015	0.005059	0.001015	0.117731	0.023621
52	G	439	21738	20766	0.021140	0	6	21738	149	19768	18956	0.007860	0	26	19768	0	0	0	nan	0	0	0	0.013280	0.001197	0.013280	0.001197	0.309046	0.027856
53	G	663	21730	20634	0.032131	0	6	21730	229	19761	18779	0.012194	0	26	19761	0	0	0	nan	0	0	0	0.019937	0.001485	0.019937	0.001485	0.463964	0.034558
54	U	416	21729	20357	0.020435	0	6	21729	396	19760	18721	0.021153	0	26	19760	0	0	0	nan	0	0	0	-0.000717	0.001461	-0.000717	0.001461	-0.016686	0.034000
55	U	398	21726	20466	0.019447	0	6	21726	358	19766	18835	0.019007	0	26	19766	0	0	0	nan	0	0	0	0.000440	0.001400	0.000440	0.001400	0.010239	0.032580
56	C	354	21720	20448	0.017312	0	6	21720	207	19762	18857	0.010977	0	26	19762	0	0	0	nan	0	0	0	0.006335	0.001195	0.006335	0.001195	0.147425	0.027809
57	G	80	21715	20458	0.003910	0	6	21715	79	19761	18699	0.004225	0	26	19761	0	0	0	nan	0	0	0	-0.000314	0.000646	-0.000314	0.000646	-0.007307	0.015033
58	A	8025	21709	20347	0.394407	0	6	21709	119	19760	18626	0.006389	0	26	19760	0	0	0	nan	0	0	0	0.388018	0.004442	0.388018	0.004442	9.029764	0.103372
59	U	230	21703	20416	0.011266	0	6	21703	244	19755	18619	0.013105	0	26	19755	0	0	0	nan	0	0	0	-0.001839	0.001121	-0.001839	0.001121	-0.042796	0.026087
60	C	214	21700	20484	0.010447	0	6	21700	195	19753	18638	0.010462	0	26	19753	0	0	0	nan	0	0	0	-0.000015	0.001035	-0.000015	0.001035	-0.000349	0.024086
61	C	116	21696	20474	0.005666	0	6	21696	117	19751	18631	0.006280	0	26	19751	0	0	0	nan	0	0	0	-0.000614	0.000783	-0.000614	0.000783	-0.014289	0.018222
62	C	78	21690	20332	0.003836	0	6	21690	68	19748	18483	0.003679	0	26	19748	0	0	0	nan	0	0	0	0.000157	0.000623	0.000157	0.000623	0.003654	0.014498
63	G	496	21686	20423	0.024286	0	6	21686	201	19743	18590	0.010812	0	26	19743	0	0	0	nan	0	0	0	0.013474	0.001331	0.013474	0.001331	0.313560	0.030974
64	C	197	21679	20445	0.009636	0	6	21679	231	19735	18582	0.012431	0	25	19735	0	0	0	nan	0	0	0	-0.002796	0.001068	-0.002796	0.001068	-0.065067	0.024854
65	U	344	21673	20439	0.016831	0	6	21673	461	19727	18644	0.024726	0	25	19727	0	0	0	nan	0	0	0	-0.007896	0.001466	-0.007896	0.001466	-0.183752	0.034116
66	U	77	21668	20615	0.003735	0	6	21668	130	19724	18757	0.006931	0	25	19724	0	0	0	nan	0	0	0	-0.003196	0.000742	-0.003196	0.000742	-0.074376	0.017267
67	A	92	21667	20671	0.004451	0	6	21667	38	19723	18840	0.002017	0	25	19723	0	0	0	nan	0	0	0	0.002434	0.000568	0.002434	0.000568	0.056643	0.013218
68	G	772	21665	20541	0.037583	0	6	21665	277	19720	18706	0.014808	0	25	19720	0	0	0	nan	0	0	0	0.022775	0.001619	0.022775	0.001619	0.530009	0.037677
69	C	232	21659	20429	0.011356	0	6	21659	169	19713	18590	0.009091	0	25	19713	0	0	0	nan	0	0	0	0.002265	0.001022	0.002265	0.001022	0.052710	0.023783
70	U	234	21653	20306	0.011524	0	6	21653	285	19709	18538	0.015374	0	25	19709	0	0	0	nan	0	0	0	-0.003850	0.001182	-0.003850	0.001182	-0.089595	0.027507
71	C	256	21649	20234	0.012652	0	6	21649	192	19702	18476	0.010392	0	25	19702	0	0	0	nan	0	0	0	0.002260	0.001090	0.002260	0.001090	0.052594	0.025366
72	C	162	21644	19822	0.008173	0	6	21644	144	19700	18123	0.007946	0	25	19700	0	0	0	nan	0	0	0	0.000227	0.000922	0.000227	0.000922	0.005283	0.021456
73	A	1148	21622	19848	0.057840	0	6	21622	185	19694	18128	0.010205	0	25	19694	0	0	0	nan	0	0	0	0.047634	0.001865	0.047634	0.001865	1.108515	0.043401
74	C	1068	21596	19805	0.053926	0	6	21596	105	19679	18126	0.005793	0	25	19679	0	0	0	nan	0	0	0	0.048133	0.001744	0.048133	0.001744	1.120128	0.040586
75	C	512	21481	19246	0.026603	0	6	21481	31	19652	18061	0.001716	0	25	19652	0	0	0	nan	0	0	0	0.024887	0.001215	0.024887	0.001215	0.579158	0.028275
76	A	0	20540	0	nan	0	6	20540	0	19304	0	nan	0	25	19304	0	0	0	nan	0	0	0	nan	nan	nan	nan	nan	nan