0.000000
0.000000
0.084886
0.191789
0.460399
0.420193
0.387522
0.000000
0.000000
0.038676
0.157057
0.332893
0.446860
0.802829
0.528126
0.787700
0.284563
0.584815
0.850000
0.197911
0.796942
0.255071
0.850000
0.199059
0.466610
0.850000
0.850000
0.348228
0.056336
0.132775
0.850000
0.193761
0.434085
0.092215
0.000000
0.023400
0.456131
0.000000
0.850000
0.000000
0.000000
0.000000
0.469700
0.000000
0.108521
0.246417
0.027903
0.276587
0.850000
0.714204
0.850000
0.779576
0.495366
0.289950
0.000000
0.000000
0.280855
0.289449
0.223901
0.103459
0.109787
0.757118
0.000000
0.000000
0.097837
0.045328
0.850000
0.179603
0.000000
0.000000
0.000000
0.043974
0.000000
0.000000
0.000000
0.090802
0.069404
0.063370
0.074732
0.100633
0.000000
0.822049
0.850000
0.640797
0.000000
