0.000000
0.000000
0.007901
0.032216
0.022617
0.045399
0.058983
0.048441
0.053653
0.149027
0.034621
0.043159
0.005071
0.098628
0.144381
0.817514
0.564812
0.267678
0.850000
0.039291
0.850000
0.042805
0.020400
0.053913
0.220062
0.043960
0.850000
0.028324
0.054856
0.570967
0.029621
0.010919
0.559223
0.000000
0.850000
0.000000
0.850000
0.000000
0.850000
0.236641
0.584410
0.025353
0.165253
0.274376
0.000000
0.017546
0.012358
0.035989
0.097072
0.069077
0.117778
0.225132
0.495570
0.000000
0.000000
0.077921
0.000000
0.850000
0.009103
0.000000
0.000000
0.000000
0.000000
0.000000
0.031485
0.031744
0.139287
0.236358
0.519625
0.850000
0.137377
0.118179
0.850000
0.678817
0.408309
0.000000
