0.000000
0.000000
0.109797
0.049303
0.056546
0.069820
0.701589
0.000000
0.850000
0.104046
0.098793
0.000000
0.000000
0.455695
0.000000
0.593563
0.000000
0.260628
0.178747
0.650887
0.000000
0.040910
0.067022
0.215522
0.623375
0.035501
0.850000
0.054930
0.111973
0.019211
0.195191
0.139547
0.000000
0.112502
0.000000
0.850000
0.850000
0.708676
0.850000
0.138894
0.106378
0.536427
0.414381
0.718095
0.462286
0.120988
0.850000
0.000000
0.042402
0.184684
0.062173
0.104917
0.329236
0.850000
0.000000
0.009108
0.024434
0.000000
0.850000
0.007647
0.000000
0.000000
0.000000
0.055551
0.000000
0.038578
0.036589
0.283321
0.413604
0.128262
0.101994
0.848658
0.047780
0.768269
0.850000
0.834545
0.000000
