0.000000
0.000000
0.850000
0.000000
0.532169
0.163223
0.000461
0.000000
0.220061
0.421095
0.033230
0.279149
0.070038
0.850000
0.123325
0.430636
0.850000
0.049845
0.536967
0.613754
0.000000
0.006207
0.203690
0.002846
0.623267
0.040033
0.716832
0.184798
0.020166
0.000000
0.078196
0.598467
0.000000
0.000000
0.850000
0.000000
0.274379
0.000000
0.139127
0.030032
0.585023
0.137555
0.096898
0.435000
0.319562
0.428467
0.000000
0.000000
0.028378
0.231472
0.102184
0.123542
0.315604
0.645927
0.000000
0.000000
0.004011
0.003090
0.850000
0.146825
0.000000
0.000000
0.015395
0.000000
0.000000
0.000000
0.000000
0.000000
0.005584
0.000000
0.064590
0.080338
0.850000
0.850000
0.850000
0.850000
0.000000
