Nucleotide	Sequence	Modified_mutations	Modified_read_depth	Modified_effective_depth	Modified_rate	Modified_off_target_mapped_depth	Modified_low_mapq_mapped_depth	Modified_mapped_depth	Untreated_mutations	Untreated_read_depth	Untreated_effective_depth	Untreated_rate	Untreated_off_target_mapped_depth	Untreated_low_mapq_mapped_depth	Untreated_mapped_depth	Denatured_mutations	Denatured_read_depth	Denatured_effective_depth	Denatured_rate	Denatured_off_target_mapped_depth	Denatured_low_mapq_mapped_depth	Denatured_mapped_depth	Reactivity_profile	Std_err	HQ_profile	HQ_stderr	Norm_profile	Norm_stderr
1	C	0	21895	21355	0.000000	0	0	21895	0	34295	33455	0.000000	0	1	34295	0	0	0	nan	0	0	0	0.000000	0.000000	0.000000	0.000000	0.000000	0.000000
2	G	0	22379	21356	0.000000	0	0	22379	0	34972	33292	0.000000	0	1	34972	0	0	0	nan	0	0	0	0.000000	0.000000	0.000000	0.000000	0.000000	0.000000
3	G	880	23324	22240	0.039568	0	0	23324	406	35367	33576	0.012092	0	1	35367	0	0	0	nan	0	0	0	0.027476	0.001463	0.027476	0.001463	0.819421	0.043631
4	C	298	23471	22304	0.013361	0	0	23471	370	35417	33578	0.011019	0	1	35417	0	0	0	nan	0	0	0	0.002342	0.000963	0.002342	0.000963	0.069846	0.028720
5	G	1021	23525	22730	0.044919	0	0	23525	146	35443	34252	0.004263	0	1	35443	0	0	0	nan	0	0	0	0.040656	0.001449	0.040656	0.001449	1.212490	0.043214
6	A	203	23634	22555	0.009000	0	0	23634	67	35484	33912	0.001976	0	1	35484	0	0	0	nan	0	0	0	0.007025	0.000676	0.007025	0.000676	0.209508	0.020160
7	G	720	23709	22636	0.031808	0	0	23709	215	35524	34220	0.006283	0	1	35524	0	0	0	nan	0	0	0	0.025525	0.001260	0.025525	0.001260	0.761236	0.037577
8	U	5049	24227	23156	0.218043	0	0	24227	4733	36039	34602	0.136784	0	2	36039	0	0	0	nan	0	0	0	0.081259	0.003656	nan	nan	nan	nan
9	A	270	24627	23770	0.011359	0	2	24627	96	36448	35198	0.002727	0	2	36448	0	0	0	nan	0	0	0	0.008631	0.000745	0.008631	0.000745	0.257404	0.022218
10	G	591	24845	24074	0.024549	0	2	24845	377	36521	35410	0.010647	0	2	36521	0	0	0	nan	0	0	0	0.013903	0.001149	0.013903	0.001149	0.414631	0.034267
11	C	245	24971	24099	0.010166	0	2	24971	257	36619	35361	0.007268	0	2	36619	0	0	0	nan	0	0	0	0.002899	0.000792	0.002899	0.000792	0.086457	0.023620
12	G	522	25003	24274	0.021504	0	2	25003	295	36693	35601	0.008286	0	2	36693	0	0	0	nan	0	0	0	0.013218	0.001058	0.013218	0.001058	0.394202	0.031553
13	C	142	25052	23508	0.006040	0	2	25052	147	36730	34388	0.004275	0	2	36730	0	0	0	nan	0	0	0	0.001766	0.000617	0.001766	0.000617	0.052668	0.018401
14	A	592	25073	23554	0.025134	0	2	25073	54	36753	34480	0.001566	0	2	36753	0	0	0	nan	0	0	0	0.023568	0.001055	0.023568	0.001055	0.702872	0.031463
15	G	294	25137	23560	0.012479	0	3	25137	271	36769	34411	0.007875	0	2	36769	0	0	0	nan	0	0	0	0.004603	0.000871	0.004603	0.000871	0.137276	0.025976
16	C	732	25195	24109	0.030362	0	3	25195	311	36871	35307	0.008808	0	2	36871	0	0	0	nan	0	0	0	0.021554	0.001228	0.021554	0.001228	0.642808	0.036623
17	U	297	25345	24145	0.012301	0	3	25345	469	37194	35451	0.013230	0	2	37194	0	0	0	nan	0	0	0	-0.000929	0.000939	-0.000929	0.000939	-0.027706	0.028004
18	U	222	25406	24066	0.009225	0	3	25406	326	37382	35500	0.009183	0	2	37382	0	0	0	nan	0	0	0	0.000042	0.000801	0.000042	0.000801	0.001253	0.023888
19	G	698	25467	24211	0.028830	0	3	25467	312	37529	35823	0.008709	0	2	37529	0	0	0	nan	0	0	0	0.020120	0.001197	0.020120	0.001197	0.600042	0.035698
20	G	764	25508	24454	0.031242	0	3	25508	289	37584	36141	0.007996	0	2	37584	0	0	0	nan	0	0	0	0.023246	0.001224	0.023246	0.001224	0.693269	0.036504
21	U	257	25568	24217	0.010612	0	3	25568	479	37629	35617	0.013449	0	2	37629	0	0	0	nan	0	0	0	-0.002836	0.000903	-0.002836	0.000903	-0.084578	0.026930
22	A	74	25588	24269	0.003049	0	3	25588	70	37651	35730	0.001959	0	2	37651	0	0	0	nan	0	0	0	0.001090	0.000425	0.001090	0.000425	0.032507	0.012675
23	G	463	25618	24242	0.019099	0	3	25618	290	37667	35568	0.008153	0	2	37667	0	0	0	nan	0	0	0	0.010946	0.001009	0.010946	0.001009	0.326444	0.030092
24	C	192	25627	24429	0.007860	0	3	25627	224	37671	36028	0.006217	0	2	37671	0	0	0	nan	0	0	0	0.001642	0.000703	0.001642	0.000703	0.048970	0.020966
25	G	1019	25625	24382	0.041793	0	3	25625	299	37674	35905	0.008328	0	2	37674	0	0	0	nan	0	0	0	0.033466	0.001395	0.033466	0.001395	0.998061	0.041603
26	C	164	25626	24404	0.006720	0	3	25626	185	37673	35961	0.005144	0	2	37673	0	0	0	nan	0	0	0	0.001576	0.000647	0.001576	0.000647	0.047001	0.019296
27	A	1179	25628	24421	0.048278	0	3	25628	58	37676	35879	0.001617	0	2	37676	0	0	0	nan	0	0	0	0.046662	0.001422	0.046662	0.001422	1.391608	0.042409
28	A	284	25631	24442	0.011619	0	3	25631	250	37683	35825	0.006978	0	2	37683	0	0	0	nan	0	0	0	0.004641	0.000819	0.004641	0.000819	0.138409	0.024425
29	C	257	25635	24159	0.010638	0	3	25635	357	37670	35432	0.010076	0	2	37670	0	0	0	nan	0	0	0	0.000562	0.000851	0.000562	0.000851	0.016761	0.025379
30	U	414	25620	24031	0.017228	0	3	25620	532	37633	35342	0.015053	0	2	37633	0	0	0	nan	0	0	0	0.002175	0.001069	0.002175	0.001069	0.064865	0.031881
31	G	423	25619	23888	0.017708	0	3	25619	384	37627	35223	0.010902	0	2	37627	0	0	0	nan	0	0	0	0.006806	0.001025	0.006806	0.001025	0.202976	0.030569
32	G	616	25615	23849	0.025829	0	3	25615	293	37616	35193	0.008326	0	2	37616	0	0	0	nan	0	0	0	0.017504	0.001149	0.017504	0.001149	0.522024	0.034267
33	U	1643	25622	24053	0.068307	0	3	25622	2605	37626	35499	0.073382	0	2	37626	0	0	0	nan	0	0	0	-0.005075	0.002215	nan	nan	nan	nan
34	U	547	25671	24345	0.022469	0	4	25671	819	37671	35968	0.022770	0	2	37671	0	0	0	nan	0	0	0	-0.000302	0.001247	-0.000302	0.001247	-0.009007	0.037189
35	U	1612	25692	24365	0.066160	0	4	25692	821	37692	36050	0.022774	0	2	37692	0	0	0	nan	0	0	0	0.043387	0.001830	0.043387	0.001830	1.293937	0.054576
36	G	2967	25774	24359	0.121803	0	4	25774	5386	37719	35770	0.150573	0	2	37719	0	0	0	nan	0	0	0	-0.028770	0.003035	nan	nan	nan	nan
37	G	337	25873	24214	0.013918	0	4	25873	39	37764	35477	0.001099	0	3	37764	0	0	0	nan	0	0	0	0.012818	0.000778	0.012818	0.000778	0.382273	0.023202
38	G	13689	25867	23996	0.570470	0	4	25867	21508	37757	35334	0.608705	0	3	37757	0	0	0	nan	0	0	0	-0.038235	0.006403	nan	nan	nan	nan
39	A	275	25972	24596	0.011181	0	4	25972	290	37820	36157	0.008021	0	3	37820	0	0	0	nan	0	0	0	0.003160	0.000822	0.003160	0.000822	0.094241	0.024515
40	C	89	25987	24512	0.003631	0	4	25987	140	37824	35973	0.003892	0	3	37824	0	0	0	nan	0	0	0	-0.000261	0.000506	-0.000261	0.000506	-0.007784	0.015091
41	C	71	25997	24893	0.002852	0	4	25997	89	37832	36312	0.002451	0	4	37832	0	0	0	nan	0	0	0	0.000401	0.000427	0.000401	0.000427	0.011959	0.012734
42	A	176	25999	24820	0.007091	0	4	25999	98	37831	36140	0.002712	0	4	37831	0	0	0	nan	0	0	0	0.004379	0.000601	0.004379	0.000601	0.130596	0.017924
43	G	993	25990	24965	0.039776	0	4	25990	432	37821	36442	0.011854	0	4	37821	0	0	0	nan	0	0	0	0.027921	0.001385	0.027921	0.001385	0.832692	0.041305
44	U	513	25976	24712	0.020759	0	4	25976	607	37809	36064	0.016831	0	4	37809	0	0	0	nan	0	0	0	0.003928	0.001143	0.003928	0.001143	0.117145	0.034088
45	G	472	25971	24562	0.019217	0	4	25971	284	37806	35846	0.007923	0	4	37806	0	0	0	nan	0	0	0	0.011294	0.001002	0.011294	0.001002	0.336823	0.029883
46	G	521	25966	24030	0.021681	0	4	25966	262	37803	35627	0.007354	0	4	37803	0	0	0	nan	0	0	0	0.014327	0.001053	0.014327	0.001053	0.427276	0.031404
47	G	6068	25944	24277	0.249949	0	4	25944	9776	37777	35506	0.275334	0	4	37777	0	0	0	nan	0	0	0	-0.025385	0.004249	nan	nan	nan	nan
48	U	388	25986	24554	0.015802	0	4	25986	594	37806	35891	0.016550	0	4	37806	0	0	0	nan	0	0	0	-0.000748	0.001051	-0.000748	0.001051	-0.022308	0.031344
49	C	232	25979	24462	0.009484	0	4	25979	232	37798	35666	0.006505	0	4	37798	0	0	0	nan	0	0	0	0.002979	0.000755	0.002979	0.000755	0.088843	0.022516
50	G	431	25991	24448	0.017629	0	4	25991	438	37792	35558	0.012318	0	4	37792	0	0	0	nan	0	0	0	0.005311	0.001033	0.005311	0.001033	0.158391	0.030807
51	G	275	25990	24440	0.011252	0	4	25990	226	37785	35532	0.006360	0	4	37785	0	0	0	nan	0	0	0	0.004892	0.000800	0.004892	0.000800	0.145895	0.023859
52	A	253	25988	24693	0.010246	0	4	25988	216	37781	35938	0.006010	0	4	37781	0	0	0	nan	0	0	0	0.004235	0.000763	0.004235	0.000763	0.126301	0.022755
53	G	642	25984	24790	0.025898	0	4	25984	444	37775	36168	0.012276	0	4	37775	0	0	0	nan	0	0	0	0.013621	0.001176	0.013621	0.001176	0.406221	0.035072
54	G	835	25977	24672	0.033844	0	4	25977	331	37766	36002	0.009194	0	4	37766	0	0	0	nan	0	0	0	0.024650	0.001276	0.024650	0.001276	0.735141	0.038054
55	U	503	25973	24690	0.020373	0	4	25973	894	37763	36010	0.024826	0	4	37763	0	0	0	nan	0	0	0	-0.004454	0.001231	-0.004454	0.001231	-0.132832	0.036712
56	U	425	25967	24787	0.017146	0	4	25967	675	37763	36147	0.018674	0	4	37763	0	0	0	nan	0	0	0	-0.001528	0.001099	-0.001528	0.001099	-0.045570	0.032776
57	C	371	25957	24728	0.015003	0	4	25957	424	37753	36039	0.011765	0	4	37753	0	0	0	nan	0	0	0	0.003238	0.000966	0.003238	0.000966	0.096567	0.028809
58	G	103	25945	24383	0.004224	0	4	25945	216	37741	35797	0.006034	0	4	37741	0	0	0	nan	0	0	0	-0.001810	0.000585	-0.001810	0.000585	-0.053980	0.017447
59	A	7087	25934	23010	0.307997	0	4	25934	93	37727	33326	0.002791	0	4	37727	0	0	0	nan	0	0	0	0.305206	0.003670	0.305206	0.003670	9.102204	0.109451
60	A	388	25922	23027	0.016850	0	4	25922	356	37697	33307	0.010688	0	4	37697	0	0	0	nan	0	0	0	0.006161	0.001026	0.006161	0.001026	0.183740	0.030599
61	U	170	25917	22890	0.007427	0	4	25917	278	37684	33010	0.008422	0	4	37684	0	0	0	nan	0	0	0	-0.000995	0.000761	-0.000995	0.000761	-0.029674	0.022695
62	C	153	25911	23659	0.006467	0	4	25911	205	37677	34579	0.005928	0	4	37677	0	0	0	nan	0	0	0	0.000538	0.000667	0.000538	0.000667	0.016045	0.019892
63	C	104	25902	23741	0.004381	0	4	25902	134	37670	34550	0.003878	0	4	37670	0	0	0	nan	0	0	0	0.000502	0.000545	0.000502	0.000545	0.014971	0.016254
64	U	210	25883	23985	0.008755	0	4	25883	394	37562	34850	0.011306	0	3	37562	0	0	0	nan	0	0	0	-0.002550	0.000830	-0.002550	0.000830	-0.076049	0.024753
65	C	205	25872	24443	0.008387	0	4	25872	268	37542	35433	0.007564	0	3	37542	0	0	0	nan	0	0	0	0.000823	0.000746	0.000823	0.000746	0.024544	0.022248
66	U	318	25864	24415	0.013025	0	4	25864	588	37519	35402	0.016609	0	3	37519	0	0	0	nan	0	0	0	-0.003584	0.001001	-0.003584	0.001001	-0.106886	0.029853
67	C	143	25847	24313	0.005882	0	4	25847	252	37434	35289	0.007141	0	3	37434	0	0	0	nan	0	0	0	-0.001259	0.000667	-0.001259	0.000667	-0.037547	0.019892
68	U	243	25835	24209	0.010038	0	4	25835	384	37397	35092	0.010943	0	3	37397	0	0	0	nan	0	0	0	-0.000905	0.000852	-0.000905	0.000852	-0.026990	0.025409
69	C	137	25823	23684	0.005784	0	4	25823	154	37378	34353	0.004483	0	3	37378	0	0	0	nan	0	0	0	0.001302	0.000612	0.001302	0.000612	0.038830	0.018252
70	G	1209	25803	23447	0.051563	0	4	25803	804	37345	33992	0.023653	0	3	37345	0	0	0	nan	0	0	0	0.027910	0.001701	0.027910	0.001701	0.832364	0.050729
71	C	305	25790	23008	0.013256	0	4	25790	384	37333	33520	0.011456	0	3	37333	0	0	0	nan	0	0	0	0.001800	0.000958	0.001800	0.000958	0.053682	0.028571
72	C	257	25781	23164	0.011095	0	4	25781	291	37318	33593	0.008663	0	3	37318	0	0	0	nan	0	0	0	0.002432	0.000858	0.002432	0.000858	0.072530	0.025588
73	G	1198	25771	20123	0.059534	0	4	25771	323	37306	28779	0.011223	0	3	37306	0	0	0	nan	0	0	0	0.048310	0.001830	0.048310	0.001830	1.440756	0.054576
74	A	889	25763	20319	0.043752	0	4	25763	296	37299	29200	0.010137	0	3	37299	0	0	0	nan	0	0	0	0.033615	0.001581	0.033615	0.001581	1.002505	0.047150
75	C	1275	25745	20374	0.062580	0	4	25745	146	37284	29359	0.004973	0	3	37284	0	0	0	nan	0	0	0	0.057607	0.001800	0.057607	0.001800	1.718022	0.053682
76	C	642	25635	22266	0.028833	0	3	25635	36	37134	33619	0.001071	0	3	37134	0	0	0	nan	0	0	0	0.027762	0.001152	0.027762	0.001152	0.827950	0.034356
77	A	0	24334	0	nan	0	3	24334	0	36274	0	nan	0	3	36274	0	0	0	nan	0	0	0	nan	nan	nan	nan	nan	nan