Nucleotide	Sequence	Modified_mutations	Modified_read_depth	Modified_effective_depth	Modified_rate	Modified_off_target_mapped_depth	Modified_low_mapq_mapped_depth	Modified_mapped_depth	Untreated_mutations	Untreated_read_depth	Untreated_effective_depth	Untreated_rate	Untreated_off_target_mapped_depth	Untreated_low_mapq_mapped_depth	Untreated_mapped_depth	Denatured_mutations	Denatured_read_depth	Denatured_effective_depth	Denatured_rate	Denatured_off_target_mapped_depth	Denatured_low_mapq_mapped_depth	Denatured_mapped_depth	Reactivity_profile	Std_err	HQ_profile	HQ_stderr	Norm_profile	Norm_stderr
1	G	0	2702	2621	0.000000	0	3	2702	0	4450	4333	0.000000	0	2	4450	0	0	0	nan	0	0	0	0.000000	0.000000	0.000000	0.000000	0.000000	0.000000
2	C	0	2948	2829	0.000000	0	3	2948	0	4624	4460	0.000000	0	2	4624	0	0	0	nan	0	0	0	0.000000	0.000000	0.000000	0.000000	0.000000	0.000000
3	C	15	3011	2884	0.005201	0	3	3011	8	4681	4480	0.001786	0	2	4681	0	0	0	nan	0	0	0	0.003415	0.001484	0.003415	0.001484	0.101710	0.044198
4	G	51	3047	2917	0.017484	0	3	3047	12	4710	4524	0.002653	0	3	4710	0	0	0	nan	0	0	0	0.014831	0.002565	0.014831	0.002565	0.441714	0.076394
5	A	54	3115	2961	0.018237	0	3	3115	17	4754	4541	0.003744	0	3	4754	0	0	0	nan	0	0	0	0.014493	0.002643	0.014493	0.002643	0.431648	0.078717
6	U	14	3229	3129	0.004474	0	3	3229	20	4846	4726	0.004232	0	3	4846	0	0	0	nan	0	0	0	0.000242	0.001525	0.000242	0.001525	0.007208	0.045419
7	A	19	3354	3235	0.005873	0	3	3354	14	4991	4822	0.002903	0	3	4991	0	0	0	nan	0	0	0	0.002970	0.001555	0.002970	0.001555	0.088456	0.046313
8	U	763	3568	3453	0.220967	0	3	3568	903	5169	5021	0.179845	0	3	5169	0	0	0	nan	0	0	0	0.041123	0.009991	nan	nan	nan	nan
9	A	118	3901	3734	0.031601	0	3	3901	12	5520	5312	0.002259	0	3	5520	0	0	0	nan	0	0	0	0.029342	0.002981	0.029342	0.002981	0.873898	0.088784
10	G	67	4165	3977	0.016847	0	3	4165	77	5542	5334	0.014436	0	3	5542	0	0	0	nan	0	0	0	0.002411	0.002635	0.002411	0.002635	0.071807	0.078479
11	C	28	4216	3999	0.007002	0	3	4216	26	5591	5355	0.004855	0	3	5591	0	0	0	nan	0	0	0	0.002146	0.001630	0.002146	0.001630	0.063915	0.048547
12	U	47	4358	4141	0.011350	0	3	4358	70	5845	5580	0.012545	0	4	5845	0	0	0	nan	0	0	0	-0.001195	0.002234	-0.001195	0.002234	-0.035591	0.066536
13	C	20	4404	4215	0.004745	0	3	4404	17	5899	5670	0.002998	0	4	5899	0	0	0	nan	0	0	0	0.001747	0.001286	0.001747	0.001286	0.052031	0.038301
14	A	40	4456	4251	0.009410	0	3	4456	5	5990	5755	0.000869	0	4	5990	0	0	0	nan	0	0	0	0.008541	0.001538	0.008541	0.001538	0.254378	0.045807
15	G	39	4494	4222	0.009237	0	3	4494	32	6000	5668	0.005646	0	5	6000	0	0	0	nan	0	0	0	0.003592	0.001784	0.003592	0.001784	0.106981	0.053133
16	U	128	4714	4376	0.029250	0	3	4714	213	6360	5928	0.035931	0	6	6360	0	0	0	nan	0	0	0	-0.006681	0.003570	-0.006681	0.003570	-0.198981	0.106326
17	U	7	4805	4432	0.001579	0	4	4805	11	6511	6044	0.001820	0	6	6511	0	0	0	nan	0	0	0	-0.000241	0.000811	-0.000241	0.000811	-0.007178	0.024154
18	G	43	4838	4508	0.009539	0	4	4838	45	6597	6193	0.007266	0	6	6597	0	0	0	nan	0	0	0	0.002272	0.001814	0.002272	0.001814	0.067667	0.054027
19	G	79	4890	4593	0.017200	0	4	4890	56	6639	6275	0.008924	0	6	6639	0	0	0	nan	0	0	0	0.008276	0.002273	0.008276	0.002273	0.246486	0.067697
20	U	63	4926	4699	0.013407	0	4	4926	100	6663	6394	0.015640	0	7	6663	0	0	0	nan	0	0	0	-0.002233	0.002302	-0.002233	0.002302	-0.066506	0.068561
21	A	9	4934	4744	0.001897	0	4	4934	17	6673	6407	0.002653	0	7	6673	0	0	0	nan	0	0	0	-0.000756	0.000902	-0.000756	0.000902	-0.022516	0.026864
22	G	27	4943	4680	0.005769	0	4	4943	14	6683	6299	0.002223	0	7	6683	0	0	0	nan	0	0	0	0.003547	0.001259	0.003547	0.001259	0.105641	0.037497
23	A	30	4944	4611	0.006506	0	4	4944	14	6691	6238	0.002244	0	7	6691	0	0	0	nan	0	0	0	0.004262	0.001331	0.004262	0.001331	0.126936	0.039641
24	G	136	4948	4597	0.029585	0	4	4948	56	6690	6254	0.008954	0	7	6690	0	0	0	nan	0	0	0	0.020630	0.002805	0.020630	0.002805	0.614427	0.083542
25	C	28	4953	4704	0.005952	0	4	4953	32	6694	6412	0.004991	0	7	6694	0	0	0	nan	0	0	0	0.000962	0.001430	0.000962	0.001430	0.028651	0.042590
26	A	645	4954	4672	0.138057	0	4	4954	15	6691	6392	0.002347	0	7	6691	0	0	0	nan	0	0	0	0.135710	0.005470	0.135710	0.005470	4.041875	0.162914
27	G	80	4959	4696	0.017036	0	4	4959	70	6697	6392	0.010951	0	7	6697	0	0	0	nan	0	0	0	0.006085	0.002311	0.006085	0.002311	0.181231	0.068829
28	C	34	4959	4643	0.007323	0	4	4959	29	6697	6296	0.004606	0	7	6697	0	0	0	nan	0	0	0	0.002717	0.001519	0.002717	0.001519	0.080921	0.045241
29	G	110	4957	4665	0.023580	0	4	4957	71	6695	6322	0.011231	0	7	6695	0	0	0	nan	0	0	0	0.012349	0.002614	0.012349	0.002614	0.367792	0.077853
30	C	28	4957	4678	0.005985	0	4	4957	15	6695	6359	0.002359	0	7	6695	0	0	0	nan	0	0	0	0.003627	0.001285	0.003627	0.001285	0.108024	0.038271
31	A	53	4956	4700	0.011277	0	6	4956	46	6694	6393	0.007195	0	11	6694	0	0	0	nan	0	0	0	0.004081	0.001877	0.004081	0.001877	0.121545	0.055903
32	U	63	4954	4688	0.013439	0	11	4954	86	6692	6385	0.013469	0	16	6692	0	0	0	nan	0	0	0	-0.000031	0.002231	-0.000031	0.002231	-0.000923	0.066446
33	U	61	4952	4664	0.013079	0	29	4952	62	6692	6339	0.009781	0	28	6692	0	0	0	nan	0	0	0	0.003298	0.002085	0.003298	0.002085	0.098225	0.062098
34	C	292	4951	4631	0.063053	0	36	4951	38	6691	6307	0.006025	0	32	6691	0	0	0	nan	0	0	0	0.057028	0.003817	0.057028	0.003817	1.698475	0.113682
35	G	185	4948	4567	0.040508	0	40	4948	34	6691	6245	0.005444	0	33	6691	0	0	0	nan	0	0	0	0.035064	0.003121	0.035064	0.003121	1.044317	0.092953
36	U	53	4947	4600	0.011522	0	45	4947	60	6689	6277	0.009559	0	42	6689	0	0	0	nan	0	0	0	0.001963	0.002007	0.001963	0.002007	0.058464	0.059775
37	A	163	4945	4658	0.034994	0	49	4945	254	6687	6366	0.039899	0	45	6687	0	0	0	nan	0	0	0	-0.004906	0.003712	-0.004906	0.003712	-0.146116	0.110555
38	A	118	4945	4705	0.025080	0	55	4945	32	6685	6405	0.004996	0	51	6685	0	0	0	nan	0	0	0	0.020084	0.002472	0.020084	0.002472	0.598165	0.073624
39	U	40	4944	4632	0.008636	0	57	4944	58	6684	6301	0.009205	0	53	6684	0	0	0	nan	0	0	0	-0.000569	0.001824	-0.000569	0.001824	-0.016947	0.054325
40	G	108	4943	4540	0.023789	0	60	4943	62	6684	6209	0.009986	0	54	6684	0	0	0	nan	0	0	0	0.013803	0.002617	0.013803	0.002617	0.411097	0.077943
41	C	54	4943	4536	0.011905	0	61	4943	60	6684	6214	0.009656	0	54	6684	0	0	0	nan	0	0	0	0.002249	0.002044	0.002249	0.002044	0.066982	0.060877
42	G	116	4942	4623	0.025092	0	62	4942	31	6683	6317	0.004907	0	54	6683	0	0	0	nan	0	0	0	0.020185	0.002491	0.020185	0.002491	0.601173	0.074190
43	A	58	4941	4728	0.012267	0	62	4941	20	6682	6438	0.003107	0	55	6682	0	0	0	nan	0	0	0	0.009161	0.001754	0.009161	0.001754	0.272844	0.052240
44	A	38	4938	4747	0.008005	0	62	4938	22	6677	6467	0.003402	0	56	6677	0	0	0	nan	0	0	0	0.004603	0.001487	0.004603	0.001487	0.137092	0.044288
45	G	124	4936	4572	0.027122	0	63	4936	62	6671	6294	0.009851	0	56	6671	0	0	0	nan	0	0	0	0.017271	0.002738	0.017271	0.002738	0.514385	0.081546
46	G	828	4932	4547	0.182098	0	64	4932	1261	6669	6208	0.203125	0	56	6669	0	0	0	nan	0	0	0	-0.021027	0.008530	nan	nan	nan	nan
47	U	57	4931	4558	0.012505	0	67	4931	51	6669	6205	0.008219	0	59	6669	0	0	0	nan	0	0	0	0.004286	0.002017	0.004286	0.002017	0.127651	0.060073
48	C	31	4930	4565	0.006791	0	68	4930	35	6667	6172	0.005671	0	61	6667	0	0	0	nan	0	0	0	0.001120	0.001551	0.001120	0.001551	0.033357	0.046194
49	G	132	4928	4573	0.028865	0	68	4928	40	6663	6207	0.006444	0	61	6663	0	0	0	nan	0	0	0	0.022421	0.002711	0.022421	0.002711	0.667769	0.080742
50	U	53	4924	4578	0.011577	0	68	4924	65	6663	6206	0.010474	0	62	6663	0	0	0	nan	0	0	0	0.001103	0.002053	0.001103	0.002053	0.032851	0.061145
51	A	50	4921	4629	0.010801	0	68	4921	30	6661	6332	0.004738	0	63	6661	0	0	0	nan	0	0	0	0.006064	0.001755	0.006064	0.001755	0.180605	0.052269
52	G	67	4917	4595	0.014581	0	68	4917	83	6659	6281	0.013214	0	63	6659	0	0	0	nan	0	0	0	0.001367	0.002297	0.001367	0.002297	0.040714	0.068412
53	G	145	4912	4568	0.031743	0	68	4912	90	6650	6246	0.014409	0	63	6650	0	0	0	nan	0	0	0	0.017333	0.003042	0.017333	0.003042	0.516232	0.090600
54	U	96	4910	4560	0.021053	0	68	4910	216	6647	6233	0.034654	0	64	6647	0	0	0	nan	0	0	0	-0.013602	0.003190	-0.013602	0.003190	-0.405111	0.095008
55	U	85	4909	4562	0.018632	0	68	4909	121	6642	6227	0.019432	0	64	6642	0	0	0	nan	0	0	0	-0.000799	0.002684	-0.000799	0.002684	-0.023797	0.079938
56	C	100	4902	4535	0.022051	0	68	4902	117	6637	6182	0.018926	0	64	6637	0	0	0	nan	0	0	0	0.003125	0.002815	0.003125	0.002815	0.093072	0.083840
57	G	6	4898	4388	0.001367	0	68	4898	25	6632	5995	0.004170	0	64	6632	0	0	0	nan	0	0	0	-0.002803	0.001004	-0.002803	0.001004	-0.083482	0.029902
58	A	2411	4891	4305	0.560046	0	68	4891	32	6626	5966	0.005364	0	64	6626	0	0	0	nan	0	0	0	0.554683	0.011445	0.554683	0.011445	16.520223	0.340868
59	C	141	4891	4364	0.032310	0	68	4891	48	6624	6001	0.007999	0	64	6624	0	0	0	nan	0	0	0	0.024311	0.002956	0.024311	0.002956	0.724059	0.088039
60	U	22	4890	4455	0.004938	0	68	4890	58	6622	6138	0.009449	0	63	6622	0	0	0	nan	0	0	0	-0.004511	0.001627	-0.004511	0.001627	-0.134352	0.048457
61	C	31	4888	4422	0.007010	0	68	4888	61	6622	6072	0.010046	0	63	6622	0	0	0	nan	0	0	0	-0.003036	0.001800	-0.003036	0.001800	-0.090422	0.053610
62	C	37	4886	4397	0.008415	0	68	4886	45	6622	6055	0.007432	0	63	6622	0	0	0	nan	0	0	0	0.000983	0.001772	0.000983	0.001772	0.029277	0.052776
63	U	32	4884	4443	0.007202	0	68	4884	31	6619	6088	0.005092	0	63	6619	0	0	0	nan	0	0	0	0.002110	0.001568	0.002110	0.001568	0.062843	0.046700
64	A	32	4882	4482	0.007140	0	68	4882	44	6616	6131	0.007177	0	62	6616	0	0	0	nan	0	0	0	-0.000037	0.001662	-0.000037	0.001662	-0.001102	0.049500
65	U	61	4878	4431	0.013767	0	68	4878	85	6613	6060	0.014026	0	62	6613	0	0	0	nan	0	0	0	-0.000260	0.002328	-0.000260	0.002328	-0.007744	0.069335
66	U	25	4870	4280	0.005841	0	68	4870	21	6608	5942	0.003534	0	62	6608	0	0	0	nan	0	0	0	0.002307	0.001400	0.002307	0.001400	0.068710	0.041696
67	A	58	4868	4290	0.013520	0	67	4868	38	6603	5988	0.006346	0	62	6603	0	0	0	nan	0	0	0	0.007174	0.002052	0.007174	0.002052	0.213665	0.061115
68	U	64	4863	4223	0.015155	0	67	4863	75	6598	5986	0.012529	0	62	6598	0	0	0	nan	0	0	0	0.002626	0.002384	0.002626	0.002384	0.078211	0.071003
69	C	48	4856	4047	0.011861	0	67	4856	60	6592	5724	0.010482	0	62	6592	0	0	0	nan	0	0	0	0.001378	0.002182	0.001378	0.002182	0.041041	0.064987
70	G	114	4851	3855	0.029572	0	67	4851	58	6587	5482	0.010580	0	62	6587	0	0	0	nan	0	0	0	0.018992	0.003099	0.018992	0.003099	0.565642	0.092298
71	G	223	4848	3912	0.057004	0	67	4848	88	6585	5489	0.016032	0	62	6585	0	0	0	nan	0	0	0	0.040972	0.004182	0.040972	0.004182	1.220276	0.124553
72	C	58	4848	3971	0.014606	0	67	4848	80	6584	5503	0.014538	0	62	6584	0	0	0	nan	0	0	0	0.000068	0.002514	0.000068	0.002514	0.002025	0.074875
73	A	252	4843	4225	0.059645	0	67	4843	61	6580	5830	0.010463	0	62	6580	0	0	0	nan	0	0	0	0.049182	0.003989	0.049182	0.003989	1.464796	0.118805
74	C	241	4833	4192	0.057490	0	67	4833	38	6569	5798	0.006554	0	62	6569	0	0	0	nan	0	0	0	0.050936	0.003853	0.050936	0.003853	1.517036	0.114755
75	C	145	4825	4173	0.034747	0	67	4825	6	6556	5960	0.001007	0	62	6556	0	0	0	nan	0	0	0	0.033740	0.002915	0.033740	0.002915	1.004884	0.086818
76	A	0	4620	0	nan	0	64	4620	0	6465	0	nan	0	60	6465	0	0	0	nan	0	0	0	nan	nan	nan	nan	nan	nan