0.000000
0.000000
0.237289
0.742413
0.092500
0.168416
0.000000
0.000000
0.436046
0.616501
0.000000
0.000000
0.259810
0.325898
0.112277
0.000000
0.514911
0.527072
0.850000
0.000000
0.090575
0.000000
0.096144
0.396246
0.085743
0.647252
0.336545
0.418808
0.193312
0.069569
0.007289
0.000000
0.244045
0.850000
0.850000
0.131399
0.000000
0.329174
0.222302
0.587264
0.482603
0.000000
0.000000
0.044510
0.078004
0.243963
0.051921
0.569739
0.117109
0.091722
0.252644
0.560976
0.060766
0.014700
0.297932
0.000000
0.850000
0.000000
0.000000
0.000000
0.160062
0.000000
0.566791
0.000000
0.281757
0.272421
0.486657
0.463235
0.850000
0.200314
0.055934
0.850000
0.850000
0.850000
0.000000
