0.000000
0.000000
0.632072
0.093551
0.000000
0.059632
0.019151
0.000000
0.643369
0.309621
0.152591
0.011109
0.036742
0.405539
0.187532
0.000000
0.000000
0.223871
0.100275
0.764517
0.000000
0.063721
0.134731
0.264621
0.850000
0.000000
0.850000
0.223709
0.103799
0.602485
0.000000
0.000000
0.000000
0.067352
0.000000
0.226157
0.007935
0.163754
0.850000
0.850000
0.036716
0.000000
0.850000
0.000000
0.272502
0.435395
0.850000
0.754000
0.000000
0.349376
0.000619
0.000000
0.057158
0.439080
0.000000
0.033380
0.115499
0.044462
0.850000
0.168085
0.000000
0.000000
0.006321
0.000000
0.382971
0.000000
0.139169
0.000000
0.315189
0.850000
0.081958
0.850000
0.165260
0.850000
0.500138
0.311369
0.000000
