0.000000
0.000000
0.093806
0.000000
0.069449
0.129197
0.850000
0.000000
0.850000
0.305673
0.000000
0.000000
0.043350
0.533356
0.049636
0.000000
0.000000
0.133843
0.170771
0.000000
0.000000
0.008950
0.108769
0.212174
0.836706
0.034878
0.850000
0.072934
0.097700
0.000000
0.049089
0.267447
0.654491
0.000000
0.168380
0.434801
0.002699
0.000000
0.850000
0.000000
0.244422
0.195094
0.048065
0.000000
0.372252
0.115703
0.405559
0.000000
0.013186
0.049568
0.070782
0.203975
0.629758
0.850000
0.000000
0.067400
0.384516
0.000000
0.850000
0.112151
0.000000
0.000000
0.000000
0.000000
0.850000
0.033512
0.030506
0.795986
0.000000
0.000000
0.802203
0.115362
0.000000
0.850000
0.850000
0.850000
0.000000
