Nucleotide	Sequence	Modified_mutations	Modified_read_depth	Modified_effective_depth	Modified_rate	Modified_off_target_mapped_depth	Modified_low_mapq_mapped_depth	Modified_mapped_depth	Untreated_mutations	Untreated_read_depth	Untreated_effective_depth	Untreated_rate	Untreated_off_target_mapped_depth	Untreated_low_mapq_mapped_depth	Untreated_mapped_depth	Denatured_mutations	Denatured_read_depth	Denatured_effective_depth	Denatured_rate	Denatured_off_target_mapped_depth	Denatured_low_mapq_mapped_depth	Denatured_mapped_depth	Reactivity_profile	Std_err	HQ_profile	HQ_stderr	Norm_profile	Norm_stderr
1	G	0	2501	2432	0.000000	0	13	2501	0	2941	2875	0.000000	0	14	2941	0	0	0	nan	0	0	0	0.000000	0.000000	0.000000	0.000000	0.000000	0.000000
2	C	0	2741	2600	0.000000	0	14	2741	0	3020	2901	0.000000	0	16	3020	0	0	0	nan	0	0	0	0.000000	0.000000	0.000000	0.000000	0.000000	0.000000
3	G	141	2776	2676	0.052691	0	15	2776	17	3042	2960	0.005743	0	16	3042	0	0	0	nan	0	0	0	0.046947	0.004651	0.046947	0.004651	0.950929	0.094208
4	A	38	2837	2735	0.013894	0	16	2837	12	3053	2963	0.004050	0	16	3053	0	0	0	nan	0	0	0	0.009844	0.002539	0.009844	0.002539	0.199394	0.051428
5	A	31	2869	2787	0.011123	0	16	2869	10	3055	2978	0.003358	0	16	3055	0	0	0	nan	0	0	0	0.007765	0.002262	0.007765	0.002262	0.157283	0.045818
6	G	127	2891	2740	0.046350	0	16	2891	48	3060	2915	0.016467	0	16	3060	0	0	0	nan	0	0	0	0.029884	0.004750	0.029884	0.004750	0.605311	0.096213
7	G	169	2921	2733	0.061837	0	16	2921	46	3068	2879	0.015978	0	16	3068	0	0	0	nan	0	0	0	0.045859	0.005308	0.045859	0.005308	0.928891	0.107516
8	U	51	3013	2791	0.018273	0	17	3013	78	3110	2904	0.026860	0	16	3110	0	0	0	nan	0	0	0	-0.008586	0.003974	-0.008586	0.003974	-0.173913	0.080495
9	G	57	3040	2814	0.020256	0	17	3040	42	3131	2942	0.014276	0	16	3131	0	0	0	nan	0	0	0	0.005980	0.003471	0.005980	0.003471	0.121127	0.070306
10	G	153	3098	2922	0.052361	0	19	3098	50	3178	3018	0.016567	0	17	3178	0	0	0	nan	0	0	0	0.035794	0.004838	0.035794	0.004838	0.725021	0.097995
11	C	54	3152	3008	0.017952	0	19	3152	40	3211	3062	0.013063	0	17	3211	0	0	0	nan	0	0	0	0.004889	0.003199	0.004889	0.003199	0.099029	0.064797
12	G	68	3174	3027	0.022464	0	19	3174	51	3231	3075	0.016585	0	17	3231	0	0	0	nan	0	0	0	0.005879	0.003580	0.005879	0.003580	0.119081	0.072514
13	G	53	3205	3073	0.017247	0	19	3205	33	3252	3107	0.010621	0	18	3252	0	0	0	nan	0	0	0	0.006626	0.003005	0.006626	0.003005	0.134212	0.060867
14	A	7	3415	3192	0.002193	0	19	3415	3	3607	3347	0.000896	0	21	3607	0	0	0	nan	0	0	0	0.001297	0.000977	0.001297	0.000977	0.026271	0.019789
15	A	411	3538	3310	0.124169	0	21	3538	567	3720	3455	0.164110	0	21	3720	0	0	0	nan	0	0	0	-0.039941	0.009220	nan	nan	nan	nan
16	U	169	19649	18706	0.009035	0	76	19649	243	22774	21798	0.011148	0	76	22774	0	0	0	nan	0	0	0	-0.002113	0.000997	-0.002113	0.000997	-0.042800	0.020195
17	U	41	22847	21500	0.001907	0	85	22847	44	26196	24821	0.001773	0	86	26196	0	0	0	nan	0	0	0	0.000134	0.000400	0.000134	0.000400	0.002714	0.008102
18	G	356	23976	22564	0.015777	0	89	23976	522	27635	26044	0.020043	0	93	27635	0	0	0	nan	0	0	0	-0.004266	0.001212	-0.004266	0.001212	-0.086409	0.024550
19	G	683	24951	23722	0.028792	0	91	24951	310	28187	26781	0.011575	0	95	28187	0	0	0	nan	0	0	0	0.017216	0.001283	0.017216	0.001283	0.348716	0.025988
20	U	265	26223	25270	0.010487	0	97	26223	419	28473	27403	0.015290	0	96	28473	0	0	0	nan	0	0	0	-0.004804	0.000986	-0.004804	0.000986	-0.097307	0.019972
21	A	133	26394	25549	0.005206	0	98	26394	111	28588	27717	0.004005	0	96	28588	0	0	0	nan	0	0	0	0.001201	0.000590	0.001201	0.000590	0.024327	0.011951
22	G	295	26643	25503	0.011567	0	98	26643	112	28675	27482	0.004075	0	97	28675	0	0	0	nan	0	0	0	0.007492	0.000776	0.007492	0.000776	0.151753	0.015718
23	A	3949	26760	25603	0.154240	0	99	26760	172	28814	27543	0.006245	0	97	28814	0	0	0	nan	0	0	0	0.147995	0.002500	0.147995	0.002500	2.997693	0.050638
24	C	242	26945	25797	0.009381	0	100	26945	205	28850	27610	0.007425	0	97	28850	0	0	0	nan	0	0	0	0.001956	0.000795	0.001956	0.000795	0.039620	0.016103
25	G	500	26978	26087	0.019167	0	100	26978	253	28878	27955	0.009050	0	96	28878	0	0	0	nan	0	0	0	0.010116	0.001029	0.010116	0.001029	0.204903	0.020843
26	C	217	27036	25861	0.008391	0	100	27036	206	28927	27794	0.007412	0	95	28927	0	0	0	nan	0	0	0	0.000979	0.000769	0.000979	0.000769	0.019830	0.015576
27	G	488	27047	25994	0.018774	0	100	27047	326	28953	27961	0.011659	0	95	28953	0	0	0	nan	0	0	0	0.007114	0.001067	0.007114	0.001067	0.144097	0.021612
28	C	361	27073	25919	0.013928	0	99	27073	348	29011	27976	0.012439	0	94	29011	0	0	0	nan	0	0	0	0.001489	0.000991	0.001489	0.000991	0.030160	0.020073
29	U	205	27151	26360	0.007777	0	99	27151	207	29229	28488	0.007266	0	94	29229	0	0	0	nan	0	0	0	0.000511	0.000742	0.000511	0.000742	0.010350	0.015029
30	A	168	27196	26368	0.006371	0	99	27196	65	29322	28510	0.002280	0	94	29322	0	0	0	nan	0	0	0	0.004091	0.000567	0.004091	0.000567	0.082865	0.011485
31	G	865	27213	26422	0.032738	0	99	27213	325	29336	28565	0.011378	0	94	29336	0	0	0	nan	0	0	0	0.021360	0.001280	0.021360	0.001280	0.432655	0.025927
32	C	317	27230	26179	0.012109	0	99	27230	292	29368	28369	0.010293	0	94	29368	0	0	0	nan	0	0	0	0.001816	0.000908	0.001816	0.000908	0.036784	0.018392
33	U	300	27285	26250	0.011429	0	98	27285	358	29484	28529	0.012549	0	94	29484	0	0	0	nan	0	0	0	-0.001120	0.000936	-0.001120	0.000936	-0.022686	0.018959
34	U	367	27413	26453	0.013874	0	97	27413	443	29725	28880	0.015339	0	94	29725	0	0	0	nan	0	0	0	-0.001466	0.001027	-0.001466	0.001027	-0.029694	0.020802
35	C	1771	27475	26793	0.066099	0	96	27475	141	29827	29218	0.004826	0	94	29827	0	0	0	nan	0	0	0	0.061274	0.001622	0.061274	0.001622	1.241128	0.032854
36	A	823	27540	26843	0.030660	0	96	27540	695	29900	29219	0.023786	0	94	29900	0	0	0	nan	0	0	0	0.006874	0.001399	0.006874	0.001399	0.139235	0.028337
37	G	446	27551	26462	0.016854	0	94	27551	127	29921	28848	0.004402	0	90	29921	0	0	0	nan	0	0	0	0.012452	0.000889	0.012452	0.000889	0.252220	0.018007
38	G	10769	27559	25928	0.415342	0	91	27559	12028	29927	28092	0.428165	0	89	29927	0	0	0	nan	0	0	0	-0.012822	0.005591	nan	nan	nan	nan
39	U	483	27669	26181	0.018448	0	91	27669	712	30089	28540	0.024947	0	90	30089	0	0	0	nan	0	0	0	-0.006499	0.001256	-0.006499	0.001256	-0.131640	0.025441
40	G	333	27699	26288	0.012667	0	91	27699	93	30129	28674	0.003243	0	90	30129	0	0	0	nan	0	0	0	0.009424	0.000771	0.009424	0.000771	0.190887	0.015617
41	U	525	27763	26451	0.019848	0	91	27763	643	30199	28753	0.022363	0	90	30199	0	0	0	nan	0	0	0	-0.002515	0.001236	-0.002515	0.001236	-0.050942	0.025036
42	U	150	27800	26425	0.005676	0	84	27800	140	30237	28822	0.004857	0	82	30237	0	0	0	nan	0	0	0	0.000819	0.000619	0.000819	0.000619	0.016589	0.012538
43	A	226	27808	26369	0.008571	0	81	27808	81	30249	28789	0.002814	0	78	30249	0	0	0	nan	0	0	0	0.005757	0.000650	0.005757	0.000650	0.116610	0.013166
44	G	967	27809	25505	0.037914	0	76	27809	231	30249	27802	0.008309	0	72	30249	0	0	0	nan	0	0	0	0.029605	0.001336	0.029605	0.001336	0.599660	0.027061
45	U	206	27809	25468	0.008089	0	72	27809	254	30251	27718	0.009164	0	68	30251	0	0	0	nan	0	0	0	-0.001075	0.000805	-0.001075	0.000805	-0.021775	0.016306
46	G	379	27809	25368	0.014940	0	62	27809	138	30252	27497	0.005019	0	62	30252	0	0	0	nan	0	0	0	0.009921	0.000878	0.009921	0.000878	0.200954	0.017784
47	U	229	27811	26042	0.008793	0	57	27811	279	30257	28356	0.009839	0	58	30257	0	0	0	nan	0	0	0	-0.001046	0.000827	-0.001046	0.000827	-0.021187	0.016751
48	C	0	27812	25733	0.000000	0	56	27812	2	30257	28042	0.000071	0	56	30257	0	0	0	nan	0	0	0	-0.000071	0.000050	-0.000071	0.000050	-0.001438	0.001013
49	C	150	27808	25988	0.005772	0	57	27808	80	30251	28433	0.002814	0	55	30251	0	0	0	nan	0	0	0	0.002958	0.000567	0.002958	0.000567	0.059915	0.011485
50	U	277	27805	25991	0.010658	0	60	27805	225	30248	28382	0.007928	0	55	30248	0	0	0	nan	0	0	0	0.002730	0.000830	0.002730	0.000830	0.055297	0.016812
51	U	280	27799	26764	0.010462	0	62	27799	166	30239	29176	0.005690	0	57	30239	0	0	0	nan	0	0	0	0.004772	0.000765	0.004772	0.000765	0.096659	0.015495
52	A	1510	27793	26793	0.056358	0	63	27793	148	30227	29256	0.005059	0	58	30227	0	0	0	nan	0	0	0	0.051299	0.001509	0.051299	0.001509	1.039080	0.030565
53	C	1801	27787	26540	0.067860	0	65	27787	227	30221	29025	0.007821	0	58	30221	0	0	0	nan	0	0	0	0.060039	0.001681	0.060039	0.001681	1.216112	0.034049
54	G	737	27772	26004	0.028342	0	65	27772	321	30207	28558	0.011240	0	60	30207	0	0	0	nan	0	0	0	0.017102	0.001218	0.017102	0.001218	0.346407	0.024671
55	G	1560	27767	25394	0.061432	0	65	27767	116	30199	27717	0.004185	0	61	30199	0	0	0	nan	0	0	0	0.057247	0.001603	0.057247	0.001603	1.159559	0.032469
56	A	326	27759	25667	0.012701	0	66	27759	146	30194	27968	0.005220	0	61	30194	0	0	0	nan	0	0	0	0.007481	0.000826	0.007481	0.000826	0.151530	0.016731
57	C	232	27745	25964	0.008935	0	66	27745	241	30185	28325	0.008508	0	61	30185	0	0	0	nan	0	0	0	0.000427	0.000803	0.000427	0.000803	0.008649	0.016265
58	G	715	27724	26167	0.027324	0	68	27724	250	30166	28639	0.008729	0	64	30166	0	0	0	nan	0	0	0	0.018595	0.001161	0.018595	0.001161	0.376649	0.023516
59	U	460	27703	25894	0.017765	0	73	27703	414	30147	28392	0.014582	0	66	30147	0	0	0	nan	0	0	0	0.003183	0.001095	0.003183	0.001095	0.064473	0.022180
60	G	552	27688	25694	0.021484	0	73	27688	305	30125	28139	0.010839	0	69	30125	0	0	0	nan	0	0	0	0.010645	0.001105	0.010645	0.001105	0.215618	0.022382
61	G	281	27637	25708	0.010930	0	74	27637	259	30055	28111	0.009213	0	70	30055	0	0	0	nan	0	0	0	0.001717	0.000868	0.001717	0.000868	0.034778	0.017582
62	G	323	27583	25623	0.012606	0	74	27583	269	29982	27988	0.009611	0	70	29982	0	0	0	nan	0	0	0	0.002995	0.000914	0.002995	0.000914	0.060665	0.018513
63	G	399	27380	22909	0.017417	0	74	27380	273	29715	23857	0.011443	0	69	29715	0	0	0	nan	0	0	0	0.005974	0.001114	0.005974	0.001114	0.121006	0.022564
64	G	737	24527	10820	0.068115	0	74	24527	136	25127	6470	0.021020	0	66	25127	0	0	0	nan	0	0	0	0.047095	0.003089	0.047095	0.003089	0.953927	0.062569
65	U	132	17706	10115	0.013050	0	70	17706	62	15918	5646	0.010981	0	52	15918	0	0	0	nan	0	0	0	0.002069	0.001799	0.002069	0.001799	0.041908	0.036439
66	U	136	16906	5201	0.026149	0	69	16906	90	15020	2164	0.041590	0	51	15020	0	0	0	nan	0	0	0	-0.015441	0.004924	-0.015441	0.004924	-0.312763	0.099737
67	C	245	13654	4483	0.054651	0	62	13654	28	9077	1997	0.014021	0	38	9077	0	0	0	nan	0	0	0	0.040630	0.004383	0.040630	0.004383	0.822976	0.088779
68	A	35	13362	3795	0.009223	0	59	13362	28	8911	1639	0.017084	0	38	8911	0	0	0	nan	0	0	0	-0.007861	0.003585	-0.007861	0.003585	-0.159227	0.072615
69	A	3190	11556	5302	0.601660	0	54	11556	22	7282	2474	0.008892	0	36	7282	0	0	0	nan	0	0	0	0.592767	0.010820	0.592767	0.010820	12.006715	0.219163
70	G	29	10957	4955	0.005853	0	49	10957	62	6720	2409	0.025737	0	35	6720	0	0	0	nan	0	0	0	-0.019884	0.003445	-0.019884	0.003445	-0.402758	0.069780
71	U	17	10645	2785	0.006104	0	49	10645	10	6632	1667	0.005999	0	35	6632	0	0	0	nan	0	0	0	0.000105	0.002406	0.000105	0.002406	0.002127	0.048734
72	C	63	10517	2488	0.025322	0	47	10517	47	6545	1538	0.030559	0	35	6545	0	0	0	nan	0	0	0	-0.005238	0.005482	-0.005238	0.005482	-0.106098	0.111040
73	C	87	10503	2541	0.034238	0	47	10503	55	6534	1592	0.034548	0	35	6534	0	0	0	nan	0	0	0	-0.000309	0.005931	-0.000309	0.005931	-0.006259	0.120135
74	C	88	10484	5257	0.016740	0	46	10484	100	6531	3171	0.031536	0	35	6531	0	0	0	nan	0	0	0	-0.014796	0.003623	-0.014796	0.003623	-0.299698	0.073385
75	C	348	10472	7104	0.048986	0	46	10472	332	6519	4522	0.073419	0	35	6519	0	0	0	nan	0	0	0	-0.024432	0.004810	nan	nan	nan	nan
76	C	283	10408	7717	0.036672	0	46	10408	252	6488	4797	0.052533	0	35	6488	0	0	0	nan	0	0	0	-0.015861	0.003963	nan	nan	nan	nan
77	C	22	10292	7525	0.002924	0	44	10292	23	6414	4763	0.004829	0	35	6414	0	0	0	nan	0	0	0	-0.001905	0.001184	-0.001905	0.001184	-0.038586	0.023982
78	C	32	10093	6954	0.004602	0	43	10093	12	6262	4276	0.002806	0	35	6262	0	0	0	nan	0	0	0	0.001795	0.001148	0.001795	0.001148	0.036358	0.023253
79	C	56	9418	2509	0.022320	0	42	9418	15	5588	1316	0.011398	0	33	5588	0	0	0	nan	0	0	0	0.010921	0.004190	0.010921	0.004190	0.221209	0.084870
80	U	22	7369	2395	0.009186	0	36	7369	27	3871	1267	0.021310	0	30	3871	0	0	0	nan	0	0	0	-0.012124	0.004545	-0.012124	0.004545	-0.245576	0.092061
81	C	18	7290	2349	0.007663	0	36	7290	38	3838	1287	0.029526	0	30	3838	0	0	0	nan	0	0	0	-0.021863	0.005119	-0.021863	0.005119	-0.442843	0.103687
82	G	61	7050	3145	0.019396	0	35	7050	23	3751	1722	0.013357	0	30	3751	0	0	0	nan	0	0	0	0.006039	0.003731	0.006039	0.003731	0.122322	0.075573
83	C	7	6859	824	0.008495	0	35	6859	52	3622	575	0.090435	0	29	3622	0	0	0	nan	0	0	0	-0.081940	0.012946	nan	nan	nan	nan
84	A	128	6734	816	0.156863	0	35	6734	24	3543	607	0.039539	0	29	3543	0	0	0	nan	0	0	0	0.117324	0.016043	0.117324	0.016043	2.376441	0.324957
85	C	77	6684	802	0.096010	0	35	6684	5	3535	592	0.008446	0	29	3535	0	0	0	nan	0	0	0	0.087564	0.011575	0.087564	0.011575	1.773641	0.234456
86	C	67	6607	1433	0.046755	0	34	6607	1	3474	1094	0.000914	0	28	3474	0	0	0	nan	0	0	0	0.045841	0.005785	0.045841	0.005785	0.928526	0.117177
87	A	0	6017	0	nan	0	32	6017	0	3269	0	nan	0	26	3269	0	0	0	nan	0	0	0	nan	nan	nan	nan	nan	nan